1	94
1	84
1	104
1	3
1	32
1	47
1	25
1	89
1	92
1	91
1	17
1	9
1	53
1	115
1	74
1	64
1	76
1	22
1	113
1	60
1	5
1	66
1	79
1	4
1	48
1	15
1	20
1	59
1	33
1	31
1	57
1	43
1	112
1	21
1	34
1	77
1	78
1	36
1	81
1	99
1	55
1	37
1	102
1	56
1	23
1	61
1	86
1	101
1	27
1	11
2	39
2	94
2	25
2	3
2	46
2	106
2	36
2	52
2	109
2	27
2	16
2	56
2	84
2	69
2	76
2	11
2	32
2	31
2	70
2	95
2	105
2	24
2	54
2	96
2	22
2	103
2	53
2	60
2	104
2	30
2	51
2	74
2	80
2	116
2	83
2	111
2	14
2	68
2	57
2	42
2	48
2	78
2	72
2	6
2	18
2	26
2	62
2	93
2	98
2	40
2	15
2	1
2	87
2	29
2	19
2	92
2	66
2	20
2	100
2	23
2	65
2	73
2	85
2	91
2	63
2	97
2	34
2	112
2	90
2	28
2	7
2	8
2	35
2	82
2	37
2	88
2	38
2	4
2	49
2	101
2	86
2	44
3	84
3	5
3	106
3	66
3	35
3	4
3	22
3	31
3	113
3	20
3	47
3	43
3	89
3	37
3	114
3	115
3	30
3	59
3	42
3	68
3	54
3	94
3	14
3	7
3	76
3	57
3	56
3	10
3	101
3	16
3	9
3	29
3	28
3	32
3	103
3	45
3	83
3	33
3	36
3	60
3	98
3	74
3	87
3	95
3	15
3	38
3	99
3	109
3	24
3	112
3	27
3	78
3	11
3	61
3	46
3	72
3	21
3	40
3	26
3	73
3	39
3	105
3	23
3	104
3	17
3	53
3	48
3	71
3	102
3	82
3	93
3	62
3	75
3	49
3	51
3	64
3	65
3	86
3	41
3	85
3	81
4	30
4	107
4	31
4	84
4	110
4	72
4	36
4	94
4	11
4	32
4	105
4	78
4	42
4	46
4	106
4	41
4	91
4	103
4	69
4	67
4	37
4	17
4	74
4	1
4	66
4	93
4	112
4	90
4	109
4	70
4	95
4	2
4	50
4	6
4	116
4	48
4	68
4	56
4	8
4	14
4	38
4	80
4	3
4	19
4	58
4	111
4	28
4	76
4	73
4	44
4	55
4	60
4	25
4	20
4	88
4	89
4	100
4	104
4	81
4	27
4	53
4	15
4	52
4	16
4	92
4	97
4	54
4	108
4	87
4	82
4	24
4	57
4	26
4	22
4	49
4	77
4	114
4	45
4	40
4	83
4	85
4	96
4	29
4	23
4	71
4	21
4	98
4	62
4	12
4	113
4	65
4	75
4	39
4	102
4	63
4	79
4	13
4	101
4	9
4	51
4	35
4	115
5	66
5	111
5	11
5	40
5	36
5	6
5	53
5	106
5	31
5	80
5	67
5	42
5	71
5	48
5	38
5	20
5	19
5	52
5	41
5	3
5	47
5	68
5	115
5	78
5	97
5	46
5	82
5	83
5	116
5	107
5	32
5	27
5	25
5	100
5	95
5	89
5	94
5	91
5	93
5	44
5	84
5	103
5	12
5	92
5	85
5	113
5	74
5	56
5	88
5	109
5	37
5	49
5	62
5	15
5	29
5	30
5	28
5	39
5	43
5	60
5	108
5	90
5	70
5	63
5	77
5	104
5	76
5	98
5	69
5	105
5	112
5	101
5	22
5	1
5	57
5	7
5	2
5	16
5	87
5	8
5	45
5	14
5	96
5	24
5	54
5	26
5	72
5	73
5	21
5	99
5	58
5	18
5	17
5	50
5	65
5	110
5	51
5	34
5	64
5	23
5	75
5	35
5	33
5	102
5	10
5	114
5	13
6	31
6	3
6	49
6	22
6	53
6	57
6	26
6	29
6	78
6	52
6	36
6	32
6	56
6	37
6	11
6	42
6	40
6	20
6	94
6	48
6	72
6	91
6	59
6	114
6	113
6	68
6	60
6	70
6	62
6	103
6	71
6	5
6	2
6	54
6	98
6	81
6	84
6	74
6	15
6	1
6	104
6	64
6	83
6	33
6	27
6	17
6	100
6	76
6	10
6	77
6	66
6	93
6	4
6	105
6	21
6	115
6	106
6	44
6	50
6	38
6	79
6	112
6	111
6	13
6	7
6	96
6	39
6	67
6	43
6	108
6	46
6	82
6	65
6	34
6	90
6	16
6	80
6	109
6	8
6	97
7	98
7	39
7	76
7	113
7	31
7	100
7	78
7	110
7	106
7	38
7	32
7	60
7	1
7	8
7	67
7	46
7	84
7	62
7	3
7	92
7	93
7	20
7	68
7	104
7	94
7	71
7	96
7	47
7	11
7	29
7	53
7	45
7	16
7	24
7	30
7	56
7	105
7	40
7	59
7	54
7	52
7	49
7	21
7	97
7	57
7	55
7	63
7	70
7	103
7	26
7	64
7	36
7	107
7	74
7	95
7	42
7	9
7	116
7	48
7	6
7	114
7	43
8	39
8	31
8	29
8	2
8	42
8	108
8	95
8	78
8	52
8	106
8	68
8	104
8	103
8	98
8	77
8	32
8	16
8	80
8	36
8	30
8	56
8	53
8	111
8	93
8	11
8	20
8	64
8	105
8	48
8	3
8	70
8	59
8	17
8	40
8	54
8	74
8	6
8	38
8	46
8	22
8	67
8	88
8	44
8	49
8	87
8	28
8	112
8	72
8	94
8	73
8	51
8	85
8	84
9	54
9	84
9	106
9	11
9	46
9	32
9	52
9	48
9	113
9	98
9	82
9	31
9	22
9	94
9	5
9	103
9	39
9	68
9	93
9	105
9	12
9	38
9	30
9	70
9	42
9	17
9	49
9	36
9	80
9	78
9	1
9	19
9	37
9	71
9	104
9	44
9	40
9	81
9	59
9	10
9	116
9	53
9	95
9	77
9	3
9	56
9	33
9	29
9	114
9	18
9	2
9	62
9	112
9	27
9	50
9	73
9	47
9	100
9	15
9	60
9	25
9	67
9	34
9	6
9	92
9	7
9	43
9	76
9	51
9	74
9	66
9	58
9	111
9	85
9	109
9	91
9	13
9	4
9	108
9	8
9	65
9	20
9	72
9	24
9	21
9	83
9	28
9	87
9	45
9	26
9	115
9	57
9	97
9	64
9	75
9	35
9	16
9	90
9	88
10	66
10	46
10	53
10	22
10	82
10	31
10	1
10	17
10	71
10	3
10	16
10	32
10	50
10	91
10	116
10	60
10	39
10	84
10	12
10	78
10	64
10	36
10	52
10	48
10	103
10	87
10	83
10	113
10	98
10	65
10	68
10	93
10	38
10	105
10	112
10	2
10	73
10	70
10	47
10	42
10	19
10	49
10	104
10	56
10	106
10	88
10	18
10	30
10	37
10	100
10	28
10	94
10	6
10	20
10	5
10	27
10	114
10	34
10	45
10	57
10	59
10	76
11	5
11	81
11	52
11	84
11	76
11	6
11	4
11	47
11	57
11	71
11	17
11	20
11	36
11	66
11	49
11	97
11	94
11	113
11	50
11	59
11	48
11	70
11	38
11	32
11	93
11	3
11	35
11	64
11	2
11	53
11	115
11	16
11	22
11	82
11	12
11	78
11	68
11	67
11	92
11	15
11	105
11	60
11	104
11	87
11	108
11	25
11	100
11	9
11	103
11	62
11	37
11	1
11	95
11	83
11	27
11	40
11	56
11	74
11	26
11	24
11	13
11	107
11	73
11	58
11	44
11	63
11	28
11	96
11	98
11	29
11	21
11	23
11	61
11	51
11	31
11	89
11	109
11	99
11	80
11	69
11	116
11	7
11	88
11	33
11	30
11	91
11	102
11	14
11	8
11	90
11	101
11	111
11	65
11	79
12	84
12	17
12	47
12	89
12	108
12	2
12	31
12	113
12	22
12	44
12	13
12	71
12	64
12	4
12	115
12	35
12	59
12	56
12	29
12	67
12	93
12	98
12	36
12	43
12	94
12	10
12	62
12	65
12	80
12	81
12	78
12	54
12	39
12	48
12	53
12	40
12	28
12	83
12	61
12	20
12	38
12	66
12	21
12	72
12	107
12	14
12	103
12	88
12	76
12	6
12	8
12	37
12	52
12	15
12	11
12	42
12	77
12	3
12	95
12	57
12	75
12	30
12	46
12	86
12	16
12	5
12	110
12	51
12	112
12	106
12	68
13	94
13	42
13	17
13	56
13	91
13	48
13	15
13	84
13	31
13	71
13	2
13	70
13	27
13	7
13	104
13	83
13	113
13	115
13	64
13	22
13	66
13	32
13	65
13	111
13	59
13	29
13	60
13	11
13	72
13	52
13	68
13	98
13	81
13	67
13	103
13	5
13	20
13	4
13	50
13	101
13	53
13	95
13	109
13	33
13	78
13	40
13	3
13	89
13	108
13	51
13	1
13	87
13	105
13	34
13	63
13	57
13	49
13	35
13	75
13	41
13	46
13	93
13	90
13	54
13	100
13	6
13	82
14	46
14	84
14	38
14	42
14	100
14	71
14	22
14	59
14	60
14	70
14	31
14	53
14	113
14	94
14	36
14	64
14	39
14	4
14	80
14	65
14	17
14	29
14	56
14	11
14	93
14	5
14	20
14	54
14	10
14	69
14	115
14	72
14	48
14	32
14	98
14	7
14	1
14	78
14	49
14	57
14	92
14	66
14	33
14	62
14	19
14	91
14	103
14	112
14	40
14	81
14	68
14	21
14	104
14	52
14	2
14	28
14	106
14	96
14	51
14	47
14	34
14	83
14	99
14	114
15	98
15	3
15	52
15	106
15	67
15	108
15	82
15	100
15	53
15	28
15	45
15	88
15	34
15	29
15	44
15	116
15	8
15	31
15	32
15	36
15	46
15	30
15	68
15	50
15	78
15	66
15	23
15	56
15	112
15	39
15	95
15	74
15	93
15	16
15	38
15	94
15	11
15	113
15	80
15	49
15	25
15	84
15	59
15	111
15	1
15	104
15	97
15	20
15	18
15	40
16	113
16	81
16	32
16	93
16	31
16	2
16	69
16	48
16	54
16	108
16	37
16	84
16	36
16	38
16	29
16	71
16	8
16	104
16	11
16	68
16	24
16	53
16	64
16	115
16	70
16	10
16	65
16	103
16	44
16	78
16	57
16	77
16	80
16	91
16	72
16	56
16	22
16	100
16	3
16	14
16	17
16	50
16	82
16	1
16	98
16	5
16	33
16	46
16	92
16	19
16	112
16	21
16	35
16	59
16	20
16	94
16	73
16	105
16	60
16	26
16	114
16	42
16	88
16	61
16	40
16	52
16	28
16	96
16	6
16	76
16	74
16	47
16	4
16	97
16	106
16	87
16	13
16	34
16	62
16	49
16	25
16	30
16	86
16	95
16	39
16	15
17	67
17	66
17	11
17	46
17	106
17	20
17	4
17	80
17	53
17	113
17	16
17	103
17	45
17	71
17	84
17	65
17	32
17	48
17	37
17	29
17	35
17	3
17	27
17	93
17	85
17	28
17	91
17	94
17	70
17	38
17	52
17	2
17	25
17	33
17	95
17	50
17	62
17	31
17	42
17	59
17	104
17	24
17	43
17	78
17	5
17	56
17	36
17	54
17	73
17	68
17	12
17	39
17	47
17	34
17	1
17	72
17	75
17	97
17	69
17	74
17	57
17	58
17	92
17	60
17	90
17	49
17	88
17	108
17	111
17	44
17	63
17	18
17	82
17	10
17	98
17	9
17	76
17	105
17	15
17	22
17	116
17	83
17	6
17	96
17	100
17	30
17	21
17	13
17	107
17	40
17	112
17	89
17	102
17	26
17	101
17	79
17	87
17	110
17	7
17	8
17	109
17	51
17	77
17	114
17	86
18	17
18	67
18	113
18	81
18	97
18	59
18	94
18	6
18	82
18	105
18	115
18	16
18	78
18	84
18	48
18	71
18	28
18	88
18	22
18	64
18	116
18	31
18	53
18	103
18	95
18	5
18	20
18	108
18	32
18	40
18	50
18	37
18	89
18	38
18	83
18	24
18	2
18	63
18	4
18	70
18	44
18	12
18	52
18	1
18	58
18	73
18	47
18	26
18	36
18	60
18	27
18	107
18	68
18	104
18	57
18	96
18	7
18	85
19	31
19	11
19	32
19	16
19	72
19	1
19	100
19	30
19	38
19	46
19	54
19	42
19	98
19	48
19	78
19	56
19	80
19	12
19	73
19	6
19	36
19	106
19	40
19	64
19	3
19	103
19	84
19	29
19	93
19	68
19	112
19	94
19	88
19	74
19	35
19	18
19	53
19	114
19	5
19	105
19	62
19	47
19	96
19	39
19	113
19	104
19	66
19	63
19	95
19	69
19	23
19	83
19	97
19	67
19	58
19	22
19	71
19	17
19	76
19	52
19	59
19	65
19	34
19	26
19	14
19	110
19	2
19	24
19	15
19	82
19	116
19	51
19	44
20	30
20	78
20	91
20	94
20	42
20	31
20	8
20	36
20	56
20	19
20	84
20	67
20	46
20	73
20	26
20	75
20	32
20	69
20	41
20	57
20	93
20	80
20	82
20	71
20	55
20	17
20	3
20	81
20	53
20	103
20	11
20	14
20	48
20	107
20	29
20	38
20	2
20	88
20	6
20	95
20	70
20	27
20	28
20	89
20	98
20	106
20	110
20	37
20	105
20	4
20	85
20	111
20	83
20	68
20	16
20	39
20	104
20	54
20	72
20	66
20	112
20	96
20	109
20	60
20	116
20	62
20	74
20	1
20	34
20	77
20	49
20	100
20	22
20	24
20	33
20	44
20	40
20	87
20	108
20	18
20	92
20	43
20	25
20	21
20	23
20	59
20	114
20	76
20	52
20	99
20	97
20	101
20	12
20	45
20	64
20	90
20	113
20	5
20	65
20	63
20	13
20	58
20	79
20	7
20	50
20	86
20	15
21	78
21	57
21	106
21	98
21	31
21	108
21	84
21	32
21	68
21	39
21	33
21	28
21	30
21	45
21	29
21	115
21	107
21	11
21	80
21	52
21	17
21	82
21	18
21	63
21	46
21	47
21	100
21	3
21	97
21	105
21	93
21	112
21	4
21	48
21	103
21	12
21	36
21	16
21	61
21	22
21	116
21	92
21	2
21	65
21	26
21	54
21	53
21	35
21	69
21	44
21	37
21	1
21	72
21	71
21	95
21	73
21	85
21	64
21	87
21	66
21	20
21	14
21	70
21	62
21	23
21	19
21	38
21	94
21	6
21	15
21	67
21	77
21	5
21	40
21	113
21	42
21	88
21	49
21	74
21	111
21	43
21	59
21	24
21	83
21	27
21	86
22	11
22	106
22	41
22	50
22	46
22	70
22	116
22	109
22	4
22	8
22	73
22	12
22	84
22	1
22	39
22	16
22	43
22	52
22	82
22	78
22	71
22	47
22	17
22	112
22	66
22	94
22	107
22	56
22	14
22	57
22	67
22	45
22	31
22	53
22	3
22	35
22	89
22	18
22	68
22	48
22	38
22	114
22	55
22	36
22	80
22	32
22	98
22	69
22	74
22	21
22	30
22	23
22	93
22	113
22	40
22	28
22	65
22	83
22	111
22	104
22	77
22	64
22	79
22	20
22	60
22	25
22	76
22	110
22	29
22	72
22	26
22	103
22	54
22	24
22	49
22	19
22	108
22	97
22	95
22	101
22	2
22	87
22	62
22	34
22	85
22	75
22	37
22	42
22	6
22	105
22	5
22	96
23	29
23	39
23	28
23	114
23	31
23	68
23	106
23	45
23	97
23	14
23	55
23	32
23	78
23	30
23	93
23	60
23	36
23	110
23	75
23	95
23	72
23	21
23	98
23	113
23	6
23	54
23	104
23	42
23	1
23	89
23	57
23	74
23	40
23	77
23	63
23	79
23	85
23	46
23	17
23	37
23	111
23	56
24	11
24	29
24	38
24	2
24	31
24	84
24	60
24	36
24	53
24	17
24	104
24	81
24	72
24	10
24	106
24	112
24	48
24	40
24	68
24	42
24	46
24	32
24	94
24	64
24	92
24	54
24	98
24	71
24	85
24	59
24	100
24	6
24	39
24	61
24	116
24	69
24	22
24	3
24	56
24	82
24	105
24	73
24	1
24	95
24	80
24	52
24	62
24	103
24	7
24	4
24	77
24	113
24	78
24	43
24	65
24	49
24	34
24	114
24	57
24	93
24	50
24	5
24	66
24	58
24	30
24	86
24	115
24	74
24	83
24	70
25	27
25	36
25	109
25	112
25	53
25	96
25	94
25	116
25	2
25	104
25	68
25	90
25	46
25	31
25	72
25	17
25	107
25	103
25	62
25	76
25	84
25	26
25	32
25	87
25	3
25	30
25	7
25	92
25	83
25	29
25	57
25	52
25	79
25	95
25	1
25	44
25	64
25	93
25	113
25	11
25	56
25	106
25	74
25	60
25	20
25	24
25	38
25	85
25	100
25	71
25	37
25	98
25	54
25	108
25	101
25	97
26	40
26	84
26	98
26	37
26	3
26	92
26	20
26	38
26	76
26	83
26	112
26	53
26	78
26	32
26	115
26	113
26	36
26	33
26	5
26	22
26	1
26	94
26	72
26	30
26	49
26	29
26	4
26	8
26	87
26	68
26	66
26	56
26	42
26	31
26	35
26	82
26	52
26	104
26	109
26	39
26	59
26	17
26	47
26	97
26	93
26	71
26	54
26	60
26	57
26	106
26	51
26	103
26	80
26	77
27	110
27	8
27	104
27	30
27	28
27	77
27	111
27	36
27	93
27	89
27	79
27	21
27	35
27	6
27	12
27	90
27	95
27	41
27	31
27	32
27	55
27	74
27	78
27	103
27	38
27	11
27	113
27	53
27	107
27	106
27	1
28	38
28	31
28	98
28	52
28	114
28	42
28	40
28	4
28	17
28	47
28	5
28	70
28	36
28	69
28	71
28	84
28	22
28	72
28	29
28	59
28	113
28	78
28	111
28	80
28	109
28	3
28	76
28	94
28	2
28	66
28	56
28	68
28	1
28	104
28	20
28	26
28	27
28	49
28	74
28	35
28	43
28	64
28	53
28	48
28	34
28	91
28	54
28	11
28	60
28	112
28	81
28	57
28	61
28	46
28	21
28	37
28	62
28	13
28	32
28	115
28	97
28	106
28	88
28	105
28	77
28	33
28	103
28	44
28	108
28	23
28	15
28	102
28	65
28	83
28	51
28	101
28	16
29	30
29	84
29	78
29	71
29	36
29	104
29	4
29	32
29	94
29	38
29	2
29	35
29	100
29	22
29	52
29	113
29	83
29	68
29	57
29	59
29	20
29	3
29	42
29	5
29	115
29	76
29	47
29	56
29	39
29	10
29	89
29	9
29	26
29	37
29	62
29	53
29	33
29	60
29	106
29	49
29	66
29	8
29	93
29	31
29	87
29	40
29	74
29	19
29	70
29	46
29	1
29	21
29	61
29	112
29	15
29	23
29	99
29	51
29	48
29	27
29	90
29	25
29	98
29	79
29	72
29	96
29	101
29	43
29	102
29	44
29	103
29	109
29	86
29	7
29	107
29	54
29	91
29	114
30	28
30	67
30	73
30	6
30	23
30	63
30	96
30	108
30	16
30	14
30	97
30	88
30	44
30	50
30	39
30	82
30	105
30	103
30	58
30	65
30	95
30	24
30	90
30	91
30	62
30	12
30	68
30	107
30	31
30	85
30	1
31	84
31	89
31	2
31	71
31	103
31	29
31	57
31	66
31	116
31	53
31	27
31	32
31	8
31	46
31	47
31	30
31	113
31	26
31	3
31	88
31	22
31	64
31	42
31	67
31	52
31	82
31	17
31	35
31	81
31	4
31	38
31	78
31	1
31	70
31	107
31	56
31	112
31	94
31	33
31	65
31	98
31	68
31	5
31	37
31	63
31	111
31	93
31	76
31	16
31	73
31	23
31	62
31	104
31	91
31	34
31	11
31	7
31	28
31	39
31	20
31	83
31	96
31	59
31	108
31	85
31	100
31	106
31	109
31	48
31	50
31	40
31	87
31	95
31	36
31	115
31	49
31	43
31	69
31	74
31	14
31	9
31	99
31	15
31	25
31	60
31	105
31	58
31	10
31	92
31	51
31	80
31	44
31	6
31	24
31	90
31	97
31	79
31	61
31	12
31	21
31	77
31	102
31	45
31	18
31	72
31	55
31	75
31	101
31	110
31	54
31	86
31	114
31	41
32	84
32	22
32	33
32	106
32	37
32	39
32	5
32	113
32	4
32	30
32	31
32	59
32	94
32	104
32	35
32	47
32	63
32	15
32	43
32	20
32	42
32	109
32	9
32	76
32	36
32	112
32	66
32	115
32	111
32	46
32	83
32	40
32	53
32	23
32	29
32	27
32	102
32	72
32	99
32	60
32	61
32	89
32	114
32	71
32	54
32	64
32	80
32	48
32	77
32	105
32	68
32	98
32	78
32	56
32	16
32	49
32	11
32	25
32	96
32	93
32	6
32	103
32	38
32	3
32	86
32	51
32	7
32	10
32	87
33	52
33	46
33	113
33	79
33	38
33	3
33	36
33	76
33	11
33	60
33	80
33	74
33	48
33	71
33	93
33	31
33	104
33	53
33	110
33	25
33	109
33	22
33	94
33	30
33	111
33	98
33	103
33	23
33	78
33	2
33	82
33	106
33	97
33	5
33	68
33	112
33	12
33	47
33	61
33	32
33	39
33	28
33	83
33	34
33	57
33	101
33	7
33	20
33	55
33	73
33	56
33	16
33	96
33	95
33	89
33	26
33	18
33	10
33	107
34	84
34	106
34	94
34	22
34	81
34	105
34	16
34	64
34	115
34	71
34	17
34	89
34	113
34	80
34	56
34	5
34	45
34	27
34	76
34	30
34	28
34	59
34	3
34	36
34	35
34	46
34	42
34	61
34	18
34	20
34	4
34	31
34	97
34	66
34	7
34	2
34	39
34	51
34	11
34	103
34	85
34	69
34	112
34	109
34	37
34	86
34	75
34	25
34	87
34	1
34	96
34	70
35	38
35	110
35	31
35	104
35	52
35	3
35	40
35	19
35	16
35	17
35	65
35	70
35	41
35	36
35	116
35	30
35	69
35	103
35	32
35	112
35	95
35	22
35	48
35	106
35	73
35	6
35	68
35	93
35	2
35	107
35	13
35	50
35	98
35	109
35	108
35	111
35	60
35	84
35	55
35	71
35	78
35	56
35	46
35	105
35	94
35	115
35	67
35	39
35	53
35	24
35	72
35	100
35	34
35	20
35	15
35	11
35	82
35	66
35	27
35	91
35	54
35	18
35	89
35	87
35	85
35	7
35	83
35	21
35	28
35	23
35	96
35	4
35	63
35	42
35	81
35	29
35	76
36	31
36	54
36	103
36	8
36	17
36	30
36	22
36	112
36	84
36	106
36	90
36	94
36	18
36	52
36	109
36	57
36	95
36	100
36	115
36	60
36	114
36	26
36	83
36	6
36	72
36	2
36	16
36	78
36	3
36	33
36	104
36	108
36	32
36	42
36	11
36	62
36	111
36	46
36	20
36	43
36	56
36	85
36	80
36	48
36	77
36	98
36	82
36	74
36	49
36	91
36	107
36	87
36	38
36	13
36	65
36	105
36	89
36	14
36	73
36	5
36	12
36	59
36	40
36	70
36	68
36	50
36	53
36	93
36	76
36	24
36	81
36	4
36	29
36	71
36	1
36	69
36	64
36	88
36	39
36	35
36	113
36	67
36	66
36	37
36	97
36	34
36	15
36	58
36	47
36	44
36	63
36	45
36	55
36	19
36	92
36	75
36	21
36	23
36	25
36	61
36	7
36	28
36	116
36	96
36	51
36	27
36	99
36	101
36	102
36	86
36	10
37	76
37	110
37	23
37	55
37	109
37	79
37	101
37	10
37	80
37	46
37	74
37	1
37	78
37	89
37	77
37	7
37	107
37	73
37	111
37	82
37	11
37	106
37	86
37	69
37	52
37	48
37	98
37	105
37	85
38	115
38	22
38	84
38	4
38	20
38	47
38	113
38	5
38	37
38	98
38	30
38	59
38	94
38	35
38	99
38	9
38	43
38	10
38	89
38	76
38	66
38	112
38	33
38	31
38	114
38	102
38	61
38	21
38	48
38	15
38	72
38	83
38	74
38	57
38	3
38	87
38	44
38	27
38	86
38	36
38	101
38	68
39	53
39	31
39	83
39	87
39	2
39	27
39	29
39	52
39	46
39	84
39	48
39	94
39	57
39	70
39	78
39	109
39	112
39	23
39	71
39	32
39	104
39	16
39	74
39	59
39	4
39	40
39	68
39	49
39	38
39	65
39	114
39	66
39	17
39	98
39	54
39	36
39	3
39	22
39	8
39	106
39	50
39	30
39	25
39	93
39	113
39	82
39	115
39	91
39	7
39	101
39	9
39	62
39	72
39	42
39	105
39	110
39	77
39	76
39	64
39	34
39	56
39	33
39	5
39	51
39	58
39	1
39	20
39	37
39	116
39	63
39	96
39	60
39	111
39	103
39	61
39	18
39	100
39	44
39	14
39	21
39	15
39	45
39	88
39	90
39	79
39	73
39	47
39	81
39	6
39	67
39	86
39	10
39	24
39	12
39	89
39	107
39	69
39	26
39	43
39	13
39	28
39	80
40	84
40	89
40	76
40	17
40	71
40	59
40	64
40	94
40	115
40	22
40	5
40	113
40	32
40	37
40	81
40	78
40	112
40	98
40	4
40	2
40	10
40	53
40	92
40	104
40	52
40	20
40	9
40	3
40	66
40	68
40	93
40	35
40	62
40	61
40	8
40	15
40	101
40	33
40	109
40	21
40	57
40	38
40	7
40	49
40	39
40	56
40	72
40	36
40	102
40	87
40	31
40	106
40	11
40	70
40	23
40	86
40	27
40	43
40	74
40	116
41	31
41	78
41	36
41	106
41	94
41	103
41	29
41	95
41	32
41	68
41	88
41	20
41	71
41	17
41	47
41	58
41	11
41	3
41	39
41	46
41	72
41	84
41	104
41	52
41	25
41	9
41	64
41	77
41	116
41	105
41	48
41	53
41	98
41	22
41	54
41	113
41	30
41	40
41	26
41	100
41	93
41	67
41	27
41	35
41	114
41	42
41	56
41	50
41	38
41	112
41	66
41	16
41	57
41	108
41	4
41	13
41	6
41	61
41	115
41	5
41	65
41	45
41	21
41	28
41	82
41	70
41	83
41	73
41	75
41	43
41	80
41	74
41	107
41	86
41	85
41	33
41	15
41	49
41	18
41	111
41	96
42	84
42	71
42	89
42	56
42	64
42	113
42	81
42	17
42	2
42	22
42	4
42	115
42	59
42	5
42	20
42	94
42	33
42	35
42	109
42	10
42	37
42	53
42	9
42	66
42	3
42	36
42	76
42	32
42	61
42	92
42	74
42	26
42	15
42	31
42	49
42	78
42	98
42	102
42	27
42	52
42	60
42	51
42	87
42	29
42	57
42	86
42	70
42	7
42	34
42	54
42	18
42	83
42	40
42	112
42	108
42	43
43	46
43	113
43	71
43	17
43	37
43	106
43	59
43	84
43	115
43	5
43	11
43	28
43	62
43	81
43	64
43	94
43	47
43	95
43	27
43	78
43	20
43	22
43	112
43	36
43	3
43	105
43	80
43	18
43	61
43	111
43	48
43	32
43	52
43	53
43	31
43	70
43	93
43	39
43	67
43	66
43	69
43	68
43	35
43	42
43	89
43	38
43	85
43	73
43	30
43	74
43	4
43	44
43	58
43	33
43	49
43	41
43	2
43	82
43	50
43	109
43	10
43	86
43	14
43	15
43	97
43	116
44	31
44	84
44	72
44	36
44	68
44	20
44	60
44	59
44	69
44	46
44	15
44	114
44	1
44	52
44	5
44	81
44	53
44	64
44	50
44	78
44	17
44	83
44	98
44	71
44	65
44	40
44	56
44	33
44	96
44	103
44	75
44	54
44	105
44	76
44	48
44	80
44	106
44	39
44	38
44	22
44	32
44	11
44	57
44	89
44	82
44	49
44	7
44	42
44	21
44	27
44	29
44	113
44	77
44	62
44	9
44	19
44	93
44	13
44	47
44	2
44	116
44	94
44	26
44	24
44	37
44	16
44	112
44	3
44	115
44	86
44	74
44	92
45	31
45	84
45	46
45	38
45	98
45	70
45	40
45	32
45	97
45	54
45	105
45	1
45	77
45	36
45	72
45	3
45	56
45	29
45	52
45	109
45	78
45	68
45	22
45	94
45	26
45	112
45	106
45	42
45	5
45	60
45	64
45	104
45	57
45	43
45	34
45	76
45	83
45	28
45	51
45	2
45	13
45	53
45	11
45	6
45	74
45	93
45	59
45	75
45	20
45	113
45	71
45	48
45	49
45	95
45	4
45	100
45	39
45	114
45	65
45	18
46	89
46	116
46	84
46	64
46	112
46	113
46	52
46	31
46	53
46	78
46	49
46	25
46	48
46	94
46	3
46	93
46	83
46	1
46	5
46	59
46	17
46	4
46	81
46	29
46	20
46	106
46	38
46	22
46	70
46	68
46	47
46	71
46	32
46	2
46	109
46	15
46	27
46	62
46	36
46	39
46	56
46	7
46	100
46	73
46	8
46	96
46	16
46	66
46	104
46	35
46	98
46	40
46	87
46	88
46	115
46	82
46	57
46	37
46	34
46	54
46	80
46	33
46	51
46	60
46	77
46	50
46	11
46	103
46	23
46	105
46	42
46	28
46	111
46	69
46	99
46	72
46	76
46	97
46	9
46	92
46	14
46	44
46	10
46	74
46	114
46	95
46	65
46	18
46	26
46	45
46	58
46	91
46	6
46	43
46	30
46	13
46	21
46	90
46	108
46	67
46	61
46	75
46	79
46	12
46	102
46	85
46	101
46	24
46	63
46	41
46	86
47	32
47	94
47	34
47	36
47	109
47	45
47	46
47	19
47	116
47	84
47	39
47	31
47	93
47	83
47	71
47	50
47	27
47	98
47	38
47	112
47	65
47	2
47	53
47	78
47	60
47	64
47	17
47	15
47	56
47	13
47	115
47	103
47	70
47	105
47	43
47	66
47	68
47	1
47	99
47	35
47	48
47	59
47	42
47	29
47	20
47	30
47	4
47	9
47	90
47	25
47	85
47	72
47	16
47	3
47	6
47	24
47	95
47	73
47	22
47	82
47	100
47	88
47	11
47	44
47	18
47	52
47	10
47	104
47	76
47	7
47	12
47	106
47	28
47	49
47	111
47	114
47	58
47	74
47	81
47	108
47	57
47	40
47	54
47	51
47	80
47	67
47	8
47	87
47	62
47	14
47	96
47	97
47	26
47	91
47	33
47	92
47	69
47	21
47	37
47	110
47	23
47	5
47	77
47	113
47	86
47	75
47	61
47	63
47	41
47	107
47	89
47	79
48	84
48	66
48	22
48	11
48	32
48	91
48	93
48	80
48	20
48	69
48	95
48	42
48	94
48	38
48	100
48	72
48	106
48	98
48	18
48	60
48	103
48	33
48	58
48	50
48	115
48	31
48	16
48	37
48	73
48	57
48	5
48	70
48	39
48	71
48	78
48	3
48	4
48	2
48	14
48	68
48	53
48	36
48	88
48	111
48	52
48	56
48	65
48	44
48	7
48	40
48	104
48	96
48	25
48	113
48	6
48	46
48	28
48	97
48	87
48	8
48	9
48	92
48	82
48	101
48	27
48	49
48	112
48	29
48	62
48	74
48	1
48	35
48	59
48	105
48	83
48	51
48	19
48	76
48	15
48	108
48	12
48	85
48	21
48	75
48	107
48	17
48	89
48	34
48	61
48	30
48	116
48	67
48	26
48	99
48	24
48	54
48	41
48	43
48	114
48	64
49	71
49	8
49	31
49	113
49	78
49	84
49	32
49	89
49	20
49	115
49	4
49	66
49	47
49	68
49	30
49	94
49	43
49	23
49	5
49	36
49	59
49	77
49	2
49	37
49	35
49	52
49	10
49	22
49	3
49	98
49	92
49	38
49	87
49	61
49	53
49	54
49	60
49	39
49	16
49	112
49	21
49	99
49	101
49	17
49	40
49	7
49	97
49	76
49	106
49	93
49	1
49	95
49	11
49	51
49	86
49	56
49	96
49	46
49	83
49	33
49	29
49	109
50	78
50	31
50	52
50	84
50	35
50	4
50	71
50	93
50	22
50	48
50	98
50	36
50	76
50	104
50	69
50	115
50	113
50	47
50	5
50	100
50	64
50	37
50	53
50	112
50	29
50	94
50	70
50	111
50	80
50	10
50	66
50	56
50	106
50	32
50	72
50	54
50	17
50	49
50	42
50	74
50	92
50	81
50	26
50	40
50	103
50	61
50	91
50	20
50	68
50	65
50	46
50	21
50	59
50	77
50	97
50	44
50	57
50	23
50	82
50	11
50	1
50	3
50	27
50	25
50	86
50	79
50	114
51	78
51	98
51	22
51	104
51	39
51	106
51	53
51	46
51	80
51	111
51	4
51	93
51	3
51	48
51	5
51	103
51	57
51	11
51	29
51	32
51	12
51	71
51	40
51	90
51	94
51	36
51	31
51	6
51	21
51	95
51	62
51	100
51	82
51	47
51	68
51	38
51	2
51	50
51	73
51	28
51	52
51	30
51	14
51	74
51	84
51	115
51	116
51	108
51	105
51	56
51	20
51	42
51	49
51	1
51	113
52	113
52	47
52	84
52	4
52	59
52	5
52	22
52	31
52	115
52	20
52	35
52	76
52	89
52	94
52	66
52	8
52	43
52	110
52	10
52	109
52	107
52	98
52	33
52	99
52	48
52	37
52	15
52	9
52	7
52	101
52	61
52	21
52	79
52	102
52	92
52	87
52	28
52	83
52	56
52	51
52	86
52	90
52	42
53	84
53	76
53	4
53	31
53	42
53	113
53	1
53	38
53	33
53	22
53	37
53	35
53	39
53	94
53	16
53	20
53	29
53	5
53	47
53	104
53	98
53	3
53	83
53	59
53	24
53	54
53	64
53	30
53	46
53	81
53	66
53	105
53	106
53	43
53	74
53	70
53	75
53	115
53	60
53	32
53	78
53	50
53	109
53	7
53	52
53	11
53	93
53	62
53	28
53	17
53	14
53	40
53	56
53	68
53	112
53	61
53	26
53	51
53	65
53	82
53	9
53	27
53	67
53	34
53	36
53	71
53	87
53	89
53	10
53	101
53	72
53	23
53	6
53	58
53	102
53	97
53	57
53	103
53	15
53	114
53	48
53	86
54	84
54	22
54	17
54	46
54	89
54	64
54	71
54	65
54	4
54	57
54	32
54	2
54	113
54	115
54	49
54	91
54	112
54	3
54	81
54	93
54	20
54	59
54	66
54	29
54	37
54	83
54	106
54	56
54	98
54	5
54	53
54	40
54	10
54	27
54	78
54	92
54	7
54	51
54	94
54	76
54	108
54	43
54	15
54	1
54	87
54	33
54	48
54	35
54	9
54	34
54	36
54	62
54	104
54	68
54	61
54	58
54	101
54	99
54	79
54	23
54	26
54	11
54	52
54	72
54	82
54	47
54	38
54	90
54	25
54	111
54	70
54	102
54	60
54	16
54	74
54	39
54	86
54	42
55	31
55	78
55	67
55	11
55	97
55	30
55	113
55	38
55	65
55	32
55	116
55	46
55	98
55	84
55	93
55	44
55	36
55	14
55	27
55	103
55	111
55	42
55	68
55	95
55	62
55	48
55	29
55	108
55	9
55	74
55	24
55	104
55	3
55	53
55	94
55	112
55	71
55	6
55	66
55	73
55	16
55	18
55	58
55	4
55	106
55	37
55	56
55	72
55	88
55	85
55	80
55	20
55	40
55	87
55	49
55	54
55	52
55	23
55	77
55	83
55	90
55	64
55	5
55	47
55	105
55	39
55	92
55	57
55	33
55	60
55	59
55	114
55	12
55	17
55	1
55	8
55	96
55	25
55	70
55	82
55	43
55	13
55	2
55	102
55	28
55	100
55	115
55	26
56	81
56	66
56	5
56	64
56	84
56	17
56	94
56	106
56	3
56	26
56	71
56	59
56	8
56	89
56	42
56	113
56	115
56	20
56	7
56	98
56	78
56	4
56	29
56	10
56	37
56	22
56	35
56	30
56	53
56	2
56	32
56	68
56	15
56	27
56	57
56	50
56	23
56	48
56	104
56	33
56	55
56	9
56	21
56	52
56	31
56	92
56	61
56	49
56	12
56	36
56	93
56	74
56	38
56	76
56	87
56	40
56	109
56	25
56	80
56	70
56	45
56	91
56	16
56	41
56	51
56	101
56	107
56	112
56	86
56	1
56	75
56	72
56	95
57	84
57	66
57	4
57	115
57	25
57	94
57	47
57	113
57	31
57	20
57	22
57	37
57	15
57	5
57	30
57	101
57	106
57	68
57	43
57	39
57	98
57	9
57	78
57	48
57	38
57	16
57	87
57	35
57	64
57	40
57	10
57	42
57	76
57	65
57	59
57	54
57	36
57	61
57	99
57	33
57	102
57	32
57	7
57	69
57	3
57	46
57	83
57	95
57	26
57	52
57	49
57	89
57	11
57	1
57	103
57	23
57	111
57	72
57	97
57	71
57	29
57	60
57	21
57	58
57	109
57	18
58	38
58	42
58	11
58	89
58	46
58	44
58	78
58	64
58	31
58	69
58	82
58	29
58	98
58	15
58	56
58	54
58	84
58	39
58	77
58	53
58	35
58	60
58	9
58	48
58	1
58	75
58	80
58	36
58	16
58	112
58	93
58	32
58	114
58	14
58	49
58	2
58	71
58	115
58	20
58	94
58	103
58	70
58	5
58	27
58	4
58	106
58	17
58	12
58	66
58	13
58	88
58	40
58	62
58	65
58	43
58	113
58	72
58	68
58	37
58	59
58	67
58	22
58	116
58	105
59	36
59	20
59	27
59	106
59	104
59	116
59	70
59	113
59	6
59	46
59	3
59	22
59	60
59	48
59	69
59	89
59	52
59	26
59	32
59	37
59	105
59	11
59	72
59	95
59	66
59	78
59	71
59	109
59	115
59	47
59	31
59	88
59	24
59	2
59	41
59	112
59	94
59	84
59	68
59	85
59	83
59	55
59	19
59	25
59	80
59	38
59	74
59	56
59	82
59	103
59	100
59	49
59	75
59	91
59	53
59	98
59	93
59	30
59	29
59	16
59	97
59	39
59	67
59	107
59	92
59	13
59	62
59	1
59	111
59	108
59	44
59	23
59	57
59	96
59	73
59	58
59	18
59	42
59	110
59	9
59	61
59	21
59	8
59	87
59	63
59	40
59	14
59	12
59	28
59	43
59	54
59	15
59	45
59	50
59	99
59	77
59	76
59	7
59	33
59	65
59	34
60	84
60	20
60	4
60	59
60	47
60	113
60	7
60	43
60	22
60	5
60	31
60	10
60	30
60	89
60	115
60	94
60	67
60	6
60	66
60	9
60	37
60	11
60	104
60	61
60	21
60	35
60	42
60	53
60	99
60	39
60	17
60	29
60	106
60	98
60	82
60	13
60	92
60	102
60	56
60	32
60	19
60	86
60	38
60	87
61	98
61	38
61	48
61	69
61	84
61	39
61	46
61	116
61	47
61	22
61	71
61	31
61	82
61	44
61	3
61	16
61	52
61	73
61	106
61	105
61	30
61	94
61	70
61	40
61	62
61	32
61	29
61	90
61	36
61	68
61	112
61	11
61	76
61	53
61	2
61	100
61	93
61	37
61	108
61	58
61	104
61	92
61	83
61	54
61	12
61	81
61	28
61	103
61	8
61	88
61	64
61	109
61	21
61	113
61	56
61	17
61	19
61	25
61	59
61	78
61	77
61	15
61	66
61	1
61	43
61	20
61	57
61	27
61	89
61	51
61	80
61	50
61	60
61	91
61	45
61	72
61	75
61	67
61	65
61	42
61	6
61	86
62	22
62	84
62	113
62	7
62	47
62	20
62	4
62	89
62	42
62	59
62	115
62	10
62	66
62	5
62	9
62	37
62	76
62	33
62	43
62	35
62	102
62	99
62	46
62	61
62	36
62	21
62	53
62	94
62	27
62	110
62	23
62	86
62	109
63	53
63	71
63	81
63	29
63	114
63	68
63	47
63	69
63	84
63	83
63	42
63	36
63	20
63	1
63	32
63	5
63	48
63	11
63	62
63	4
63	113
63	17
63	109
63	31
63	52
63	33
63	80
63	115
63	98
63	40
63	60
63	77
63	66
63	56
63	64
63	49
63	3
63	103
63	57
63	78
63	91
63	21
63	104
63	54
63	46
63	94
63	25
63	27
63	59
63	22
63	100
63	90
63	26
63	74
63	38
63	75
63	106
63	35
63	43
63	72
63	73
63	50
64	47
64	113
64	45
64	98
64	27
64	76
64	78
64	82
64	94
64	46
64	12
64	11
64	116
64	91
64	48
64	39
64	84
64	70
64	32
64	6
64	2
64	53
64	68
64	22
64	31
64	52
64	36
64	3
64	104
64	50
64	57
64	103
64	65
64	60
64	42
64	100
64	71
64	106
64	20
64	4
64	38
64	25
64	17
64	23
64	66
64	87
64	95
64	88
64	28
64	18
64	16
64	74
64	35
64	111
64	93
64	14
64	73
64	81
64	67
64	108
64	58
64	77
64	115
64	5
64	107
64	29
64	43
64	83
64	8
64	96
64	80
64	37
64	26
64	10
64	92
64	56
64	97
64	109
64	62
64	49
64	112
64	1
64	30
64	69
64	33
64	105
64	85
64	89
64	13
64	19
64	72
64	9
64	44
64	40
64	21
64	59
64	63
64	7
64	102
64	99
64	51
64	24
64	15
64	86
64	90
64	75
64	101
64	61
64	41
65	59
65	17
65	78
65	91
65	81
65	20
65	24
65	69
65	71
65	22
65	84
65	4
65	66
65	36
65	89
65	64
65	70
65	115
65	49
65	2
65	5
65	34
65	83
65	56
65	42
65	48
65	113
65	46
65	112
65	107
65	38
65	94
65	3
65	31
65	72
65	37
65	39
65	52
65	32
65	51
65	98
65	43
65	29
65	61
65	92
65	40
65	15
65	93
65	109
65	77
65	33
65	104
65	106
65	53
65	26
65	11
65	1
65	103
65	76
65	68
65	80
65	25
65	16
65	105
65	73
65	86
65	82
65	54
66	84
66	22
66	98
66	113
66	40
66	37
66	94
66	74
66	59
66	20
66	109
66	33
66	23
66	93
66	4
66	103
66	5
66	52
66	106
66	111
66	67
66	35
66	31
66	115
66	68
66	56
66	39
66	78
66	46
66	1
66	32
66	63
66	87
66	18
66	30
66	38
66	104
66	28
66	72
66	85
66	108
66	16
66	97
66	24
66	36
66	3
66	107
66	42
66	14
66	82
66	11
66	29
66	88
66	83
66	62
66	57
66	53
66	54
66	79
66	90
66	2
66	44
66	73
67	31
67	53
67	91
67	98
67	17
67	70
67	36
67	112
67	64
67	20
67	35
67	84
67	13
67	71
67	42
67	29
67	48
67	78
67	11
67	56
67	96
67	69
67	52
67	3
67	40
67	113
67	26
67	73
67	5
67	4
67	88
67	94
67	107
67	72
67	80
67	93
67	114
67	32
67	62
67	14
67	54
67	95
67	83
67	115
67	47
67	106
67	23
67	1
67	27
67	81
67	74
67	66
67	61
67	6
67	77
67	59
67	103
67	46
67	92
67	43
67	38
67	21
67	49
67	111
67	57
67	89
67	22
67	30
67	97
67	65
67	2
67	100
67	44
67	37
67	34
67	105
68	94
68	113
68	84
68	22
68	89
68	4
68	47
68	5
68	66
68	20
68	23
68	87
68	35
68	37
68	15
68	115
68	53
68	59
68	98
68	32
68	10
68	76
68	7
68	9
68	43
68	109
68	104
68	33
68	99
68	111
68	27
68	51
68	61
68	21
68	31
68	8
68	29
68	34
68	19
68	36
68	56
68	103
68	102
68	79
68	101
68	83
68	78
68	72
68	86
68	44
68	71
68	25
68	77
68	106
69	81
69	27
69	78
69	4
69	32
69	36
69	94
69	17
69	20
69	93
69	59
69	37
69	92
69	106
69	53
69	38
69	3
69	34
69	8
69	103
69	26
69	31
69	104
69	71
69	84
69	49
69	14
69	91
69	60
69	72
69	42
69	108
69	5
69	70
69	100
69	85
69	52
69	30
69	46
69	11
69	76
69	98
69	113
69	18
69	16
69	39
69	54
69	112
69	105
69	68
69	96
69	62
69	97
69	115
69	107
69	6
69	65
69	22
69	66
69	29
69	7
69	80
69	43
69	67
69	75
69	28
69	74
69	1
69	82
69	24
69	19
69	56
69	95
69	44
69	33
69	15
70	84
70	46
70	83
70	3
70	11
70	78
70	22
70	52
70	82
70	94
70	98
70	32
70	66
70	116
70	42
70	36
70	31
70	59
70	103
70	35
70	50
70	20
70	67
70	104
70	90
70	93
70	68
70	15
70	40
70	113
70	4
70	23
70	37
70	39
70	53
70	5
70	100
70	27
70	60
70	80
70	111
70	109
70	44
70	51
70	63
70	64
70	108
70	62
70	57
70	48
70	81
70	10
70	74
70	106
70	1
70	56
70	33
70	9
70	115
70	17
70	87
70	25
70	19
70	95
70	38
70	61
70	54
70	8
70	6
70	2
70	58
70	75
70	96
70	49
70	24
70	21
70	71
70	97
70	76
70	85
70	105
70	45
70	28
70	47
70	91
70	16
70	99
70	12
70	89
70	101
70	26
70	30
70	73
70	29
70	72
70	7
70	112
70	114
70	86
70	34
71	39
71	8
71	31
71	11
71	30
71	106
71	70
71	36
71	52
71	22
71	84
71	28
71	3
71	68
71	100
71	104
71	15
71	53
71	32
71	1
71	46
71	58
71	56
71	67
71	59
71	78
71	91
71	98
71	113
71	83
71	38
71	16
71	20
71	48
71	74
71	80
71	6
71	66
71	94
71	103
71	18
71	42
71	112
71	63
71	95
71	93
71	50
71	5
71	69
71	4
71	60
71	92
71	108
71	114
71	73
71	54
71	2
71	110
71	72
71	49
71	97
71	111
71	57
71	76
71	88
71	45
71	19
71	40
71	77
71	25
71	96
71	33
71	17
71	85
71	47
71	34
71	29
71	64
71	27
71	82
71	105
71	79
71	116
71	26
71	62
71	24
71	87
71	7
71	81
71	115
71	89
71	90
71	14
71	13
71	44
71	43
71	23
71	75
71	86
71	109
72	3
72	94
72	78
72	52
72	113
72	84
72	89
72	36
72	81
72	22
72	68
72	64
72	98
72	5
72	17
72	112
72	32
72	50
72	4
72	35
72	20
72	56
72	34
72	59
72	42
72	9
72	60
72	104
72	26
72	53
72	103
72	47
72	51
72	16
72	115
72	14
72	6
72	91
72	106
72	66
72	10
72	82
72	65
72	62
72	57
72	2
72	71
72	93
72	46
72	15
72	83
72	27
72	70
72	108
72	33
72	109
72	76
72	39
72	38
72	40
72	48
72	87
72	105
72	25
72	67
72	24
72	37
72	61
72	43
72	111
72	63
72	44
72	95
72	74
72	1
72	92
72	18
72	28
72	88
72	21
72	23
72	69
72	99
72	8
72	11
72	58
72	29
72	73
72	107
72	96
72	49
72	7
72	75
72	77
72	80
72	97
72	102
72	86
72	30
72	85
73	89
73	31
73	84
73	42
73	77
73	11
73	54
73	46
73	64
73	94
73	36
73	106
73	82
73	98
73	113
73	56
73	22
73	71
73	3
73	32
73	15
73	24
73	72
73	80
73	16
73	17
73	26
73	27
73	40
73	47
73	53
73	103
73	74
73	108
73	50
73	39
73	35
73	20
73	5
73	69
73	105
73	59
73	81
73	21
73	78
73	49
73	92
73	1
73	68
73	66
73	115
73	48
73	93
73	114
73	75
73	112
73	76
73	25
73	38
73	65
73	2
73	29
73	51
73	109
73	4
73	43
73	86
73	37
73	70
74	84
74	66
74	22
74	35
74	5
74	76
74	115
74	20
74	43
74	31
74	113
74	4
74	47
74	53
74	3
74	106
74	9
74	33
74	30
74	59
74	62
74	94
74	56
74	112
74	87
74	21
74	15
74	37
74	101
74	68
74	7
74	78
74	39
74	32
74	63
74	23
75	89
75	94
75	46
75	82
75	52
75	20
75	31
75	73
75	3
75	47
75	84
75	113
75	98
75	40
75	1
75	68
75	30
75	11
75	80
75	57
75	116
75	56
75	69
75	16
75	93
75	22
75	60
75	105
75	59
75	106
75	39
75	15
75	17
75	12
75	36
75	62
75	53
75	38
75	5
75	10
75	103
75	42
75	95
75	6
75	71
75	54
75	49
75	63
75	26
75	104
75	66
75	29
75	4
75	32
75	48
75	9
75	43
75	92
75	78
75	112
75	34
75	67
75	18
75	88
75	83
75	27
75	19
75	74
75	72
75	115
75	37
75	23
75	85
75	44
75	114
75	109
75	76
75	87
75	64
75	24
75	50
75	2
75	13
75	28
75	99
75	14
75	35
75	96
75	25
75	108
75	65
75	70
75	8
75	61
75	45
75	81
75	90
75	102
75	21
75	7
75	51
75	79
75	58
75	77
75	100
75	97
75	33
75	111
75	91
75	86
76	78
76	39
76	31
76	55
76	84
76	98
76	11
76	46
76	79
76	70
76	104
76	106
76	110
76	22
76	93
76	36
76	87
76	50
76	77
76	80
76	3
76	56
76	83
76	57
76	67
76	68
76	48
76	53
76	112
76	60
76	66
76	52
76	111
76	62
76	32
76	14
76	6
76	74
76	88
76	103
76	35
76	40
76	82
76	105
76	16
76	94
76	38
76	25
76	28
76	43
76	115
76	13
76	54
76	33
76	65
76	20
76	21
76	97
76	49
76	47
76	41
76	89
76	64
76	30
76	71
76	12
76	95
76	100
76	72
76	75
76	45
76	29
77	84
77	95
77	113
77	2
77	36
77	8
77	22
77	81
77	71
77	3
77	85
77	78
77	43
77	64
77	94
77	4
77	56
77	68
77	109
77	57
77	97
77	16
77	47
77	6
77	49
77	42
77	98
77	15
77	53
77	38
77	32
77	93
77	76
77	46
77	30
77	104
77	11
77	20
77	87
77	52
77	23
77	44
77	83
77	5
77	33
77	29
77	115
77	80
77	17
77	66
77	59
77	106
77	74
77	45
77	1
77	100
77	88
77	73
77	70
77	40
77	103
77	108
77	18
77	60
77	39
77	62
77	50
77	89
77	34
77	41
77	24
77	86
77	65
77	67
77	37
77	107
77	35
77	82
77	31
77	90
77	72
77	58
78	89
78	84
78	66
78	30
78	8
78	33
78	22
78	20
78	4
78	15
78	115
78	113
78	7
78	94
78	74
78	47
78	91
78	98
78	35
78	5
78	59
78	37
78	46
78	44
78	31
78	9
78	99
78	109
78	23
78	76
78	43
78	48
78	56
78	10
78	103
78	101
78	77
78	45
78	50
78	6
78	105
78	79
78	27
78	110
78	102
78	71
78	36
78	61
78	60
78	21
78	38
78	93
78	32
78	114
78	28
78	57
78	39
78	64
78	25
78	116
78	112
78	19
78	55
78	87
78	106
78	107
78	83
78	97
78	73
78	58
78	11
78	95
78	92
78	29
78	75
78	49
78	2
78	14
78	53
78	68
78	86
78	34
78	17
78	104
78	52
78	51
79	31
79	22
79	112
79	56
79	78
79	106
79	46
79	82
79	77
79	105
79	48
79	84
79	3
79	26
79	36
79	68
79	19
79	80
79	32
79	93
79	54
79	11
79	42
79	25
79	47
79	111
79	62
79	76
79	70
79	1
79	39
79	38
79	20
79	104
79	40
79	60
79	100
79	114
79	7
79	94
79	116
79	52
79	2
79	74
79	58
79	57
79	66
79	29
79	53
79	17
79	24
79	49
79	16
79	59
79	69
79	98
79	85
79	30
79	65
79	44
79	91
79	6
79	13
79	108
79	115
79	28
79	71
79	5
79	97
79	73
79	18
79	103
79	87
79	83
80	81
80	20
80	71
80	32
80	113
80	38
80	64
80	22
80	6
80	47
80	63
80	3
80	74
80	48
80	93
80	69
80	5
80	17
80	52
80	26
80	16
80	115
80	36
80	82
80	72
80	67
80	92
80	83
80	66
80	57
80	104
80	78
80	108
80	84
80	103
80	44
80	68
80	70
80	94
80	2
80	97
80	4
80	88
80	53
80	76
80	109
80	28
80	33
80	37
80	105
80	62
80	60
80	27
80	40
80	15
80	56
80	35
80	24
80	12
80	58
80	14
80	59
80	29
80	91
80	8
80	21
80	9
80	89
80	19
80	49
80	51
80	7
80	87
80	90
80	107
80	96
80	1
81	36
81	91
81	71
81	11
81	31
81	4
81	8
81	80
81	84
81	6
81	3
81	109
81	50
81	52
81	93
81	94
81	106
81	20
81	116
81	24
81	73
81	113
81	46
81	2
81	103
81	95
81	35
81	115
81	57
81	78
81	32
81	108
81	68
81	56
81	89
81	38
81	104
81	48
81	107
81	22
81	47
81	111
81	53
81	70
81	83
81	42
81	12
81	69
81	25
81	29
81	66
81	18
81	60
81	37
81	15
81	77
81	67
81	27
81	63
81	105
81	28
81	98
81	62
81	39
81	44
81	76
81	82
81	14
81	92
81	96
81	16
81	58
81	26
81	33
81	74
81	112
81	49
81	85
81	100
81	88
81	43
81	72
81	65
81	21
81	90
81	9
81	1
81	87
81	17
81	97
81	30
81	40
81	45
81	23
81	101
81	110
82	84
82	52
82	43
82	98
82	17
82	64
82	113
82	105
82	2
82	3
82	71
82	69
82	36
82	37
82	75
82	32
82	20
82	28
82	65
82	22
82	63
82	103
82	78
82	83
82	56
82	67
82	89
82	9
82	94
82	99
82	88
82	59
82	106
82	14
82	91
82	66
82	10
82	72
82	5
82	108
82	50
82	16
82	53
82	62
82	112
82	31
82	15
82	11
82	51
82	111
82	44
82	4
82	24
82	115
82	48
82	46
82	81
82	80
82	58
82	34
82	26
82	35
82	54
82	61
82	8
82	93
82	25
82	42
82	92
82	13
82	49
82	60
82	102
82	1
82	40
82	21
82	27
82	104
82	68
82	23
82	74
82	73
82	6
82	96
82	97
82	86
82	70
82	29
82	77
82	7
82	76
82	12
82	41
82	110
82	33
83	106
83	46
83	42
83	39
83	23
83	11
83	80
83	36
83	16
83	18
83	82
83	31
83	28
83	38
83	34
83	97
83	44
83	68
83	30
83	94
83	22
83	84
83	8
83	88
83	108
83	74
83	111
83	95
83	112
83	3
83	91
83	24
83	113
83	76
83	20
83	66
83	85
83	104
83	116
83	53
83	87
83	13
83	70
83	105
83	27
83	45
83	63
83	78
83	35
83	103
83	32
83	49
83	64
83	6
83	5
83	52
83	50
83	62
83	37
83	96
83	48
83	29
83	89
84	79
84	109
84	23
84	75
84	107
84	110
84	49
84	41
84	101
84	98
84	76
84	89
84	21
84	32
84	8
84	55
84	31
84	2
84	78
84	36
84	68
84	80
84	65
84	19
84	46
84	52
84	56
84	26
84	103
84	106
84	88
84	11
84	71
84	94
84	70
84	105
84	1
84	90
84	6
84	38
84	100
84	87
84	12
84	96
84	104
84	53
84	77
84	42
84	69
84	73
84	82
84	30
84	22
84	57
84	93
84	24
84	39
84	62
84	45
84	95
84	29
84	72
84	111
84	3
84	113
84	74
84	54
84	34
84	85
84	47
84	13
84	20
84	97
84	43
84	5
84	40
84	16
84	28
84	67
84	25
84	60
84	83
84	14
84	91
84	86
84	18
84	66
84	15
84	9
84	114
84	64
85	20
85	71
85	69
85	84
85	67
85	28
85	81
85	50
85	108
85	17
85	5
85	113
85	103
85	16
85	115
85	94
85	36
85	6
85	88
85	68
85	73
85	92
85	3
85	59
85	100
85	61
85	14
85	82
85	48
85	52
85	29
85	11
85	47
85	78
85	64
85	44
85	4
85	23
85	70
85	97
85	32
85	66
85	58
85	22
85	38
85	40
85	31
85	95
85	105
85	30
85	86
85	42
85	106
85	77
85	72
85	114
85	2
85	54
85	107
85	46
86	98
86	30
86	78
86	46
86	49
86	82
86	52
86	58
86	37
86	84
86	32
86	71
86	23
86	113
86	31
86	53
86	93
86	38
86	22
86	12
86	47
86	94
86	24
86	109
86	66
86	68
86	39
86	29
86	3
86	73
86	6
86	112
86	44
86	115
86	103
86	70
86	18
86	105
86	43
86	2
86	35
86	104
86	90
86	48
86	36
86	25
86	75
86	91
86	15
86	116
86	111
86	60
86	56
86	106
86	80
86	42
86	85
86	11
86	1
86	20
86	57
87	8
87	23
87	104
87	20
87	31
87	95
87	78
87	106
87	101
87	50
87	46
87	36
87	77
87	96
87	90
87	32
87	68
87	115
87	93
87	11
87	97
87	98
87	24
87	82
87	40
87	49
87	72
87	83
87	3
87	74
87	42
87	113
87	45
87	60
87	6
87	52
87	103
87	94
87	62
87	1
87	38
87	80
87	116
87	57
87	39
87	75
87	114
87	76
87	73
88	35
88	94
88	31
88	98
88	114
88	113
88	47
88	36
88	71
88	52
88	42
88	68
88	20
88	84
88	5
88	46
88	48
88	22
88	32
88	72
88	66
88	17
88	40
88	81
88	38
88	78
88	29
88	60
88	90
88	13
88	95
88	104
88	80
88	111
88	56
88	76
88	64
88	53
88	3
88	34
88	77
88	10
88	109
88	115
88	69
88	4
88	23
88	37
88	1
88	112
88	105
88	110
88	92
88	70
88	57
88	91
88	100
88	43
88	59
88	27
88	11
88	87
88	106
88	54
88	93
88	74
88	83
88	62
88	44
88	49
89	84
89	46
89	42
89	116
89	15
89	94
89	45
89	11
89	38
89	3
89	91
89	47
89	104
89	31
89	82
89	68
89	78
89	98
89	30
89	6
89	32
89	20
89	35
89	39
89	106
89	74
89	22
89	71
89	4
89	36
89	48
89	93
89	73
89	52
89	53
89	2
89	115
89	60
89	72
89	95
89	43
89	113
89	112
89	66
89	88
89	29
89	27
89	54
89	17
89	28
89	44
89	111
89	83
89	64
89	101
89	25
89	5
89	40
89	80
89	57
89	81
89	56
89	49
89	7
89	63
89	92
89	24
89	26
89	1
89	67
89	87
89	69
89	16
89	34
89	59
89	114
89	50
89	108
89	58
89	105
89	33
89	103
89	65
89	96
89	62
89	37
89	9
89	12
89	23
89	51
89	77
89	109
89	97
89	100
89	75
89	13
89	85
89	70
89	55
89	90
89	19
89	76
89	18
89	8
89	86
89	79
90	67
90	36
90	66
90	49
90	11
90	94
90	52
90	106
90	73
90	56
90	31
90	113
90	46
90	6
90	53
90	30
90	39
90	83
90	32
90	93
90	48
90	68
90	78
90	3
90	84
90	108
90	38
90	104
90	57
90	29
90	100
90	91
90	103
90	62
90	60
90	12
90	63
90	88
90	98
90	105
90	82
90	116
90	95
90	44
90	96
90	101
90	109
90	1
90	74
90	45
90	22
90	112
90	64
90	111
90	97
90	18
90	17
90	25
90	80
90	5
90	110
91	3
91	46
91	72
91	93
91	19
91	76
91	11
91	73
91	50
91	53
91	42
91	84
91	52
91	69
91	38
91	109
91	20
91	70
91	15
91	106
91	104
91	32
91	103
91	112
91	66
91	8
91	98
91	37
91	36
91	95
91	48
91	65
91	31
91	26
91	4
91	56
91	9
91	94
91	111
91	17
91	25
91	87
91	29
91	27
91	78
91	57
91	7
91	67
91	44
91	115
91	39
91	60
91	13
91	80
91	59
91	68
91	34
91	75
91	105
91	108
91	83
91	81
91	5
91	30
91	71
91	82
91	6
91	113
91	35
91	16
91	43
91	97
91	41
91	100
91	24
91	96
91	49
91	23
92	25
92	104
92	112
92	49
92	95
92	94
92	83
92	20
92	5
92	106
92	36
92	14
92	52
92	73
92	54
92	84
92	11
92	31
92	40
92	78
92	60
92	7
92	46
92	42
92	37
92	3
92	103
92	68
92	32
92	62
92	43
92	76
92	100
92	66
92	93
92	87
92	59
92	70
92	18
92	111
92	30
92	21
92	98
92	38
92	53
92	72
92	13
92	24
92	19
92	1
92	115
92	2
92	16
92	56
92	77
93	84
93	4
93	31
93	72
93	113
93	37
93	38
93	35
93	22
93	42
93	60
93	54
93	20
93	98
93	32
93	33
93	16
93	14
93	53
93	30
93	114
93	94
93	48
93	29
93	57
93	68
93	59
93	81
93	5
93	9
93	71
93	105
93	66
93	76
93	83
93	103
93	46
93	36
93	67
93	112
93	11
93	77
93	40
93	115
93	47
93	64
93	104
93	99
93	43
93	51
93	34
93	65
93	61
93	102
93	23
93	13
93	52
93	24
93	78
93	101
93	28
93	1
93	62
93	63
93	50
93	3
93	106
93	44
93	87
93	109
93	74
93	17
93	56
93	89
93	39
93	7
94	110
94	23
94	89
94	41
94	79
94	87
94	39
94	106
94	71
94	6
94	21
94	2
94	55
94	53
94	3
94	28
94	77
94	78
94	40
94	52
94	56
94	80
94	46
94	93
94	68
94	91
94	114
94	36
94	31
94	12
94	97
94	69
94	105
94	35
94	30
94	32
94	20
94	19
94	84
94	95
94	98
94	45
94	113
94	29
94	26
94	54
94	58
94	57
94	22
94	107
94	74
94	70
94	1
94	49
94	8
94	59
94	38
94	60
94	11
94	17
94	64
94	50
94	100
94	62
94	83
94	72
94	48
94	67
94	88
94	63
94	111
94	25
94	15
94	75
94	18
95	16
95	96
95	97
95	82
95	2
95	59
95	88
95	107
95	63
95	6
95	103
95	4
95	81
95	115
95	28
95	17
95	50
95	36
95	71
95	113
95	94
95	20
95	22
95	32
95	5
95	73
95	68
95	64
95	14
95	84
95	58
95	31
95	67
95	38
95	39
95	108
95	52
95	47
95	37
95	24
95	105
95	44
95	76
95	9
95	70
95	26
95	100
95	27
95	42
95	3
95	90
95	61
95	93
95	29
95	7
95	12
95	48
95	60
95	49
95	51
95	30
95	83
95	72
95	109
95	65
95	69
95	77
95	78
95	89
95	62
96	24
96	84
96	5
96	94
96	104
96	72
96	31
96	83
96	32
96	6
96	36
96	34
96	26
96	113
96	107
96	79
96	3
96	1
96	22
96	52
96	46
96	98
96	2
96	64
96	39
96	29
96	69
96	92
96	42
96	115
96	11
96	78
96	106
96	54
96	57
96	91
96	70
96	17
96	18
96	77
96	20
96	76
96	40
96	68
96	95
96	45
96	38
96	13
96	28
96	112
96	30
96	65
96	100
96	4
96	44
96	81
96	71
96	53
96	59
96	48
96	114
96	97
96	19
96	49
96	60
96	56
96	62
96	15
96	89
97	31
97	54
97	72
97	36
97	29
97	66
97	83
97	64
97	77
97	53
97	104
97	115
97	40
97	56
97	17
97	103
97	22
97	48
97	46
97	80
97	106
97	42
97	32
97	27
97	2
97	57
97	71
97	1
97	81
97	78
97	52
97	39
97	33
97	93
97	114
97	98
97	74
97	68
97	3
97	84
97	11
97	5
97	34
97	113
97	109
97	94
97	60
97	70
97	67
97	116
97	88
97	111
97	6
97	49
97	62
97	18
97	82
97	96
97	112
97	91
97	14
97	95
97	100
97	59
97	105
97	21
97	37
97	15
97	4
97	23
97	69
97	38
97	47
97	20
97	110
97	43
97	13
97	50
97	28
97	7
97	76
97	44
97	25
97	26
97	89
97	73
97	108
97	16
97	63
97	85
97	92
98	74
98	53
98	64
98	89
98	29
98	104
98	84
98	32
98	94
98	59
98	46
98	107
98	22
98	20
98	47
98	115
98	113
98	17
98	36
98	100
98	5
98	93
98	2
98	4
98	3
98	81
98	11
98	68
98	73
98	78
98	71
98	27
98	39
98	52
98	106
98	95
98	80
98	49
98	60
98	105
98	65
98	57
98	85
98	62
98	87
98	35
98	38
98	66
98	56
98	31
98	33
98	72
98	10
98	48
98	16
98	1
98	83
98	9
98	90
98	37
98	8
98	92
98	23
98	40
98	108
98	24
98	21
98	25
98	70
98	28
98	82
98	7
98	61
98	91
98	30
98	109
98	12
98	18
98	96
98	76
98	112
98	45
98	116
98	97
98	103
98	67
98	69
98	14
98	77
98	58
98	15
98	51
98	44
98	54
98	26
98	99
98	102
98	41
98	86
98	79
98	75
98	111
98	34
99	31
99	3
99	46
99	52
99	35
99	103
99	82
99	47
99	12
99	60
99	81
99	106
99	36
99	104
99	113
99	39
99	6
99	1
99	32
99	80
99	71
99	68
99	98
99	114
99	19
99	93
99	64
99	22
99	84
99	20
99	78
99	29
99	96
99	59
99	30
99	49
99	76
99	21
99	53
99	54
99	66
99	100
99	37
99	88
99	57
99	45
99	70
99	38
99	56
99	25
99	94
99	116
99	11
99	72
99	17
99	40
99	105
99	87
99	101
99	97
99	112
99	62
99	16
99	48
99	28
99	83
99	14
99	34
99	13
99	9
100	68
100	30
100	38
100	31
100	67
100	40
100	93
100	76
100	80
100	71
100	72
100	52
100	78
100	46
100	84
100	32
100	3
100	95
100	39
100	106
100	115
100	103
100	94
100	22
100	11
100	53
100	8
100	16
100	24
100	54
100	29
100	97
100	44
100	74
100	57
100	114
100	98
100	96
100	62
101	28
101	53
101	72
101	32
101	68
101	98
101	31
101	78
101	59
101	106
101	115
101	19
101	74
101	6
101	95
101	3
101	77
101	80
101	93
101	29
101	42
101	46
101	84
101	56
101	5
101	105
101	16
101	94
101	47
101	75
101	71
101	90
101	36
101	52
101	39
101	30
101	58
101	116
101	2
101	45
101	113
101	43
101	73
101	20
101	11
101	57
101	13
101	97
101	54
101	62
101	44
101	103
101	63
101	23
101	88
101	17
101	40
101	27
101	48
101	64
101	38
101	112
101	12
101	8
101	34
101	18
101	49
101	1
101	26
102	58
102	84
102	76
102	48
102	36
102	96
102	68
102	46
102	90
102	39
102	31
102	105
102	38
102	29
102	45
102	98
102	57
102	30
102	53
102	32
102	19
102	62
102	104
102	112
102	80
102	93
102	11
102	78
102	100
102	13
102	49
102	71
102	25
102	1
102	106
102	103
102	24
102	114
102	3
102	54
102	33
102	111
102	60
102	40
102	113
102	56
102	73
102	67
102	82
102	81
102	28
102	17
102	94
102	42
102	116
102	108
102	16
102	77
102	83
102	85
102	66
102	5
102	18
102	22
102	4
102	59
102	20
102	65
102	52
102	72
102	115
102	87
103	2
103	71
103	84
103	113
103	115
103	81
103	64
103	100
103	107
103	33
103	17
103	20
103	46
103	22
103	47
103	14
103	16
103	4
103	94
103	24
103	96
103	6
103	73
103	63
103	76
103	59
103	7
103	48
103	58
103	35
103	105
103	10
103	31
103	51
103	89
103	97
103	70
103	27
103	5
103	29
103	66
103	37
103	67
103	69
103	36
103	61
103	91
103	108
103	52
103	42
103	21
103	50
103	93
103	88
103	28
103	38
103	32
103	60
103	87
103	9
103	15
103	72
103	83
103	62
103	26
103	68
103	102
103	99
103	53
103	78
103	57
103	111
103	86
103	109
103	49
104	47
104	35
104	20
104	84
104	4
104	5
104	22
104	31
104	48
104	98
104	94
104	59
104	113
104	115
104	89
104	43
104	15
104	66
104	106
104	30
104	27
104	79
104	10
104	68
104	87
104	37
104	42
104	51
104	23
104	19
104	24
104	76
104	29
104	9
104	61
104	102
104	21
104	36
104	39
104	71
104	40
104	7
104	11
104	33
104	99
104	101
104	86
104	105
104	32
105	29
105	112
105	103
105	2
105	84
105	81
105	48
105	80
105	53
105	32
105	31
105	64
105	69
105	22
105	78
105	16
105	54
105	115
105	70
105	17
105	46
105	14
105	113
105	63
105	114
105	5
105	36
105	37
105	99
105	82
105	19
105	38
105	42
105	98
105	104
105	28
105	71
105	11
105	72
105	66
105	3
105	94
105	57
105	62
105	93
105	43
105	91
105	30
105	111
105	1
105	101
105	59
105	73
105	39
105	68
105	100
105	50
105	18
105	34
105	61
105	24
105	52
105	77
105	20
105	95
105	65
105	60
105	15
105	40
105	56
105	47
105	49
105	26
105	4
105	106
105	27
105	7
105	44
105	13
105	109
105	76
105	86
105	96
105	97
105	58
105	88
105	108
105	74
105	75
106	31
106	53
106	98
106	67
106	48
106	84
106	71
106	64
106	8
106	70
106	36
106	91
106	93
106	46
106	81
106	2
106	38
106	4
106	17
106	30
106	94
106	72
106	49
106	15
106	11
106	66
106	78
106	32
106	52
106	109
106	113
106	26
106	29
106	22
106	20
106	103
106	89
106	87
106	1
106	68
106	80
106	7
106	100
106	60
106	42
106	27
106	112
106	114
106	104
106	77
106	40
106	59
106	37
106	5
106	25
106	82
106	74
106	92
106	33
106	54
106	56
106	115
106	51
106	76
106	14
106	3
106	62
106	108
106	39
106	90
106	28
106	9
106	10
106	65
106	83
106	50
106	34
106	105
106	111
106	95
106	85
106	23
106	101
106	69
106	24
106	47
106	43
106	102
106	35
106	116
106	61
106	21
106	57
106	13
106	96
106	58
106	73
106	63
106	107
106	97
106	16
106	75
106	6
106	44
106	45
106	88
106	86
106	18
107	32
107	50
107	30
107	78
107	11
107	95
107	60
107	72
107	31
107	17
107	36
107	5
107	25
107	80
107	52
107	15
107	103
107	56
107	96
107	106
107	84
107	64
107	42
107	81
107	22
107	114
107	40
107	39
107	88
107	70
107	92
107	29
107	2
107	6
107	91
107	48
107	20
107	19
107	3
107	13
107	71
107	97
107	47
107	104
107	111
107	62
107	93
107	46
107	100
107	98
107	113
107	63
107	53
107	67
107	54
107	38
107	1
107	59
107	68
107	85
107	7
107	43
107	16
107	105
107	74
107	44
107	34
107	83
107	66
107	51
107	115
107	49
107	77
108	36
108	68
108	40
108	114
108	29
108	56
108	47
108	52
108	20
108	85
108	48
108	72
108	31
108	32
108	39
108	46
108	98
108	71
108	84
108	69
108	82
108	106
108	38
108	26
108	80
108	49
108	60
108	111
108	3
108	64
108	78
108	54
108	42
108	30
108	17
108	33
108	70
108	104
108	83
108	77
108	11
108	59
108	113
108	66
108	62
108	15
108	67
108	5
108	112
108	27
108	16
108	18
108	110
108	37
108	53
108	115
108	94
108	21
108	95
108	89
108	23
108	8
108	6
108	100
108	97
108	74
108	57
108	34
108	44
108	103
108	13
108	86
108	4
108	81
108	105
108	87
108	75
108	22
108	35
108	93
108	96
109	23
109	31
109	78
109	84
109	38
109	46
109	2
109	48
109	52
109	74
109	68
109	88
109	56
109	64
109	32
109	94
109	39
109	104
109	53
109	28
109	36
109	3
109	95
109	106
109	112
109	93
109	98
109	11
109	75
109	47
109	77
109	85
109	60
109	62
109	101
109	82
109	44
110	31
110	22
110	104
110	11
110	74
110	53
110	32
110	46
110	94
110	47
110	68
110	106
110	78
110	98
110	77
110	67
110	20
110	3
110	100
110	30
110	113
110	39
110	115
110	84
110	114
110	40
110	36
110	52
110	93
110	76
110	48
110	10
110	80
110	56
110	6
110	27
110	42
110	57
110	95
110	109
110	111
110	50
110	35
110	62
110	59
110	60
110	103
110	7
110	71
110	96
110	54
110	116
110	38
110	73
110	105
110	83
110	29
110	82
110	23
110	16
110	112
110	17
110	43
110	4
110	5
110	72
110	97
110	88
110	44
110	70
110	75
110	69
110	2
110	24
110	49
110	21
110	81
110	12
110	108
110	63
110	33
110	18
110	85
110	107
110	1
111	81
111	36
111	115
111	5
111	89
111	64
111	17
111	44
111	4
111	27
111	84
111	29
111	51
111	32
111	59
111	49
111	113
111	2
111	93
111	104
111	6
111	47
111	52
111	97
111	70
111	22
111	68
111	100
111	53
111	78
111	71
111	35
111	94
111	33
111	88
111	37
111	67
111	57
111	107
111	50
111	16
111	38
111	3
111	26
111	73
111	103
111	48
111	83
111	20
111	69
111	21
111	31
111	105
111	24
111	66
111	106
111	72
111	54
111	11
111	28
111	46
111	30
111	82
111	62
111	114
111	108
111	91
111	39
111	40
112	73
112	84
112	113
112	46
112	82
112	16
112	97
112	89
112	64
112	50
112	32
112	66
112	105
112	14
112	67
112	12
112	36
112	71
112	22
112	24
112	93
112	33
112	103
112	39
112	106
112	58
112	44
112	35
112	92
112	52
112	108
112	28
112	37
112	81
112	2
112	99
112	31
112	3
112	17
112	48
112	115
112	88
112	65
112	42
112	83
112	9
112	10
112	54
112	98
112	40
112	53
112	72
112	6
112	80
112	96
112	68
112	57
112	5
112	77
112	30
112	100
112	114
112	78
112	49
112	62
112	38
112	29
112	1
112	15
112	60
112	94
112	70
112	59
112	19
112	20
112	11
112	61
112	8
112	21
112	104
112	109
112	51
112	63
112	27
112	95
112	25
112	4
112	102
112	76
112	56
112	87
112	86
112	7
112	75
112	74
112	13
112	91
113	53
113	70
113	3
113	116
113	38
113	18
113	11
113	39
113	46
113	97
113	71
113	32
113	84
113	56
113	45
113	100
113	6
113	31
113	106
113	95
113	41
113	40
113	7
113	94
113	16
113	52
113	82
113	91
113	90
113	78
113	48
113	57
113	93
113	36
113	1
113	4
113	73
113	69
113	12
113	60
113	74
113	112
113	67
113	23
113	20
113	109
113	33
113	105
113	35
113	80
113	103
113	25
113	47
113	2
113	68
113	115
113	98
113	17
113	92
113	49
113	26
113	44
113	104
113	8
113	114
113	58
113	50
113	99
113	65
113	30
113	22
113	83
113	5
113	108
113	19
113	37
113	107
113	66
113	10
113	24
113	89
113	111
113	79
113	62
113	77
113	28
113	27
113	15
113	55
113	54
113	96
113	14
113	29
113	72
113	87
113	9
113	64
113	43
113	42
113	81
113	88
113	21
113	34
113	85
113	59
113	76
113	75
113	101
113	63
113	102
113	51
113	13
113	86
113	110
114	84
114	5
114	71
114	66
114	113
114	115
114	64
114	17
114	56
114	59
114	22
114	81
114	92
114	20
114	94
114	2
114	27
114	51
114	10
114	15
114	35
114	4
114	33
114	89
114	70
114	9
114	36
114	61
114	76
114	74
114	99
114	37
114	78
114	1
114	7
114	3
114	47
114	104
114	26
114	32
114	57
114	87
114	98
114	40
114	91
114	77
114	49
115	101
115	49
115	11
115	52
115	94
115	36
115	106
115	112
115	113
115	4
115	16
115	41
115	32
115	3
115	47
115	105
115	20
115	46
115	70
115	95
115	96
115	84
115	91
115	54
115	30
115	6
115	31
115	27
115	103
115	25
115	109
115	67
115	5
115	50
115	14
115	56
115	26
115	39
115	60
115	38
115	73
115	71
115	2
115	116
115	48
115	93
115	44
115	111
115	68
115	107
115	98
115	69
115	28
115	29
115	85
115	100
115	9
115	78
115	72
115	104
115	42
115	108
115	1
115	17
115	8
115	7
115	62
115	80
115	57
115	22
115	15
115	92
115	37
115	77
115	82
115	59
115	89
115	66
115	43
115	19
115	21
115	53
115	74
115	87
115	55
115	88
115	90
115	51
115	12
115	33
115	75
115	114
115	23
115	24
115	97
115	13
115	45
115	40
115	83
115	18
115	81
115	35
115	58
115	76
115	64
116	103
116	6
116	17
116	78
116	71
116	46
116	5
116	89
116	16
116	22
116	3
116	81
116	72
116	84
116	11
116	65
116	34
116	28
116	115
116	36
116	64
116	94
116	97
116	56
116	75
116	105
116	13
116	20
116	98
116	91
116	33
116	67
116	111
116	88
116	14
116	26
116	43
116	50
116	58
116	2
116	37
116	95
116	4
116	68
116	82
116	83
116	106
116	25
116	51
116	63
116	44
116	15
116	31
116	96
116	24
116	113
116	73
116	32
116	93
116	42
116	59
116	48
116	92
116	66
116	99
116	18
116	62
116	80
116	104
116	52
116	108
116	1
116	53
116	40
116	61
116	8
116	49
116	85
116	110
116	29
116	45
116	27
116	54
116	109
116	30
116	76
116	12
116	41
116	86
116	112
116	114
116	23
116	39
