1	74
1	102
1	36
1	104
1	31
1	91
1	89
1	62
1	73
1	33
1	72
1	68
1	116
1	103
1	55
1	112
1	23
1	48
1	88
1	58
1	109
1	105
1	107
1	12
1	99
1	60
1	66
1	3
1	40
1	106
1	70
1	19
2	67
2	91
2	44
2	42
2	16
2	112
2	121
2	62
2	39
2	18
2	90
2	60
2	84
2	93
2	119
2	29
2	100
2	37
2	106
2	102
2	118
2	85
2	116
2	1
2	19
2	113
2	120
2	15
2	56
2	4
2	69
2	38
2	34
2	49
2	70
2	103
2	108
2	6
2	3
2	17
2	74
2	31
2	14
2	104
2	126
2	50
2	117
2	43
2	51
2	55
2	77
2	89
2	47
2	101
2	114
2	64
2	105
2	124
2	57
2	111
2	80
2	40
2	76
3	91
3	82
3	96
3	60
3	28
3	122
3	113
3	109
3	101
3	45
3	37
3	7
3	125
3	55
3	53
3	8
3	22
3	59
3	102
3	34
3	47
3	19
3	58
3	74
3	75
3	27
3	25
3	51
3	108
4	37
4	34
4	28
4	72
4	91
4	17
4	66
4	107
4	98
4	16
4	93
4	6
4	19
4	105
4	25
4	100
4	124
4	122
4	53
4	49
4	45
4	54
4	44
4	102
4	39
4	96
4	74
4	79
4	7
4	110
4	35
4	41
4	63
4	48
4	67
4	14
4	70
4	2
4	3
4	59
4	55
4	8
4	24
4	68
4	22
4	60
4	103
4	33
4	9
4	109
4	88
4	27
4	116
4	104
4	108
4	123
4	12
4	5
4	114
4	101
4	26
4	20
4	89
4	81
4	117
4	76
4	77
4	47
4	115
4	32
4	13
4	51
5	34
5	37
5	17
5	36
5	60
5	102
5	46
5	91
5	38
5	93
5	90
5	124
5	61
5	39
5	84
5	97
5	122
5	67
5	95
5	62
5	51
5	4
5	74
5	57
5	104
5	119
5	33
5	41
5	123
5	16
5	55
5	125
5	8
5	63
5	31
5	80
5	107
5	115
5	59
5	79
5	85
5	10
5	19
5	56
5	11
5	83
5	65
5	52
5	23
5	35
5	47
5	75
5	121
5	13
5	49
5	106
5	12
5	118
5	112
5	3
5	108
5	28
5	103
5	43
5	53
5	26
5	20
5	15
5	40
5	73
5	29
5	66
5	116
5	48
5	114
5	92
5	24
5	70
5	21
5	18
5	25
5	111
6	71
6	60
6	97
6	125
6	46
6	74
6	70
6	42
6	51
6	85
6	62
6	39
6	102
6	61
6	73
6	91
6	83
6	24
6	56
6	52
6	104
6	31
6	103
6	47
6	2
6	23
6	36
6	37
6	105
6	126
6	115
6	55
6	57
6	90
6	121
6	38
6	93
6	30
6	29
6	117
6	11
6	89
6	116
6	119
6	12
7	125
7	18
7	78
7	2
7	83
7	91
7	75
7	24
7	51
7	55
7	74
7	95
7	46
7	102
7	60
7	104
7	31
7	89
7	30
7	62
7	93
7	15
7	56
7	110
7	118
7	4
7	44
7	94
7	37
7	50
7	34
7	49
7	17
7	39
7	84
7	19
7	96
7	115
7	100
7	52
7	120
7	106
7	58
7	111
7	47
7	70
7	41
7	14
7	67
7	71
7	107
7	40
7	87
7	90
7	69
7	85
7	103
7	38
7	45
7	33
7	28
7	16
7	77
7	119
7	123
7	27
7	121
7	61
7	116
7	113
7	21
7	92
7	29
7	1
7	10
7	97
7	57
7	63
7	11
7	65
7	105
7	114
7	3
7	73
7	12
7	112
7	8
7	22
7	5
7	98
7	36
7	48
7	72
7	23
7	32
7	54
8	102
8	60
8	56
8	37
8	57
8	120
8	51
8	66
8	85
8	4
8	91
8	11
8	12
8	46
8	123
8	104
8	3
8	16
8	15
8	74
8	121
8	55
8	94
8	19
8	47
8	41
8	29
8	21
8	36
8	103
8	28
8	70
8	116
8	125
8	33
8	24
8	59
8	48
8	90
8	2
8	9
8	17
8	100
8	115
8	126
8	34
8	112
8	58
8	44
8	107
8	87
8	38
8	114
8	106
8	61
8	79
8	67
8	69
8	84
8	110
8	83
8	64
8	119
8	62
8	105
8	10
8	7
8	42
8	93
8	13
8	65
8	92
8	32
8	77
8	109
8	81
8	53
8	89
8	78
9	38
9	57
9	51
9	97
9	60
9	19
9	67
9	102
9	55
9	91
9	100
9	106
9	80
9	36
9	111
9	104
9	86
9	92
9	62
9	71
9	4
9	23
9	119
9	74
9	47
9	48
9	99
9	56
9	69
9	121
9	10
9	12
9	124
9	113
9	115
9	17
9	117
9	70
9	120
9	5
10	28
10	61
10	42
10	60
10	62
10	51
10	41
10	72
10	55
10	102
10	21
10	2
10	12
10	73
10	85
10	115
10	123
10	4
10	8
10	86
10	91
10	90
10	19
10	106
10	116
10	67
10	99
10	119
10	47
10	96
10	32
10	23
10	30
10	53
11	55
11	115
11	91
11	61
11	120
11	123
11	26
11	31
11	118
11	57
11	89
11	93
11	51
11	112
11	19
11	25
11	96
11	102
11	63
11	60
11	116
11	121
11	14
11	67
11	47
11	34
11	46
11	73
11	72
11	69
11	16
11	50
11	49
11	30
11	6
11	44
11	76
12	91
12	4
12	102
12	44
12	54
12	75
12	85
12	11
12	48
12	113
12	51
12	67
12	55
12	18
12	107
12	115
12	16
12	38
12	61
12	86
12	66
12	31
12	74
12	77
12	116
12	65
12	14
12	70
12	19
12	60
12	92
12	10
12	119
12	95
12	104
12	53
12	112
12	121
12	59
12	42
12	36
12	30
12	45
12	110
12	1
12	89
12	109
12	80
12	106
12	62
12	58
12	123
12	83
12	34
12	94
13	107
13	60
13	95
13	37
13	102
13	91
13	67
13	100
13	92
13	39
13	31
13	38
13	83
13	104
13	33
13	120
13	111
13	55
13	14
13	89
13	106
13	94
13	62
13	70
13	57
13	4
13	73
13	59
13	7
13	97
13	45
13	19
13	126
13	115
13	113
13	47
13	78
13	3
13	98
13	52
13	49
13	112
13	35
13	40
13	114
13	64
13	34
13	110
13	24
13	50
14	52
14	122
14	51
14	19
14	47
14	91
14	121
14	34
14	70
14	60
14	55
14	37
14	68
14	102
14	117
14	103
14	104
14	61
14	111
14	120
14	58
14	48
14	4
14	74
14	57
14	44
14	29
14	78
14	33
14	65
14	45
14	21
14	11
14	107
14	64
14	92
14	66
14	53
14	94
14	28
14	42
14	38
14	18
14	110
14	31
14	115
14	17
14	24
14	12
14	119
14	16
14	15
14	59
14	112
14	62
14	40
14	1
14	114
14	98
14	5
14	9
14	89
14	76
14	73
15	34
15	123
15	25
15	107
15	2
15	78
15	91
15	104
15	44
15	96
15	102
15	28
15	43
15	70
15	69
15	19
15	55
15	64
15	74
15	11
15	103
15	47
15	37
15	51
15	89
15	121
15	58
15	4
15	16
15	120
15	21
15	72
15	31
15	1
15	105
15	85
16	70
16	115
16	119
16	116
16	124
16	126
16	6
16	36
16	33
16	47
16	105
16	98
16	102
16	41
16	34
16	111
16	25
16	60
16	107
16	49
16	39
16	9
16	38
16	91
16	67
16	104
16	37
16	58
16	96
16	10
16	8
16	55
16	63
16	65
16	57
16	32
16	2
16	90
16	74
16	93
16	85
16	110
16	89
16	29
16	121
16	51
16	3
16	40
16	113
16	61
16	97
16	59
16	112
16	45
16	62
16	71
16	42
16	66
16	103
16	20
16	94
16	21
16	125
16	64
16	17
16	1
16	50
16	24
16	56
16	77
16	106
16	87
16	31
16	35
16	52
16	92
16	23
16	117
16	83
17	28
17	44
17	41
17	55
17	45
17	82
17	107
17	60
17	35
17	7
17	90
17	108
17	84
17	110
17	16
17	106
17	19
17	111
17	24
17	102
17	91
17	70
17	57
17	22
17	54
17	37
17	73
17	115
17	104
17	87
17	5
17	51
17	83
18	34
18	45
18	17
18	24
18	55
18	72
18	6
18	108
18	44
18	118
18	124
18	37
18	48
18	36
18	19
18	47
18	7
18	41
18	35
18	61
18	8
18	51
18	28
18	104
18	85
18	4
18	102
18	70
18	56
18	22
18	60
18	125
18	91
18	32
19	28
19	55
19	107
19	102
19	88
19	99
19	30
19	101
19	66
19	27
19	41
19	16
19	10
19	84
19	70
19	54
19	65
19	44
19	45
19	110
19	91
19	60
19	116
19	103
19	106
19	94
19	83
19	95
19	7
19	37
19	24
19	98
19	52
19	108
19	22
19	109
19	5
19	3
19	34
19	104
19	35
19	123
19	69
19	85
19	49
19	36
19	115
19	74
19	40
19	105
19	15
19	112
19	13
19	18
19	4
19	38
19	121
19	82
19	77
19	23
19	97
19	92
19	51
19	73
20	76
20	70
20	57
20	91
20	102
20	56
20	60
20	51
20	19
20	44
20	31
20	66
20	42
20	11
20	29
20	1
20	46
20	112
20	16
20	104
20	24
20	55
20	15
20	95
20	121
20	111
20	120
20	85
20	90
20	3
20	47
20	61
20	119
20	18
20	105
20	54
20	78
20	107
20	126
20	73
20	109
20	21
20	62
20	93
20	74
20	33
20	38
20	81
20	48
20	123
20	89
20	72
20	40
20	116
20	79
20	12
20	113
20	10
20	80
20	101
20	114
20	125
20	115
20	32
20	17
20	64
20	50
20	37
20	34
20	71
20	69
20	94
21	88
21	84
21	42
21	74
21	40
21	100
21	114
21	105
21	104
21	89
21	112
21	116
21	49
21	55
21	91
21	19
21	93
21	102
21	72
21	62
21	51
21	10
21	33
21	3
21	65
21	66
21	58
21	71
21	107
21	12
21	67
21	78
21	99
21	2
21	92
21	60
21	16
21	38
21	94
21	20
21	48
21	76
21	18
21	80
21	37
21	115
21	30
21	106
21	117
21	47
21	61
21	119
22	48
22	56
22	46
22	102
22	106
22	42
22	5
22	60
22	94
22	55
22	91
22	44
22	93
22	61
22	109
22	110
22	78
22	113
22	111
22	70
22	29
22	15
22	83
22	125
22	89
22	117
22	3
22	57
22	112
22	19
22	17
22	90
22	66
22	12
22	115
22	38
22	74
22	47
22	85
22	24
22	45
22	4
22	37
22	80
22	84
22	51
22	121
22	118
22	25
22	40
22	43
22	28
22	97
22	9
22	16
22	104
22	69
22	99
22	2
22	52
22	77
22	75
22	88
22	73
22	101
22	86
22	105
23	89
23	19
23	75
23	42
23	93
23	91
23	74
23	67
23	17
23	31
23	79
23	63
23	86
23	104
23	116
23	52
23	34
23	84
23	120
23	102
23	55
23	51
23	110
23	35
23	45
23	60
23	24
23	20
23	26
23	16
23	117
23	105
23	5
23	28
24	87
24	122
24	55
24	31
24	34
24	91
24	60
24	39
24	74
24	120
24	104
24	98
24	48
24	53
24	89
24	102
24	37
24	96
24	50
24	18
24	82
24	61
24	19
24	123
24	42
24	15
24	14
24	118
24	8
24	13
24	56
24	105
24	93
24	44
24	112
24	90
24	71
24	49
24	25
24	88
24	45
24	57
24	38
24	72
24	47
24	51
24	58
24	95
24	64
24	40
24	33
24	84
24	106
24	119
24	5
25	37
25	51
25	91
25	2
25	102
25	6
25	104
25	47
25	28
25	74
25	60
25	120
25	9
25	116
25	70
25	57
25	55
25	59
25	121
25	4
25	44
25	62
25	77
25	16
25	32
25	11
25	19
25	39
25	29
25	12
25	3
25	64
25	24
25	68
25	85
25	34
25	115
25	122
25	119
25	114
25	94
25	110
26	67
26	104
26	102
26	28
26	16
26	91
26	33
26	5
26	19
26	31
26	50
26	38
26	90
26	100
26	21
26	60
26	74
26	37
26	89
26	34
26	13
26	51
26	23
26	119
26	110
26	15
26	112
26	62
26	55
26	105
26	120
26	7
26	115
26	88
26	58
26	47
26	86
26	1
26	44
26	3
26	32
26	121
26	43
26	53
26	10
26	114
26	70
26	65
26	18
26	36
26	92
26	76
26	4
27	29
27	44
27	110
27	103
27	19
27	70
27	10
27	102
27	91
27	60
27	55
27	83
27	6
27	17
27	90
27	104
27	37
27	74
27	23
27	7
27	85
27	51
27	80
27	61
27	56
27	57
27	58
27	42
27	21
27	62
27	118
27	9
27	53
27	111
27	24
27	38
27	115
27	126
27	69
27	125
27	77
27	16
27	117
27	88
27	35
27	100
27	92
27	40
27	99
27	93
27	65
27	14
27	97
28	125
28	55
28	83
28	53
28	38
28	19
28	91
28	110
28	104
28	94
28	23
28	124
28	90
28	17
28	102
28	35
28	74
28	47
28	12
28	60
28	93
28	51
28	85
28	65
28	46
28	11
28	116
28	67
28	36
28	113
28	114
28	26
28	40
28	4
28	37
28	80
28	70
28	66
28	24
28	100
28	107
28	106
28	61
28	111
28	122
28	62
28	78
28	16
28	10
28	45
28	57
28	21
28	1
28	103
28	8
28	77
28	120
28	56
28	92
28	32
28	43
28	13
28	59
28	71
28	15
28	49
28	96
28	97
28	9
28	58
28	89
28	126
28	121
28	18
28	5
28	41
28	2
28	108
28	112
28	44
28	105
28	69
28	3
28	48
28	119
28	99
28	68
28	117
28	98
28	123
28	29
28	52
28	73
28	118
28	87
29	34
29	102
29	37
29	104
29	123
29	1
29	121
29	43
29	31
29	49
29	60
29	96
29	75
29	69
29	51
29	74
29	78
29	7
29	6
29	22
29	107
29	25
29	39
29	50
29	111
29	105
29	19
29	71
29	17
29	41
29	118
29	3
29	110
29	89
29	116
29	63
29	8
29	59
29	101
29	120
29	65
29	2
29	16
29	91
29	36
29	42
29	21
29	14
29	90
29	11
29	85
29	44
29	13
29	20
29	26
29	4
29	70
29	119
29	24
29	117
29	99
29	54
29	113
30	91
30	70
30	80
30	102
30	107
30	117
30	10
30	19
30	104
30	29
30	89
30	112
30	38
30	116
30	73
30	62
30	113
30	74
30	101
30	40
30	111
30	106
30	67
30	5
30	60
30	120
30	110
30	36
30	23
30	21
30	14
30	122
30	85
30	26
30	126
30	97
30	55
30	25
30	51
30	119
30	47
30	4
30	58
30	92
30	54
30	121
31	61
31	37
31	102
31	34
31	47
31	60
31	91
31	122
31	89
31	116
31	115
31	33
31	113
31	85
31	100
31	104
31	55
31	74
31	19
31	112
31	110
31	16
31	96
31	83
31	49
31	73
31	121
31	66
31	27
31	56
31	65
31	94
31	29
31	38
31	4
31	126
31	41
31	48
31	11
31	70
31	118
31	13
31	51
31	5
31	98
31	1
31	26
31	93
31	107
31	99
31	3
31	23
31	80
31	119
31	76
31	69
31	36
31	105
31	12
31	87
31	20
31	114
31	123
31	124
31	30
31	2
31	58
32	60
32	89
32	67
32	78
32	37
32	51
32	34
32	104
32	92
32	102
32	17
32	19
32	70
32	91
32	114
32	61
32	42
32	105
32	3
32	2
32	58
32	59
32	49
32	55
32	12
32	124
32	121
32	11
32	110
32	93
32	111
32	22
32	74
32	103
32	106
32	44
32	119
32	20
32	71
32	33
32	24
32	43
32	107
32	16
32	31
32	50
32	40
32	66
32	7
32	80
32	25
32	62
32	77
32	64
32	35
32	120
32	23
33	115
33	19
33	91
33	60
33	51
33	120
33	83
33	97
33	57
33	103
33	46
33	70
33	50
33	104
33	7
33	111
33	4
33	100
33	74
33	26
33	11
33	55
33	1
33	37
33	102
33	90
33	66
33	92
33	17
33	106
33	62
33	125
33	15
33	89
33	69
33	18
33	16
33	43
33	93
33	61
33	41
33	10
33	29
33	80
33	85
33	21
33	56
33	119
33	47
33	3
33	59
33	123
33	116
33	88
33	32
33	81
33	67
33	124
33	112
33	31
33	44
33	107
33	38
33	52
33	77
33	121
33	71
33	40
33	113
33	2
33	54
33	12
34	55
34	18
34	54
34	28
34	91
34	46
34	124
34	56
34	1
34	19
34	33
34	104
34	74
34	10
34	2
34	44
34	87
34	119
34	115
34	60
34	102
34	61
34	83
34	70
34	89
34	98
34	31
34	113
34	7
34	5
34	21
34	47
34	39
34	32
34	38
34	42
34	41
34	37
34	11
34	57
34	51
34	122
34	77
34	52
34	121
34	4
34	93
34	84
34	8
34	125
34	48
34	116
34	29
34	123
34	23
34	59
34	73
34	111
34	43
34	9
34	69
34	103
34	62
34	16
34	110
34	78
34	90
34	24
34	97
34	81
34	58
34	53
34	36
34	25
34	3
34	106
34	49
34	120
34	71
34	94
34	114
34	15
34	80
34	35
34	101
34	40
34	66
34	13
34	20
34	17
34	108
34	63
34	85
34	96
34	118
34	92
34	126
34	107
34	64
34	105
34	112
34	45
34	117
34	12
35	55
35	96
35	38
35	94
35	60
35	104
35	24
35	102
35	90
35	78
35	91
35	19
35	27
35	37
35	85
35	7
35	65
35	12
35	32
35	111
35	2
35	15
35	31
35	71
35	1
35	117
35	52
35	119
35	116
35	125
35	5
35	57
35	118
35	51
35	106
35	40
35	34
35	62
35	80
35	47
35	89
35	23
35	92
35	113
36	1
36	12
36	14
36	111
36	104
36	114
36	74
36	89
36	44
36	91
36	31
36	2
36	102
36	28
36	34
36	23
36	55
36	5
36	60
36	99
36	113
36	112
36	115
36	19
36	48
36	22
36	33
36	65
36	95
36	9
36	51
36	61
36	26
37	60
37	78
37	104
37	51
37	21
37	115
37	73
37	91
37	43
37	102
37	48
37	55
37	82
37	95
37	70
37	61
37	74
37	103
37	30
37	11
37	93
37	1
37	92
37	56
37	49
37	107
37	87
37	47
37	7
37	39
37	85
37	46
37	2
37	18
37	16
37	116
37	34
37	117
37	62
37	65
37	80
37	57
37	9
37	100
37	90
37	88
37	120
37	41
37	83
37	110
37	19
37	13
37	52
37	33
37	14
37	72
37	122
37	38
37	106
37	15
37	114
37	89
37	105
37	42
37	94
37	64
37	10
37	96
37	98
37	111
37	44
37	17
37	4
37	119
37	84
37	26
37	28
37	24
37	6
37	69
37	27
37	45
37	113
37	97
37	66
37	22
37	12
37	29
37	36
37	81
37	67
37	121
37	71
37	50
37	3
37	40
37	8
37	125
37	123
37	5
37	32
37	59
37	109
37	118
37	77
37	53
37	126
37	54
37	124
37	75
37	58
37	23
37	25
37	112
37	108
37	20
37	31
37	101
37	35
37	76
38	93
38	67
38	102
38	31
38	95
38	60
38	101
38	91
38	9
38	36
38	61
38	73
38	86
38	12
38	55
38	65
38	119
38	26
38	85
38	23
38	72
38	122
38	41
38	66
38	19
38	104
38	53
38	123
38	30
38	90
38	14
38	115
38	4
38	69
38	112
38	116
38	74
38	107
38	64
38	33
38	10
38	111
38	25
38	103
38	80
38	44
38	106
38	48
38	57
38	110
38	17
38	40
38	24
38	121
38	77
38	21
38	126
38	37
38	28
38	2
38	105
38	42
38	99
38	98
38	108
38	83
38	88
38	50
38	62
38	82
38	51
38	70
38	47
38	16
38	52
38	32
38	11
38	79
38	76
38	34
38	92
38	97
38	81
38	58
38	117
39	21
39	56
39	102
39	51
39	114
39	29
39	100
39	5
39	60
39	2
39	46
39	90
39	91
39	66
39	104
39	103
39	120
39	93
39	17
39	15
39	54
39	116
39	33
39	16
39	78
39	19
39	12
39	55
39	123
39	83
39	37
39	41
39	6
39	42
39	85
39	89
39	62
39	115
39	125
39	106
39	112
39	11
39	61
39	92
39	7
39	18
39	96
39	44
39	65
39	73
39	70
39	110
39	4
39	111
39	48
39	74
39	47
39	94
39	119
39	98
39	10
39	107
39	113
39	31
40	93
40	74
40	89
40	19
40	60
40	105
40	34
40	85
40	118
40	42
40	104
40	102
40	116
40	84
40	86
40	71
40	115
40	32
40	91
40	12
40	67
40	14
40	120
40	73
40	64
40	21
40	95
40	31
40	50
40	25
40	26
40	70
40	124
40	5
40	123
40	41
40	112
40	106
40	55
40	17
41	102
41	61
41	46
41	60
41	91
41	15
41	78
41	100
41	51
41	24
41	58
41	74
41	37
41	70
41	55
41	39
41	12
41	103
41	47
41	33
41	56
41	52
41	85
41	21
41	16
41	115
41	98
41	97
41	57
41	19
41	118
41	113
41	28
41	116
41	17
41	106
41	119
41	80
41	2
41	50
41	4
41	104
41	111
41	10
41	8
41	83
41	90
41	29
41	114
41	59
41	89
41	93
41	95
41	54
41	38
41	45
41	126
41	13
41	112
41	94
41	5
41	40
41	42
41	62
41	44
41	125
42	34
42	123
42	75
42	2
42	14
42	37
42	49
42	96
42	25
42	107
42	31
42	21
42	39
42	19
42	26
42	115
42	121
42	104
42	89
42	51
42	63
42	41
42	8
42	78
42	59
42	33
42	105
42	116
42	56
42	43
42	11
42	65
42	44
42	74
42	91
42	20
42	55
42	54
42	47
42	1
42	113
42	16
42	99
42	67
42	101
42	38
42	85
42	86
43	124
43	37
43	49
43	27
43	44
43	16
43	26
43	114
43	64
43	74
43	41
43	31
43	100
43	79
43	69
43	120
43	65
43	116
43	6
43	107
43	59
43	8
43	33
43	54
43	48
43	14
43	91
43	61
43	3
43	89
43	118
43	66
43	102
43	19
43	34
43	52
43	104
43	105
43	70
43	62
43	88
43	2
43	55
43	108
43	45
43	117
43	24
43	99
43	76
43	60
44	114
44	28
44	123
44	91
44	100
44	69
44	60
44	52
44	19
44	26
44	96
44	104
44	74
44	4
44	2
44	55
44	37
44	58
44	27
44	110
44	7
44	53
44	102
44	112
44	14
44	68
44	47
44	57
44	121
44	49
44	11
44	92
44	31
44	109
44	29
44	38
44	115
44	93
44	50
44	10
44	90
44	32
44	105
44	67
44	116
45	79
45	34
45	50
45	75
45	105
45	101
45	7
45	124
45	37
45	91
45	97
45	60
45	94
45	6
45	8
45	22
45	63
45	102
45	59
45	65
45	70
45	83
45	68
45	10
45	116
45	19
45	85
45	115
45	3
45	61
45	55
45	103
45	119
45	86
45	49
45	117
45	99
46	102
46	104
46	16
46	51
46	119
46	123
46	70
46	2
46	58
46	36
46	78
46	31
46	105
46	4
46	11
46	34
46	19
46	1
46	43
46	107
46	91
46	67
46	44
46	74
46	115
46	50
46	37
46	92
46	89
46	120
46	103
46	63
46	121
46	60
46	49
46	7
46	79
46	98
46	55
46	14
46	62
46	90
46	21
46	77
46	126
46	57
46	54
46	96
46	99
46	93
47	102
47	40
47	19
47	28
47	56
47	51
47	87
47	115
47	69
47	85
47	60
47	121
47	110
47	57
47	66
47	123
47	89
47	91
47	104
47	67
47	74
47	111
47	62
47	61
47	70
47	106
47	44
47	24
47	3
47	37
47	10
47	46
47	17
47	22
47	38
47	92
47	77
47	18
47	90
47	8
47	55
47	59
47	72
47	12
47	93
47	107
47	112
47	84
47	45
47	16
47	5
47	103
47	122
47	114
47	31
47	99
47	58
47	105
47	65
47	34
47	33
47	95
47	94
47	49
47	21
47	23
47	7
47	118
47	120
47	119
47	109
47	78
47	15
47	36
47	2
47	42
47	75
47	80
47	52
47	30
47	73
47	20
47	50
47	117
47	26
47	125
47	81
47	64
47	76
47	6
47	116
47	97
47	4
47	113
47	53
48	85
48	55
48	37
48	60
48	4
48	36
48	51
48	78
48	102
48	17
48	91
48	93
48	25
48	38
48	57
48	103
48	41
48	101
48	74
48	111
48	62
48	90
48	104
48	39
48	100
48	65
48	19
48	56
48	63
48	21
48	125
48	116
48	8
48	92
48	61
48	119
48	89
48	43
48	122
48	86
48	113
48	52
48	5
48	126
48	47
48	24
48	23
48	31
48	14
48	110
48	112
48	99
48	59
48	15
48	70
48	77
48	53
48	58
48	121
48	67
48	66
48	106
48	32
48	12
48	80
48	123
48	97
48	83
49	117
49	89
49	102
49	46
49	33
49	51
49	34
49	16
49	44
49	91
49	107
49	15
49	19
49	73
49	38
49	28
49	10
49	119
49	31
49	121
49	75
49	74
49	37
49	41
49	104
49	6
49	50
49	12
49	70
49	47
49	78
49	21
49	114
49	55
49	23
49	45
49	66
49	5
49	59
49	120
49	98
49	94
49	116
49	106
49	36
49	52
49	18
49	1
49	54
49	60
49	53
49	113
49	62
49	4
49	77
49	88
49	112
49	109
49	42
49	61
49	79
49	99
49	69
49	32
49	63
49	30
49	86
49	101
50	60
50	49
50	53
50	74
50	47
50	57
50	33
50	62
50	107
50	94
50	52
50	115
50	102
50	116
50	104
50	89
50	25
50	97
50	38
50	55
50	100
50	98
50	112
50	24
50	73
50	19
50	2
50	13
50	9
50	91
50	16
50	121
50	31
50	51
50	44
50	15
50	77
50	114
50	58
50	105
50	106
50	21
50	1
50	119
50	32
50	36
50	90
50	70
50	61
50	80
50	76
50	12
50	111
50	40
50	108
50	110
51	67
51	104
51	34
51	93
51	102
51	60
51	6
51	37
51	112
51	75
51	42
51	19
51	71
51	89
51	28
51	56
51	22
51	74
51	3
51	81
51	26
51	12
51	105
51	111
51	100
51	82
51	91
51	17
51	41
51	7
51	39
51	13
51	16
51	44
51	70
51	95
51	107
51	55
51	49
51	90
51	115
51	58
51	124
51	61
51	5
51	88
51	73
51	48
51	54
51	27
51	63
51	123
51	8
51	59
51	14
51	110
51	31
51	66
51	23
51	10
51	108
51	2
51	45
51	109
51	92
51	86
51	84
51	97
51	120
51	85
51	79
51	52
51	121
51	46
51	35
51	47
51	122
51	24
51	126
51	38
51	18
51	119
51	50
51	20
51	32
51	101
51	57
51	87
51	77
51	76
51	4
51	96
51	103
51	69
51	114
51	29
51	62
51	125
51	9
51	33
51	1
51	106
51	116
51	117
51	64
51	99
51	40
51	25
52	19
52	28
52	67
52	102
52	91
52	86
52	38
52	9
52	100
52	57
52	4
52	90
52	119
52	26
52	30
52	122
52	23
52	60
52	72
52	96
52	98
52	121
52	73
52	115
52	2
52	58
52	104
52	53
52	99
52	12
52	55
52	44
52	59
52	22
52	94
52	51
52	34
52	47
52	110
53	115
53	60
53	38
53	91
53	104
53	31
53	100
53	116
53	107
53	28
53	10
53	64
53	36
53	4
53	110
53	102
53	30
53	61
53	19
53	67
53	55
53	45
53	65
53	37
53	8
53	89
53	125
53	47
53	69
53	2
53	90
53	94
53	80
53	96
53	78
53	51
53	111
53	57
53	35
53	66
53	106
53	99
53	73
53	112
53	118
53	12
53	20
53	93
53	17
54	21
54	47
54	33
54	107
54	91
54	102
54	124
54	67
54	104
54	115
54	90
54	89
54	6
54	31
54	19
54	51
54	29
54	74
54	34
54	16
54	60
54	93
54	4
54	78
54	64
54	85
54	26
54	105
54	57
54	42
54	112
54	14
54	55
54	2
54	121
54	59
54	1
54	15
54	92
54	103
54	58
54	75
54	40
54	101
54	71
54	70
54	96
54	61
54	98
54	119
54	23
54	118
55	28
55	19
55	84
55	60
55	125
55	37
55	6
55	91
55	86
55	16
55	75
55	105
55	56
55	27
55	113
55	45
55	4
55	110
55	106
55	82
55	51
55	39
55	35
55	41
55	17
55	70
55	102
55	104
55	30
55	67
55	54
55	66
55	34
55	87
55	7
55	44
55	99
55	65
55	115
55	58
55	89
55	38
55	107
55	63
55	21
55	1
55	8
55	101
55	22
55	24
55	59
55	109
55	81
55	3
55	98
55	90
55	114
55	83
55	116
55	97
55	124
55	108
55	52
55	88
55	13
55	119
55	68
55	46
55	121
55	15
55	74
55	10
55	36
55	92
55	57
55	33
55	123
55	20
55	117
55	32
55	12
55	95
55	76
55	18
55	40
56	34
56	96
56	37
56	123
56	107
56	3
56	121
56	91
56	1
56	104
56	21
56	31
56	11
56	49
56	75
56	51
56	57
56	89
56	69
56	16
56	22
56	79
56	7
56	39
56	2
56	32
56	60
56	43
56	78
56	102
56	100
56	44
56	90
56	74
56	105
56	126
56	94
56	41
56	17
56	63
56	110
56	8
56	4
56	59
56	14
56	119
56	85
56	106
56	25
56	47
56	6
56	114
56	12
56	19
56	120
56	50
56	70
56	103
56	113
56	99
56	58
56	116
56	93
57	122
57	42
57	74
57	93
57	48
57	66
57	89
57	67
57	2
57	11
57	91
57	104
57	88
57	105
57	116
57	102
57	58
57	117
57	60
57	77
57	103
57	71
57	33
57	114
57	61
57	107
57	55
57	40
57	115
57	92
57	96
57	106
57	84
57	69
57	22
57	78
57	98
57	112
57	43
57	5
57	62
57	124
57	51
57	23
57	12
57	17
57	126
57	34
57	47
57	108
57	85
57	49
57	70
57	101
58	86
58	91
58	69
58	93
58	89
58	55
58	99
58	12
58	84
58	65
58	9
58	102
58	17
58	42
58	51
58	71
58	27
58	10
58	60
58	104
58	116
58	31
58	118
58	18
58	37
58	52
58	3
58	48
58	49
58	107
58	22
58	20
58	66
58	35
58	115
58	121
58	67
58	70
58	105
58	62
58	85
58	24
58	64
58	23
58	1
58	74
58	36
58	47
58	119
58	97
58	90
58	106
58	95
58	21
58	34
59	122
59	29
59	70
59	55
59	119
59	125
59	10
59	60
59	91
59	93
59	56
59	51
59	57
59	101
59	104
59	17
59	8
59	42
59	61
59	115
59	120
59	78
59	19
59	74
59	107
59	58
59	37
59	11
59	4
59	40
59	23
59	92
59	64
59	83
59	21
59	31
59	43
59	30
59	16
59	80
59	15
59	72
59	102
59	54
59	34
59	103
59	97
59	32
59	89
59	46
59	96
59	87
59	121
59	18
59	44
59	41
59	95
59	45
59	2
59	112
59	111
59	24
59	48
59	28
59	47
59	94
59	38
59	90
59	106
59	73
59	123
59	49
59	52
59	113
59	5
59	6
59	85
59	117
59	3
59	126
59	100
60	28
60	119
60	82
60	45
60	110
60	37
60	114
60	48
60	38
60	33
60	34
60	44
60	6
60	16
60	21
60	75
60	65
60	22
60	3
60	80
60	70
60	51
60	27
60	79
60	7
60	41
60	35
60	90
60	39
60	88
60	86
60	97
60	66
60	17
60	94
60	68
60	120
60	125
60	11
60	89
60	102
60	62
60	19
60	18
60	115
60	91
60	109
60	56
60	108
60	85
60	32
60	54
60	30
60	99
60	107
60	122
60	81
60	63
60	8
60	59
60	24
60	55
60	121
60	84
60	96
60	104
60	49
60	77
60	103
60	2
60	10
60	61
60	12
60	46
60	112
60	4
60	31
60	23
60	101
60	76
60	42
60	20
60	5
60	111
60	71
60	15
60	113
60	53
60	74
60	36
60	117
61	34
61	28
61	19
61	3
61	79
61	16
61	75
61	6
61	17
61	39
61	126
61	54
61	45
61	30
61	107
61	83
61	7
61	70
61	41
61	22
61	102
61	99
61	60
61	85
61	63
61	8
61	59
61	66
61	37
61	125
61	91
61	44
61	86
61	21
61	124
61	24
61	51
61	4
61	118
61	113
61	109
61	55
61	74
61	82
61	20
61	15
61	48
61	5
61	119
61	1
61	76
61	117
61	108
61	47
61	104
61	40
61	35
62	42
62	89
62	93
62	118
62	91
62	33
62	3
62	37
62	112
62	102
62	19
62	51
62	124
62	31
62	39
62	116
62	60
62	21
62	55
62	18
62	69
62	84
62	101
62	115
62	8
62	50
62	74
62	34
62	71
62	2
62	109
62	64
62	41
62	58
62	1
62	20
62	67
62	47
62	25
62	76
62	104
62	119
62	26
62	122
62	100
62	49
62	28
63	102
63	29
63	56
63	46
63	60
63	61
63	55
63	115
63	123
63	107
63	104
63	90
63	66
63	91
63	12
63	36
63	41
63	15
63	18
63	34
63	100
63	2
63	59
63	42
63	51
63	74
63	8
63	93
63	47
63	21
63	72
63	79
63	113
63	78
63	118
63	31
63	17
63	73
63	62
63	50
63	125
63	112
63	111
63	80
63	52
63	3
63	89
63	70
63	94
63	38
63	110
63	95
63	57
64	102
64	91
64	74
64	47
64	24
64	29
64	4
64	122
64	83
64	121
64	85
64	33
64	37
64	95
64	120
64	7
64	51
64	101
64	19
64	104
64	55
64	89
64	60
64	53
64	105
64	61
64	13
64	119
64	97
64	69
64	25
64	115
64	114
64	34
64	57
65	87
65	101
65	102
65	97
65	67
65	61
65	122
65	116
65	23
65	117
65	55
65	91
65	74
65	34
65	89
65	19
65	80
65	7
65	60
65	17
65	83
65	94
65	115
65	56
65	29
65	16
65	38
65	70
65	69
65	104
65	99
65	10
65	47
65	112
65	107
65	123
65	5
65	119
65	103
66	44
66	14
66	97
66	65
66	55
66	49
66	99
66	104
66	52
66	38
66	54
66	102
66	63
66	59
66	92
66	91
66	74
66	118
66	67
66	124
66	94
66	8
66	117
66	34
66	101
66	113
67	113
67	47
67	91
67	49
67	37
67	45
67	123
67	70
67	14
67	48
67	16
67	26
67	61
67	9
67	73
67	19
67	53
67	1
67	55
67	116
67	100
67	103
67	77
67	85
67	24
67	96
67	25
67	38
67	102
67	119
67	65
67	122
67	74
67	29
67	54
67	83
67	59
67	99
67	60
67	84
67	7
67	41
67	104
67	12
67	88
67	22
67	40
67	42
67	82
67	51
67	66
67	30
67	2
67	87
67	23
67	57
67	17
67	76
67	34
67	86
67	36
67	115
68	91
68	17
68	102
68	47
68	110
68	16
68	82
68	40
68	37
68	55
68	10
68	57
68	62
68	116
68	21
68	56
68	19
68	93
68	15
68	60
68	67
68	97
68	66
68	4
68	22
68	111
68	73
68	85
68	24
68	104
68	95
68	103
68	41
68	28
68	2
68	7
68	120
68	69
68	61
68	36
68	65
68	125
68	32
68	78
68	12
68	89
68	51
68	29
68	59
68	63
68	70
68	80
68	38
68	53
68	74
68	79
68	45
68	3
68	58
68	77
68	122
68	8
68	88
68	42
68	48
68	34
69	102
69	74
69	27
69	18
69	91
69	47
69	110
69	45
69	100
69	106
69	28
69	14
69	123
69	55
69	83
69	90
69	109
69	7
69	61
69	89
69	5
69	113
69	6
69	73
69	85
69	49
69	34
69	105
69	19
69	84
69	38
69	126
69	77
69	96
69	104
69	60
69	117
69	1
69	120
69	51
69	44
69	76
69	2
70	84
70	93
70	31
70	120
70	116
70	104
70	14
70	42
70	55
70	91
70	102
70	89
70	90
70	121
70	34
70	29
70	49
70	122
70	73
70	44
70	79
70	60
70	94
70	5
70	56
70	69
70	118
70	106
70	97
70	123
70	37
70	9
70	67
70	98
70	39
70	77
70	51
70	105
70	87
70	96
70	3
70	13
70	71
70	64
70	61
70	115
70	103
70	53
70	100
70	74
70	92
70	95
70	57
70	50
70	119
70	72
70	18
70	59
70	85
70	112
70	19
70	38
70	28
70	40
70	26
70	45
70	110
70	58
70	12
70	47
70	54
70	113
70	21
70	114
70	66
70	15
70	2
70	107
70	25
70	4
70	124
71	16
71	60
71	102
71	19
71	111
71	13
71	5
71	91
71	37
71	86
71	97
71	34
71	6
71	33
71	75
71	63
71	101
71	8
71	95
71	59
71	29
71	122
71	65
71	3
71	61
71	28
71	22
71	72
71	98
71	73
71	47
71	38
71	2
71	116
71	11
71	55
71	114
71	20
71	66
71	10
71	70
71	125
71	123
71	89
71	104
71	113
71	88
72	49
72	75
72	25
72	102
72	96
72	91
72	41
72	13
72	55
72	73
72	115
72	124
72	90
72	5
72	19
72	123
72	92
72	100
72	79
72	7
72	63
72	59
72	3
72	34
72	86
72	10
72	70
72	103
72	16
72	51
72	77
72	37
72	107
72	104
72	39
72	28
72	38
72	67
72	56
72	60
72	74
72	22
72	57
72	126
72	110
72	121
72	111
72	32
73	57
73	72
73	80
73	67
73	91
73	83
73	93
73	62
73	104
73	101
73	70
73	19
73	102
73	31
73	123
73	23
73	17
73	13
73	21
73	111
73	107
73	38
73	116
73	97
73	50
73	81
73	119
73	56
73	47
73	115
73	113
73	15
73	85
73	51
73	33
73	54
73	16
73	65
73	3
73	46
73	59
73	61
73	79
73	66
73	68
73	4
73	42
73	10
73	103
73	52
73	121
73	99
73	112
73	9
73	48
73	60
73	108
73	84
73	55
73	5
73	78
73	37
73	32
73	89
73	126
73	86
73	39
73	106
73	77
73	2
73	30
73	87
74	33
74	40
74	115
74	55
74	69
74	25
74	102
74	71
74	34
74	37
74	60
74	98
74	114
74	77
74	51
74	91
74	19
74	42
74	62
74	49
74	106
74	84
74	100
74	44
74	90
74	96
74	7
74	104
74	10
74	61
74	5
74	18
74	89
74	72
74	107
74	57
74	29
74	8
74	73
74	28
74	4
74	103
74	3
74	108
74	113
74	93
74	45
74	64
74	121
74	111
74	123
74	58
74	67
74	105
74	59
74	52
74	83
74	94
74	16
74	118
74	47
74	54
74	14
74	31
74	112
74	15
74	20
74	13
74	101
74	85
74	87
74	21
74	79
74	36
74	23
74	1
74	26
74	2
74	109
74	92
74	32
74	76
74	97
74	9
75	125
75	33
75	60
75	32
75	102
75	91
75	121
75	66
75	2
75	55
75	42
75	104
75	19
75	74
75	56
75	40
75	103
75	15
75	116
75	47
75	119
75	21
75	85
75	24
75	61
75	29
75	83
75	17
75	110
75	71
75	39
75	7
75	38
75	70
75	37
75	95
75	112
75	5
75	57
75	52
75	27
75	51
75	77
75	1
75	94
75	11
75	18
75	89
75	105
75	46
75	93
76	66
76	102
76	42
76	3
76	37
76	38
76	119
76	70
76	106
76	21
76	74
76	5
76	116
76	16
76	51
76	120
76	20
76	57
76	60
76	40
76	12
76	111
76	68
76	104
76	92
76	91
76	47
76	61
76	123
76	89
76	34
76	80
76	64
76	62
76	113
76	49
76	19
76	96
76	31
76	36
76	85
76	13
76	107
76	81
76	2
76	115
76	90
76	95
76	55
76	26
76	75
77	16
77	54
77	37
77	114
77	44
77	84
77	19
77	17
77	34
77	39
77	6
77	33
77	8
77	102
77	70
77	108
77	45
77	99
77	35
77	90
77	14
77	60
77	88
77	74
77	83
77	91
77	113
77	55
77	66
77	89
77	107
77	27
78	89
78	91
78	16
78	6
78	104
78	121
78	37
78	102
78	120
78	15
78	33
78	98
78	60
78	50
78	71
78	84
78	95
78	64
78	67
78	55
78	62
78	40
78	4
78	42
78	112
78	34
78	31
78	49
78	10
78	38
78	93
78	46
78	124
78	26
78	74
78	123
78	12
78	2
78	57
79	117
79	1
79	29
79	94
79	31
79	75
79	67
79	93
79	50
79	105
79	19
79	12
79	24
79	4
79	46
79	74
79	11
79	8
79	63
79	28
79	91
79	104
79	16
79	77
79	47
79	89
79	37
79	21
79	51
79	102
79	107
79	121
79	45
79	40
79	68
79	120
79	59
79	70
79	49
79	116
79	69
79	52
79	38
79	32
80	120
80	70
80	31
80	75
80	116
80	7
80	91
80	115
80	17
80	118
80	50
80	41
80	39
80	19
80	64
80	33
80	6
80	24
80	124
80	12
80	114
80	110
80	107
80	69
80	3
80	55
80	16
80	63
80	37
80	8
80	45
80	103
80	27
80	53
80	102
80	66
80	20
80	117
80	54
80	81
80	44
80	85
80	51
80	76
80	34
80	108
80	104
80	52
80	109
80	21
80	26
80	48
80	60
81	19
81	100
81	52
81	60
81	125
81	73
81	45
81	97
81	83
81	91
81	115
81	102
81	58
81	113
81	116
81	94
81	126
81	104
81	32
81	2
81	38
81	61
81	123
81	62
81	122
81	17
81	77
81	93
81	42
81	46
81	47
81	56
81	95
81	23
81	112
81	51
81	57
81	89
81	70
81	80
81	85
81	119
81	92
81	66
81	55
81	21
81	114
81	103
81	20
81	67
82	21
82	51
82	116
82	60
82	91
82	52
82	42
82	26
82	36
82	75
82	17
82	94
82	61
82	89
82	119
82	56
82	104
82	11
82	57
82	78
82	47
82	55
82	110
82	74
82	92
82	37
82	30
82	85
82	12
82	102
82	46
82	44
82	10
82	68
82	15
82	40
82	38
82	31
82	90
82	49
82	97
82	43
82	123
82	115
82	111
82	19
82	48
82	24
82	106
82	121
82	125
82	4
82	70
82	100
82	103
82	62
82	53
82	1
82	3
82	28
82	117
83	107
83	110
83	102
83	19
83	70
83	45
83	16
83	101
83	84
83	99
83	65
83	103
83	88
83	7
83	82
83	91
83	48
83	89
83	54
83	41
83	24
83	57
83	4
83	126
83	81
83	22
83	87
83	104
83	55
83	44
83	10
83	112
83	35
83	30
83	115
83	121
83	25
84	91
84	34
84	37
84	124
84	107
84	80
84	104
84	65
84	54
84	90
84	16
84	61
84	49
84	5
84	7
84	83
84	106
84	69
84	89
84	8
84	44
84	110
84	126
84	45
84	19
84	59
84	100
84	21
84	55
84	38
84	60
84	88
84	101
84	86
84	76
84	51
84	85
84	111
85	19
85	104
85	58
85	21
85	71
85	91
85	6
85	5
85	114
85	28
85	89
85	7
85	102
85	29
85	111
85	69
85	90
85	37
85	60
85	115
85	112
85	62
85	88
85	103
85	11
85	45
85	17
85	51
85	106
85	93
85	52
85	72
85	97
85	119
85	39
85	31
85	2
85	105
85	55
85	108
85	67
85	42
85	123
85	81
85	16
85	44
85	1
85	12
85	33
85	92
85	54
85	23
86	51
86	41
86	102
86	9
86	73
86	91
86	48
86	65
86	60
86	74
86	5
86	89
86	52
86	38
86	4
86	115
86	122
86	55
86	95
86	113
86	12
86	42
86	43
86	78
86	30
86	58
86	104
86	121
86	81
86	112
86	92
86	47
86	105
86	1
86	80
86	123
86	107
86	16
86	117
86	119
86	21
86	98
86	44
86	37
86	97
86	34
86	103
87	60
87	91
87	46
87	57
87	102
87	10
87	104
87	45
87	23
87	67
87	17
87	116
87	93
87	29
87	19
87	53
87	83
87	107
87	33
87	70
87	125
87	34
87	101
87	90
87	15
87	51
87	119
87	4
87	30
87	55
87	97
87	47
87	31
87	108
87	42
87	32
87	121
87	24
87	12
87	96
87	111
87	52
87	26
87	113
88	84
88	9
88	101
88	125
88	60
88	92
88	91
88	102
88	111
88	42
88	85
88	71
88	11
88	94
88	21
88	31
88	122
88	109
88	40
88	103
88	37
88	120
88	47
88	67
88	82
88	115
88	112
88	7
88	38
88	74
88	100
88	104
88	54
88	19
88	20
88	76
88	107
88	77
88	34
89	12
89	5
89	74
89	40
89	51
89	10
89	102
89	91
89	13
89	60
89	72
89	73
89	34
89	37
89	19
89	119
89	16
89	55
89	86
89	7
89	9
89	103
89	93
89	120
89	38
89	8
89	33
89	48
89	45
89	123
89	77
89	106
89	23
89	115
89	31
89	81
89	108
89	97
89	49
89	96
89	44
89	4
89	65
89	83
89	114
89	50
89	53
89	94
89	18
89	28
89	36
89	79
89	104
89	80
89	98
89	122
89	126
89	15
89	62
89	32
89	111
89	85
89	26
89	47
89	107
89	54
89	61
90	34
90	37
90	82
90	17
90	27
90	6
90	39
90	41
90	19
90	16
90	7
90	63
90	8
90	59
90	91
90	24
90	45
90	22
90	3
90	74
90	66
90	31
90	70
90	79
91	33
91	28
91	124
91	16
91	54
91	97
91	19
91	102
91	27
91	107
91	17
91	47
91	45
91	55
91	44
91	85
91	88
91	51
91	87
91	7
91	82
91	64
91	29
91	104
91	75
91	70
91	68
91	35
91	30
91	83
91	60
91	99
91	74
91	117
91	18
91	38
91	65
91	96
91	110
91	57
91	41
91	119
91	123
91	67
91	37
91	86
91	120
91	58
91	77
91	109
91	111
91	108
91	112
91	22
91	115
91	14
91	4
91	61
91	89
91	78
91	59
91	8
91	66
91	106
91	95
91	24
91	72
91	84
91	105
91	3
91	62
91	1
91	52
91	34
91	98
91	114
91	121
91	103
91	118
91	36
91	126
91	94
91	81
91	2
91	11
91	15
91	10
91	113
91	48
91	101
91	73
91	12
91	122
91	76
91	116
91	90
91	40
91	21
91	31
91	79
91	20
91	32
91	46
91	6
91	5
91	92
92	16
92	66
92	41
92	21
92	54
92	28
92	51
92	17
92	91
92	19
92	4
92	45
92	9
92	63
92	55
92	8
92	81
92	110
92	7
92	37
92	94
92	115
92	88
92	34
92	60
92	70
92	90
92	85
92	24
92	124
92	44
92	84
92	20
92	108
92	109
92	100
92	107
92	76
92	35
92	69
93	99
93	74
93	91
93	19
93	55
93	123
93	122
93	116
93	89
93	2
93	75
93	34
93	14
93	87
93	7
93	66
93	37
93	61
93	102
93	96
93	39
93	9
93	65
93	97
93	17
93	105
93	12
93	112
93	41
93	25
93	86
93	16
93	79
93	23
93	53
93	92
93	54
93	63
93	8
93	73
93	104
93	103
93	56
93	13
93	31
93	49
93	3
93	101
93	45
93	46
93	106
93	51
93	111
93	60
93	22
93	48
93	18
93	88
93	20
93	26
93	47
93	117
93	5
93	124
93	125
93	6
93	115
93	24
93	85
93	113
93	76
93	108
93	81
93	58
93	107
93	30
93	52
94	48
94	17
94	19
94	45
94	118
94	55
94	89
94	66
94	60
94	51
94	62
94	116
94	28
94	91
94	102
94	3
94	112
94	27
94	31
94	105
94	54
94	7
94	103
94	53
94	18
94	49
94	24
94	99
94	124
94	37
94	12
94	109
94	22
94	82
94	90
94	14
94	104
94	101
94	87
94	8
94	42
94	86
94	123
94	64
94	114
94	108
94	20
94	10
95	60
95	47
95	46
95	102
95	17
95	22
95	91
95	110
95	111
95	19
95	90
95	56
95	37
95	57
95	80
95	87
95	113
95	112
95	29
95	3
95	33
95	42
95	106
95	65
95	115
95	59
95	9
95	51
95	104
95	89
95	10
95	52
95	7
95	38
95	12
95	85
95	109
95	15
95	55
95	101
95	61
95	24
95	123
95	70
95	20
95	75
95	121
95	97
95	107
95	64
95	119
96	104
96	75
96	11
96	102
96	2
96	7
96	78
96	16
96	31
96	37
96	19
96	111
96	115
96	39
96	44
96	58
96	88
96	62
96	91
96	61
96	51
96	28
96	73
96	50
96	21
96	64
96	52
96	4
96	85
96	30
96	119
96	59
96	60
96	107
96	56
96	41
96	34
96	43
96	38
96	55
96	94
96	3
96	1
96	57
96	33
96	74
96	83
96	77
96	47
96	36
96	121
96	20
96	99
96	105
96	87
96	116
96	40
96	114
96	70
96	10
96	23
96	101
96	46
96	8
96	98
96	122
97	18
97	24
97	102
97	60
97	10
97	58
97	99
97	103
97	70
97	110
97	19
97	55
97	107
97	104
97	91
97	52
97	66
97	101
97	38
97	93
97	67
97	73
97	11
97	54
97	89
97	57
97	48
97	111
97	12
97	51
97	44
97	115
97	86
97	69
97	119
97	45
97	61
97	92
97	28
97	43
97	112
97	31
97	126
97	41
97	78
97	74
97	16
97	120
97	117
97	47
97	4
97	30
97	85
97	14
97	9
98	121
98	31
98	15
98	74
98	91
98	7
98	33
98	32
98	51
98	111
98	102
98	97
98	120
98	12
98	57
98	3
98	68
98	17
98	5
98	106
98	38
98	94
98	10
98	36
98	9
98	19
98	104
98	55
98	126
98	43
98	28
98	4
98	112
98	113
98	52
98	118
98	60
98	48
98	45
98	89
98	46
98	42
98	119
98	30
98	49
98	92
99	106
99	85
99	102
99	55
99	104
99	97
99	91
99	74
99	60
99	45
99	100
99	107
99	11
99	4
99	73
99	34
99	123
99	93
99	32
99	51
99	16
99	52
99	23
99	58
99	38
99	81
99	94
99	72
99	83
99	78
99	18
99	1
99	61
99	6
99	5
99	2
99	101
99	21
99	19
99	119
100	70
100	37
100	60
100	28
100	91
100	9
100	19
100	107
100	33
100	15
100	104
100	102
100	85
100	67
100	88
100	62
100	90
100	73
100	97
100	38
100	61
100	21
100	92
100	115
100	106
100	78
100	123
100	14
100	56
100	72
100	46
100	17
100	101
100	74
100	113
100	125
100	121
100	55
100	110
100	57
100	119
100	120
100	59
100	126
100	103
100	105
101	73
101	74
101	64
101	91
101	60
101	55
101	32
101	33
101	102
101	67
101	106
101	66
101	107
101	104
101	3
101	17
101	1
101	84
101	62
101	70
101	37
101	23
101	8
101	97
101	61
101	126
101	93
101	38
101	4
101	21
101	115
101	110
101	94
101	121
101	81
101	19
101	112
101	16
101	43
101	113
101	76
101	123
101	95
101	36
101	42
101	116
101	80
101	25
101	31
101	57
101	2
101	53
101	122
101	20
101	47
101	125
101	18
101	117
102	17
102	28
102	19
102	103
102	12
102	51
102	48
102	82
102	34
102	108
102	66
102	60
102	14
102	16
102	45
102	42
102	87
102	90
102	120
102	111
102	53
102	44
102	93
102	6
102	29
102	115
102	27
102	107
102	18
102	22
102	31
102	94
102	116
102	35
102	37
102	33
102	7
102	55
102	123
102	100
102	41
102	70
102	84
102	97
102	61
102	54
102	38
102	65
102	110
102	91
102	88
102	96
102	105
102	85
102	89
102	56
102	24
102	118
102	75
102	73
102	68
102	3
102	86
102	104
102	67
102	50
102	57
102	71
102	92
102	4
102	59
102	122
102	98
102	63
102	109
102	112
102	72
102	79
102	83
102	114
102	69
102	99
102	58
102	49
102	124
102	125
102	40
102	121
102	13
102	77
102	2
102	101
102	21
102	10
102	11
102	52
102	1
102	119
102	80
102	25
102	26
102	5
102	39
102	20
102	81
102	62
102	76
102	117
103	37
103	68
103	102
103	39
103	60
103	4
103	45
103	27
103	110
103	74
103	6
103	61
103	63
103	79
103	8
103	3
103	91
103	59
103	17
103	34
103	38
103	16
103	29
103	44
103	119
103	54
103	95
103	19
103	108
103	24
103	28
103	82
103	18
103	57
103	35
103	65
103	20
103	41
103	117
103	99
103	75
104	102
104	9
104	38
104	16
104	119
104	121
104	27
104	91
104	44
104	51
104	67
104	115
104	60
104	47
104	73
104	34
104	72
104	80
104	57
104	28
104	65
104	100
104	37
104	30
104	55
104	21
104	111
104	86
104	116
104	122
104	19
104	36
104	31
104	98
104	103
104	85
104	59
104	29
104	94
104	106
104	5
104	107
104	124
104	58
104	99
104	61
104	4
104	74
104	49
104	77
104	12
104	126
104	90
104	22
104	26
104	105
104	25
104	53
104	13
104	69
104	112
104	15
104	3
104	24
104	10
104	14
104	123
104	118
104	92
104	114
104	117
104	11
104	45
104	35
104	1
104	2
104	110
104	64
104	32
104	96
104	120
104	70
104	23
104	62
104	76
104	97
104	89
104	43
105	49
105	60
105	102
105	91
105	97
105	87
105	99
105	53
105	116
105	50
105	2
105	86
105	77
105	122
105	123
105	30
105	73
105	34
105	55
105	114
105	61
105	92
105	26
105	54
105	100
105	62
105	25
105	14
105	3
105	7
105	96
105	103
105	38
105	28
105	106
105	115
105	118
105	45
105	48
105	70
105	12
105	19
105	107
105	57
105	90
105	101
105	39
105	51
105	21
105	16
105	17
105	120
105	24
105	47
105	119
105	111
105	1
105	85
106	19
106	107
106	61
106	70
106	102
106	44
106	17
106	84
106	85
106	108
106	38
106	8
106	91
106	115
106	90
106	39
106	16
106	81
106	88
106	119
106	29
106	125
106	123
106	105
106	31
106	51
106	110
106	1
106	34
106	35
106	76
106	80
107	16
107	91
107	51
107	93
107	116
107	31
107	14
107	120
107	44
107	69
107	123
107	105
107	122
107	42
107	12
107	15
107	96
107	19
107	5
107	83
107	53
107	38
107	102
107	73
107	84
107	4
107	104
107	89
107	67
107	65
107	88
107	55
107	112
107	64
107	115
107	97
107	52
107	26
107	100
107	13
107	49
107	50
107	29
107	70
107	28
107	18
107	25
107	71
107	58
107	121
107	74
107	10
107	119
107	9
107	61
107	118
107	57
107	62
107	95
107	80
107	34
107	21
107	86
107	108
107	47
107	46
107	85
107	32
107	117
108	19
108	91
108	102
108	110
108	24
108	104
108	78
108	10
108	60
108	37
108	12
108	112
108	72
108	34
108	123
108	74
108	18
108	121
108	51
108	115
108	55
108	126
108	83
108	94
108	46
108	103
108	23
108	57
108	1
108	5
108	13
108	38
108	70
108	114
108	62
108	120
108	16
108	36
108	65
108	42
108	4
108	111
108	92
108	85
108	47
108	54
108	61
108	64
108	73
108	106
108	32
108	113
109	51
109	60
109	101
109	3
109	12
109	57
109	54
109	74
109	85
109	77
109	110
109	21
109	27
109	55
109	43
109	40
109	102
109	61
109	10
109	62
109	91
109	87
109	119
109	83
109	92
109	24
109	59
109	103
109	19
109	113
109	67
109	106
109	37
109	125
109	45
109	94
109	96
109	31
109	38
109	116
109	15
109	111
109	115
109	36
109	14
109	47
109	104
109	22
109	4
109	42
109	46
109	88
109	2
109	50
109	16
109	29
109	121
109	20
109	100
109	70
109	89
109	32
109	48
110	13
110	91
110	37
110	87
110	93
110	120
110	69
110	103
110	115
110	53
110	123
110	122
110	90
110	47
110	55
110	49
110	118
110	50
110	18
110	68
110	60
110	102
110	71
110	104
110	100
110	31
110	58
110	89
110	105
110	116
110	85
110	4
110	62
110	26
110	14
110	42
110	39
110	75
110	74
110	73
110	119
110	3
110	125
110	84
110	7
110	40
110	48
110	8
110	59
110	95
110	64
110	34
110	97
110	121
110	57
110	19
110	23
110	36
110	6
110	51
110	10
110	45
110	96
110	22
110	29
110	17
110	25
110	12
110	9
110	28
111	104
111	102
111	91
111	19
111	49
111	47
111	60
111	51
111	67
111	70
111	28
111	69
111	52
111	9
111	41
111	33
111	13
111	7
111	64
111	55
111	123
111	85
111	122
111	37
111	90
111	112
111	14
111	50
111	38
111	115
111	73
111	5
111	35
111	20
111	80
111	118
111	34
111	96
111	76
111	53
111	106
111	48
111	27
112	37
112	26
112	25
112	38
112	14
112	91
112	43
112	107
112	6
112	8
112	77
112	96
112	74
112	78
112	116
112	51
112	59
112	122
112	102
112	3
112	34
112	64
112	123
112	104
112	108
112	1
112	10
112	115
112	31
112	47
112	120
112	105
112	49
112	35
112	98
112	54
112	16
112	42
112	21
112	19
112	121
112	86
112	67
112	20
112	40
113	66
113	12
113	74
113	47
113	55
113	19
113	5
113	103
113	67
113	104
113	105
113	117
113	65
113	91
113	102
113	68
113	51
113	70
113	61
113	60
113	90
113	89
113	29
113	96
113	112
113	101
113	92
113	111
113	52
113	34
113	46
113	4
113	39
113	78
113	22
113	81
113	72
113	40
113	62
113	122
114	74
114	44
114	49
114	64
114	16
114	89
114	60
114	31
114	85
114	91
114	70
114	40
114	102
114	43
114	57
114	93
114	104
114	47
114	121
114	21
114	118
114	4
114	45
114	37
114	100
114	116
114	14
114	115
114	107
114	51
114	112
114	78
114	67
114	52
114	117
114	96
114	66
114	76
114	17
114	105
114	1
114	53
114	98
114	55
114	5
114	72
114	32
114	88
114	35
114	103
114	90
114	113
114	61
115	28
115	27
115	51
115	70
115	17
115	7
115	55
115	81
115	54
115	37
115	19
115	41
115	75
115	22
115	44
115	45
115	91
115	110
115	8
115	12
115	58
115	59
115	30
115	16
115	109
115	3
115	24
115	102
115	34
115	84
115	62
115	101
115	60
115	97
115	6
115	36
115	5
115	124
115	89
115	116
115	108
115	82
115	95
115	104
115	107
115	66
115	20
115	99
115	39
115	117
115	76
115	38
115	88
115	119
116	14
116	49
116	47
116	70
116	12
116	105
116	25
116	83
116	91
116	67
116	74
116	78
116	31
116	37
116	26
116	102
116	29
116	100
116	123
116	41
116	85
116	34
116	50
116	113
116	6
116	2
116	114
116	90
116	104
116	33
116	66
116	38
116	60
116	16
116	42
116	21
116	8
116	87
116	52
116	73
116	92
116	65
116	7
116	9
116	88
116	55
116	3
116	93
116	45
116	81
116	44
116	48
116	124
116	19
116	103
116	68
116	79
116	57
116	112
116	126
116	5
116	51
116	27
116	97
116	32
116	89
116	10
116	59
116	69
116	107
116	108
116	1
116	76
116	121
116	20
116	101
116	24
116	72
116	4
116	84
116	80
116	125
116	39
116	119
116	122
116	58
116	106
116	96
116	117
116	77
117	51
117	70
117	21
117	37
117	73
117	97
117	91
117	94
117	65
117	99
117	118
117	1
117	52
117	20
117	9
117	16
117	103
117	102
117	119
117	44
117	107
117	113
117	115
117	60
117	96
117	38
117	111
117	19
117	14
117	123
117	47
117	62
117	26
117	80
117	90
118	83
118	91
118	104
118	12
118	24
118	53
118	74
118	39
118	94
118	47
118	102
118	108
118	27
118	103
118	86
118	26
118	70
118	61
118	7
118	8
118	60
118	19
118	10
118	80
118	52
118	98
118	16
118	38
118	89
118	23
118	42
118	117
118	32
118	123
118	106
118	44
118	40
118	115
118	37
118	101
118	90
119	34
119	125
119	70
119	67
119	91
119	51
119	60
119	7
119	61
119	31
119	55
119	97
119	19
119	96
119	116
119	21
119	42
119	102
119	92
119	28
119	90
119	87
119	62
119	104
119	69
119	122
119	37
119	114
119	93
119	85
119	100
119	120
119	72
119	71
119	1
119	89
119	95
119	6
119	47
119	103
119	99
119	48
119	24
119	118
119	88
119	16
119	112
119	74
119	26
119	107
119	58
119	79
119	9
119	40
119	57
119	73
119	46
119	106
119	64
119	23
119	123
119	111
119	50
119	20
119	76
119	124
119	117
119	110
119	80
119	25
119	38
120	102
120	122
120	60
120	83
120	89
120	11
120	114
120	121
120	116
120	29
120	62
120	12
120	46
120	91
120	49
120	74
120	47
120	33
120	38
120	13
120	61
120	97
120	66
120	119
120	100
120	70
120	65
120	107
120	94
120	48
120	51
120	104
120	14
120	34
120	37
120	73
120	79
120	99
120	124
120	118
120	19
120	96
120	69
120	85
120	40
120	52
120	55
120	112
120	28
120	35
120	71
120	4
120	76
120	3
120	92
120	9
120	21
120	80
120	115
121	79
121	75
121	39
121	7
121	66
121	34
121	17
121	11
121	65
121	8
121	3
121	19
121	22
121	113
121	68
121	35
121	4
121	91
121	102
121	37
121	28
121	45
121	109
121	82
121	105
121	69
121	108
121	2
121	115
121	20
121	60
121	51
121	14
121	99
121	44
121	101
121	100
121	70
121	104
122	55
122	102
122	91
122	90
122	14
122	83
122	125
122	113
122	93
122	18
122	37
122	23
122	67
122	124
122	40
122	48
122	10
122	97
122	4
122	79
122	88
122	5
122	63
122	59
122	8
122	19
122	60
122	65
122	29
122	2
122	51
122	103
122	16
122	69
122	119
122	47
122	62
122	81
122	107
122	33
122	22
122	46
122	115
122	109
122	70
122	89
122	38
122	57
122	85
122	20
122	86
122	111
122	21
122	87
122	25
122	50
122	17
122	104
123	37
123	47
123	87
123	2
123	31
123	1
123	34
123	70
123	121
123	43
123	110
123	55
123	74
123	104
123	120
123	51
123	107
123	91
123	102
123	60
123	64
123	78
123	39
123	105
123	88
123	115
123	67
123	101
123	36
123	3
123	118
123	58
123	94
123	77
123	66
123	19
123	90
123	106
123	38
123	30
123	24
123	11
123	57
123	114
123	7
123	69
123	111
123	6
123	92
123	56
123	119
123	63
123	41
123	42
123	8
123	59
123	93
123	15
123	126
123	44
123	83
123	46
123	21
123	48
123	17
123	79
123	22
123	12
123	103
123	4
123	18
123	52
123	14
123	71
123	54
123	16
123	75
123	99
123	81
123	108
123	35
123	20
123	80
123	72
123	73
123	23
123	116
123	113
123	32
123	85
123	5
123	125
123	76
123	53
123	89
123	84
123	97
123	29
124	55
124	74
124	60
124	91
124	70
124	61
124	4
124	102
124	104
124	5
124	119
124	121
124	85
124	103
124	34
124	68
124	38
124	115
124	113
124	111
124	108
124	37
124	51
124	77
124	90
124	126
124	123
124	92
124	47
124	19
124	6
124	35
124	110
124	122
124	2
124	106
124	107
124	83
124	116
124	80
124	89
124	93
124	58
124	54
124	66
124	57
124	105
124	42
124	23
124	76
124	69
124	81
124	20
124	21
125	91
125	96
125	34
125	12
125	75
125	123
125	103
125	37
125	102
125	40
125	48
125	88
125	39
125	55
125	58
125	17
125	41
125	74
125	24
125	19
125	62
125	65
125	68
125	16
125	60
125	63
125	61
125	6
125	8
125	87
125	66
125	32
125	59
125	22
125	115
125	47
125	3
125	51
125	79
125	54
125	107
125	101
125	106
125	95
125	121
125	49
125	53
125	18
125	20
125	116
125	73
125	112
125	104
125	99
125	10
125	100
125	113
126	31
126	69
126	34
126	103
126	33
126	19
126	74
126	41
126	116
126	17
126	120
126	54
126	6
126	50
126	114
126	37
126	64
126	55
126	24
126	59
126	118
126	28
126	60
126	102
126	49
126	65
126	91
126	45
126	52
126	124
126	101
126	7
126	18
126	98
126	90
126	16
126	88
126	97
126	25
126	20
126	51
126	110
126	10
126	70
126	63
