1	63
1	97
1	38
1	94
1	100
1	110
1	6
1	88
1	15
1	62
1	5
1	118
1	52
1	125
1	41
1	137
1	89
1	56
1	64
1	48
1	7
1	20
1	40
1	134
1	86
1	116
1	14
1	74
1	43
1	11
1	78
1	10
1	93
1	65
1	117
1	131
1	49
1	22
1	37
1	29
1	76
1	113
1	59
1	103
1	67
1	8
1	30
1	44
1	84
1	120
1	47
1	85
1	98
1	81
1	27
1	51
1	53
1	77
1	111
1	34
1	132
1	112
2	103
2	58
2	90
2	76
2	74
2	97
2	38
2	30
2	88
2	20
2	33
2	29
2	57
2	120
2	77
2	43
2	89
2	130
2	114
2	62
2	134
2	24
2	5
2	52
2	10
2	7
2	121
2	115
2	82
2	37
2	100
2	50
2	79
2	128
2	32
2	1
2	70
2	8
2	94
2	49
2	27
2	46
2	112
2	12
2	132
2	4
2	127
2	26
2	28
2	108
2	72
2	48
2	131
2	47
2	55
2	56
2	84
2	105
2	3
2	34
2	40
2	45
2	93
2	86
2	9
2	15
2	18
2	136
2	95
2	87
2	54
3	33
3	118
3	101
3	103
3	82
3	89
3	94
3	120
3	50
3	77
3	128
3	88
3	38
3	5
3	57
3	20
3	67
3	51
3	76
3	126
3	134
3	92
3	108
3	10
3	121
3	132
3	49
3	1
3	97
3	111
3	81
3	115
3	61
3	54
3	22
3	47
3	56
3	131
3	27
3	113
3	106
3	19
3	100
3	23
3	83
3	84
3	32
3	62
3	15
3	43
3	59
3	31
3	124
3	75
3	34
3	12
3	6
3	58
3	104
3	122
3	112
3	2
3	90
3	114
3	35
3	66
3	13
3	4
3	14
3	7
3	93
3	99
3	127
4	89
4	130
4	47
4	111
4	20
4	114
4	103
4	34
4	94
4	77
4	65
4	112
4	58
4	118
4	16
4	39
4	88
4	24
4	66
4	116
4	43
4	84
4	37
4	129
4	40
4	74
4	86
4	121
4	136
4	62
4	113
4	96
4	42
4	30
4	38
4	124
4	83
4	120
4	48
4	41
4	59
4	85
4	15
4	53
4	33
4	44
4	81
4	52
4	93
4	97
4	76
4	57
4	23
4	131
4	127
4	7
4	29
4	10
4	104
4	78
4	26
4	67
4	3
4	100
4	31
4	56
4	122
4	64
4	22
4	60
4	108
4	80
4	126
4	133
4	134
4	55
4	21
4	13
4	101
5	90
5	53
5	130
5	131
5	14
5	103
5	121
5	134
5	111
5	35
5	10
5	34
5	32
5	97
5	15
5	94
5	76
5	95
5	117
5	56
5	118
5	52
5	89
5	72
5	62
5	88
5	1
5	93
5	127
5	126
5	129
5	31
5	21
5	69
5	81
5	46
5	25
5	116
5	122
5	114
5	20
5	43
5	7
5	65
5	59
5	11
5	36
5	77
5	47
5	30
5	9
5	19
5	16
5	27
5	38
5	135
5	55
5	51
5	112
5	42
5	99
5	80
5	137
5	13
5	49
5	29
5	71
5	74
5	128
5	105
5	63
5	24
5	41
5	61
5	125
5	3
5	23
5	54
5	107
5	124
5	133
5	84
5	40
5	119
5	102
5	98
5	64
5	6
5	113
5	58
5	4
5	66
5	82
5	100
5	101
5	48
6	44
6	47
6	63
6	20
6	46
6	43
6	116
6	57
6	89
6	62
6	110
6	94
6	23
6	34
6	79
6	90
6	126
6	88
6	76
6	51
6	118
6	137
6	38
6	130
6	114
6	10
6	134
6	5
6	55
6	45
6	40
6	56
6	33
6	72
6	65
6	117
6	97
6	66
6	42
6	127
7	97
7	58
7	20
7	132
7	38
7	74
7	99
7	41
7	32
7	109
7	89
7	103
7	43
7	47
7	15
7	88
7	62
7	68
7	59
7	131
7	12
7	84
7	114
7	134
7	102
7	100
7	4
7	69
7	77
7	118
7	86
7	56
7	14
7	31
7	33
7	63
7	3
7	90
7	104
7	23
7	112
7	122
7	116
7	27
7	10
7	55
7	65
7	79
7	108
7	57
7	127
7	51
7	1
7	93
7	64
7	121
7	105
7	67
7	85
7	11
7	53
7	13
7	128
7	49
7	22
7	137
7	94
7	72
7	117
7	5
7	29
7	66
7	54
7	78
7	48
7	30
7	60
7	44
7	110
7	133
7	76
7	126
7	8
7	46
7	115
7	73
7	136
7	87
7	17
7	39
7	113
7	111
7	106
7	37
7	34
7	95
7	6
7	19
7	130
7	96
7	101
7	52
7	26
7	71
8	54
8	78
8	116
8	69
8	76
8	13
8	16
8	24
8	38
8	29
8	47
8	88
8	25
8	34
8	64
8	134
8	18
8	74
8	122
8	80
8	89
8	43
8	119
8	62
8	2
8	37
8	91
8	58
8	127
8	123
8	114
8	132
8	135
8	118
8	39
8	67
8	112
8	92
8	130
8	95
8	82
9	61
9	134
9	88
9	25
9	123
9	100
9	29
9	120
9	121
9	52
9	38
9	24
9	91
9	20
9	74
9	16
9	131
9	89
9	95
9	62
9	75
9	115
9	107
9	5
9	67
9	10
9	112
9	32
9	43
9	18
9	7
9	84
9	82
9	76
9	47
9	41
9	129
9	97
9	124
9	34
9	72
9	104
9	27
9	58
9	136
9	110
9	113
9	57
9	118
9	50
9	114
9	116
9	3
9	36
9	64
9	130
9	56
9	79
9	92
9	4
10	15
10	92
10	46
10	118
10	95
10	103
10	1
10	127
10	60
10	116
10	66
10	130
10	12
10	94
10	105
10	32
10	40
10	97
10	47
10	74
10	7
10	75
10	111
10	88
10	34
10	114
10	41
10	109
10	86
10	131
10	48
10	110
10	38
10	134
10	106
10	62
10	52
10	45
10	126
10	89
10	30
10	121
10	100
10	113
10	77
10	124
10	69
10	112
10	25
10	65
10	102
10	101
10	16
10	2
10	43
10	19
10	128
10	33
10	29
10	82
10	39
10	8
10	76
10	5
10	72
10	129
10	57
10	63
10	59
10	117
10	31
10	67
10	3
10	85
10	20
10	23
10	21
10	18
10	122
10	14
10	50
10	36
10	53
10	132
10	136
10	133
10	71
10	68
10	27
10	98
10	13
10	90
10	6
10	81
10	17
10	123
10	99
10	91
10	24
10	49
10	22
10	87
10	120
10	55
10	44
10	83
10	58
10	79
10	61
10	11
10	84
10	108
10	56
10	64
10	78
10	107
10	93
11	52
11	76
11	134
11	88
11	43
11	12
11	20
11	120
11	97
11	90
11	27
11	95
11	102
11	64
11	21
11	10
11	132
11	103
11	109
11	131
11	62
11	111
11	40
11	47
11	4
11	41
11	135
11	112
11	38
11	53
11	127
11	136
11	32
11	71
11	89
11	82
11	107
11	7
11	133
11	24
11	14
11	22
11	66
11	75
11	48
11	114
11	130
11	81
11	77
11	118
11	55
11	34
11	58
11	126
11	57
11	85
11	94
11	74
11	59
11	35
11	110
12	80
12	2
12	102
12	75
12	24
12	100
12	16
12	18
12	123
12	94
12	25
12	78
12	116
12	122
12	61
12	20
12	19
12	34
12	92
12	47
12	62
12	136
12	91
12	10
12	118
12	29
12	88
12	54
12	56
12	96
12	48
12	28
12	128
12	39
12	120
12	82
12	77
13	114
13	11
13	40
13	20
13	47
13	111
13	81
13	134
13	97
13	38
13	41
13	129
13	62
13	14
13	39
13	88
13	100
13	77
13	55
13	89
13	42
13	65
13	30
13	103
13	21
13	107
13	22
13	131
13	90
13	51
13	126
13	10
13	7
13	5
13	71
13	43
13	17
13	115
13	60
13	34
13	87
13	66
13	130
13	121
13	61
13	58
13	33
13	50
13	76
13	110
13	3
13	84
13	9
13	92
13	15
13	122
13	127
13	79
13	108
13	4
13	23
13	56
14	90
14	71
14	5
14	34
14	103
14	77
14	94
14	126
14	88
14	113
14	99
14	70
14	76
14	25
14	62
14	51
14	116
14	38
14	1
14	63
14	43
14	134
14	10
14	18
14	65
14	53
14	111
14	69
14	59
14	89
14	30
14	31
14	121
14	98
14	118
14	52
14	16
14	72
14	129
14	108
14	131
14	7
14	56
14	15
14	49
14	120
14	117
14	124
14	40
14	95
14	4
14	107
14	84
14	20
14	119
14	112
14	122
14	11
14	26
14	2
14	13
14	3
14	24
14	36
14	97
14	80
14	74
14	127
14	110
14	17
14	125
14	42
14	21
14	6
14	82
14	64
14	92
14	100
14	29
15	20
15	134
15	44
15	121
15	88
15	71
15	29
15	65
15	128
15	135
15	46
15	41
15	111
15	76
15	47
15	100
15	103
15	115
15	79
15	118
15	97
15	114
15	53
15	66
15	116
15	108
15	94
15	38
15	99
15	131
15	48
15	22
15	5
15	77
15	14
15	87
15	95
15	127
15	10
15	62
15	1
15	45
15	61
15	43
15	52
15	74
15	91
15	105
15	82
15	72
15	33
15	85
15	98
15	18
15	57
15	39
15	30
15	67
15	50
15	51
15	55
15	63
15	107
15	106
15	12
15	75
15	56
15	23
15	24
15	89
15	117
15	113
15	80
15	34
15	59
15	109
15	122
15	28
15	16
15	64
15	93
15	11
15	6
16	134
16	88
16	38
16	5
16	90
16	46
16	103
16	100
16	77
16	114
16	76
16	111
16	14
16	47
16	43
16	40
16	34
16	97
16	58
16	94
16	120
16	20
16	52
16	83
16	48
16	131
16	33
16	105
16	133
16	62
16	116
16	104
16	112
16	89
16	1
16	84
16	50
16	67
16	8
16	29
16	56
16	74
16	27
16	24
16	130
16	82
16	128
16	96
16	126
16	15
16	19
16	30
16	73
16	110
16	3
16	81
16	117
16	108
16	37
16	123
16	113
16	49
16	10
16	95
16	23
16	12
16	21
16	129
16	6
16	71
16	106
16	17
16	7
16	86
16	4
16	66
16	119
16	124
16	41
16	26
16	45
16	127
17	103
17	78
17	134
17	88
17	77
17	12
17	120
17	51
17	62
17	20
17	65
17	76
17	97
17	111
17	116
17	67
17	11
17	92
17	121
17	83
17	110
17	69
17	30
17	59
17	108
17	101
17	94
17	85
17	66
17	96
17	113
17	47
17	45
17	21
17	19
17	133
17	136
17	75
17	38
17	56
17	127
17	42
17	98
17	82
17	89
17	118
17	40
17	32
17	26
17	15
17	7
17	13
17	43
17	64
17	41
17	100
17	93
17	29
17	74
17	52
18	97
18	46
18	54
18	40
18	65
18	96
18	123
18	59
18	114
18	90
18	5
18	47
18	100
18	77
18	20
18	62
18	35
18	43
18	23
18	76
18	70
18	91
18	113
18	88
18	120
18	103
18	58
18	122
18	48
18	92
18	26
18	10
18	60
18	134
18	1
18	4
18	130
18	34
18	29
18	110
18	128
18	49
18	74
18	108
18	116
18	81
18	89
18	67
18	129
18	105
18	66
18	31
18	82
18	106
18	95
18	131
18	42
18	56
18	15
18	14
18	50
19	25
19	47
19	88
19	34
19	14
19	136
19	46
19	76
19	70
19	75
19	62
19	20
19	134
19	112
19	100
19	38
19	40
19	10
19	18
19	103
19	56
19	120
19	55
19	95
19	117
19	118
19	27
19	30
19	32
19	99
19	131
19	41
19	65
19	24
19	58
19	29
19	89
19	61
19	66
19	77
19	28
19	7
19	130
19	82
19	92
19	74
19	31
19	49
19	78
19	108
19	94
19	137
19	87
19	133
19	93
19	127
19	116
19	43
19	126
20	109
20	103
20	38
20	31
20	97
20	118
20	106
20	122
20	77
20	131
20	41
20	34
20	94
20	7
20	4
20	10
20	15
20	22
20	14
20	121
20	93
20	53
20	67
20	48
20	124
20	111
20	23
20	57
20	5
20	119
20	88
20	113
20	79
20	43
20	58
20	52
20	127
20	42
20	89
20	59
20	74
20	120
20	104
20	3
20	29
20	70
20	129
20	56
20	62
20	63
20	18
20	60
20	123
20	130
20	26
20	125
20	51
20	84
20	50
20	81
20	37
20	102
20	46
20	135
20	6
20	101
20	49
20	66
20	13
20	87
20	61
20	39
20	21
20	65
20	75
20	68
20	8
20	126
20	11
20	137
20	134
20	100
20	9
20	30
20	96
20	72
20	24
21	114
21	35
21	110
21	121
21	5
21	65
21	97
21	103
21	27
21	73
21	15
21	41
21	86
21	111
21	29
21	77
21	131
21	16
21	94
21	88
21	134
21	52
21	79
21	118
21	7
21	50
21	84
21	43
21	53
21	38
21	42
21	109
21	47
21	127
21	58
21	34
21	106
21	6
21	116
21	23
21	101
21	63
21	66
21	75
21	122
21	57
21	104
21	10
21	62
21	26
21	17
21	31
21	113
21	48
21	39
21	30
21	14
21	70
21	135
21	69
21	49
21	92
21	19
21	80
21	129
21	74
21	18
21	59
21	128
21	136
21	51
21	120
21	11
21	117
21	85
21	72
21	60
22	10
22	94
22	131
22	21
22	102
22	97
22	61
22	137
22	48
22	134
22	88
22	41
22	15
22	20
22	103
22	23
22	46
22	66
22	16
22	114
22	74
22	121
22	77
22	109
22	128
22	40
22	68
22	118
22	107
22	26
22	49
22	14
22	34
22	31
22	122
22	133
22	1
22	47
22	92
22	100
22	43
22	117
22	105
22	69
22	99
22	56
22	120
22	62
22	38
22	33
22	80
22	95
22	84
22	127
22	126
22	101
22	45
22	113
22	79
22	27
22	8
22	89
22	116
22	76
22	78
22	130
22	17
22	124
22	72
22	29
22	55
22	12
22	115
22	82
22	44
22	90
22	52
23	94
23	89
23	34
23	8
23	100
23	114
23	88
23	103
23	22
23	30
23	134
23	97
23	127
23	53
23	43
23	74
23	4
23	77
23	85
23	116
23	38
23	6
23	37
23	112
23	113
23	70
23	62
23	133
23	128
23	47
23	56
23	84
23	52
23	99
23	123
23	40
23	20
23	81
23	58
23	102
23	105
23	111
23	1
23	125
23	87
23	106
23	33
23	46
23	65
23	118
23	7
23	124
23	79
23	130
23	109
23	14
23	10
23	76
23	117
23	95
23	39
23	101
23	119
23	21
23	32
23	64
23	72
23	66
23	29
23	12
23	126
23	82
23	59
23	48
24	30
24	102
24	34
24	62
24	101
24	9
24	88
24	85
24	43
24	65
24	95
24	35
24	128
24	94
24	134
24	20
24	135
24	103
24	127
24	19
24	38
24	45
24	51
24	131
24	108
24	90
24	77
24	74
24	120
24	3
24	104
24	130
24	48
24	5
24	89
24	33
24	112
24	99
24	56
24	115
24	55
24	14
24	32
24	126
24	76
24	66
24	92
24	8
24	10
24	26
24	40
24	72
24	47
24	110
24	114
24	121
24	91
24	116
24	52
24	133
24	87
24	84
24	124
24	12
24	100
24	97
24	29
24	117
24	82
25	136
25	28
25	91
25	35
25	131
25	38
25	88
25	134
25	100
25	77
25	120
25	92
25	89
25	14
25	103
25	52
25	56
25	32
25	130
25	20
25	51
25	47
25	119
25	12
25	116
25	62
25	82
25	64
25	112
25	76
25	34
25	30
25	95
25	54
25	115
25	104
25	17
25	127
25	110
25	133
25	48
25	5
25	93
25	29
25	94
25	27
25	74
25	16
25	135
25	108
25	129
26	33
26	21
26	120
26	77
26	115
26	41
26	128
26	47
26	76
26	14
26	103
26	64
26	89
26	43
26	16
26	94
26	88
26	100
26	3
26	131
26	118
26	50
26	134
26	62
26	52
26	31
26	126
26	132
26	6
26	18
26	51
26	59
26	112
26	11
26	4
26	32
26	74
26	70
26	58
26	99
26	40
26	12
26	95
26	19
26	82
26	106
26	5
26	84
27	46
27	131
27	42
27	7
27	1
27	62
27	41
27	88
27	103
27	57
27	52
27	38
27	134
27	118
27	66
27	97
27	100
27	43
27	29
27	111
27	123
27	65
27	68
27	39
27	85
27	121
27	12
27	84
27	23
27	124
27	94
27	30
27	137
27	69
27	20
27	89
27	107
27	5
27	22
27	76
27	56
27	15
27	47
27	63
27	59
27	92
27	32
27	11
27	129
27	10
27	78
27	126
27	45
27	101
27	74
27	34
27	96
27	40
27	75
27	24
27	83
27	21
27	3
27	51
27	113
27	72
27	49
27	127
27	117
27	64
27	120
28	88
28	76
28	62
28	118
28	100
28	61
28	95
28	130
28	134
28	34
28	135
28	64
28	112
28	136
28	21
28	24
28	47
28	48
28	89
28	30
28	110
28	77
28	8
28	114
28	25
28	116
28	15
28	97
28	120
28	1
28	127
28	40
28	38
28	107
28	128
28	4
28	94
28	126
28	37
28	43
28	56
28	137
28	72
28	58
28	125
28	2
28	49
28	10
28	52
28	115
28	84
28	29
28	12
28	16
28	35
28	41
28	106
28	33
28	123
28	50
29	47
29	127
29	62
29	38
29	95
29	105
29	88
29	103
29	115
29	31
29	8
29	58
29	129
29	118
29	136
29	24
29	11
29	75
29	134
29	86
29	116
29	7
29	19
29	20
29	43
29	21
29	60
29	97
29	42
29	34
29	56
29	89
29	57
29	10
29	61
29	32
29	40
29	114
29	30
29	74
29	121
29	90
29	59
29	107
29	96
29	65
29	3
29	104
29	100
29	77
29	112
29	94
29	18
29	131
29	76
29	93
29	2
29	41
29	39
29	27
29	99
29	117
29	106
29	5
29	9
29	17
29	51
29	12
29	55
29	52
29	113
29	15
29	126
29	122
29	132
29	111
29	109
29	81
30	136
30	88
30	80
30	75
30	103
30	72
30	38
30	66
30	54
30	16
30	111
30	34
30	24
30	25
30	2
30	123
30	9
30	18
30	62
30	89
30	76
30	64
30	91
30	61
30	94
30	29
30	114
30	130
30	118
30	137
30	58
30	97
30	43
30	128
30	78
30	37
30	8
30	46
30	73
30	47
30	96
30	90
30	134
30	33
30	55
30	116
30	84
30	127
30	120
31	29
31	97
31	103
31	109
31	47
31	117
31	65
31	7
31	3
31	59
31	111
31	128
31	10
31	33
31	69
31	14
31	99
31	76
31	134
31	15
31	42
31	77
31	88
31	93
31	108
31	30
31	62
31	83
31	121
31	116
31	70
31	56
31	45
31	13
31	26
31	52
31	34
31	11
31	87
31	89
31	9
31	38
31	68
31	101
31	4
31	49
31	120
31	60
31	71
31	84
31	115
31	43
31	21
31	17
31	110
31	46
31	37
31	48
31	50
31	113
31	72
31	114
31	16
31	82
31	94
31	137
31	130
31	129
31	126
31	86
31	133
31	40
31	136
31	67
31	41
31	95
31	127
31	55
31	32
32	111
32	103
32	134
32	46
32	118
32	47
32	97
32	20
32	66
32	43
32	7
32	5
32	90
32	39
32	104
32	10
32	23
32	41
32	31
32	40
32	62
32	21
32	121
32	131
32	114
32	35
32	13
32	29
32	58
32	59
32	77
32	88
32	79
32	50
32	27
32	14
32	49
32	34
32	135
32	71
32	129
32	120
32	42
32	102
32	122
32	96
32	22
32	127
32	11
32	38
32	94
32	56
32	126
32	87
32	55
32	48
32	107
32	33
32	4
32	78
32	113
32	12
32	15
32	86
32	89
32	9
32	100
32	30
32	67
33	22
33	108
33	56
33	103
33	94
33	115
33	38
33	122
33	97
33	43
33	73
33	25
33	30
33	34
33	62
33	83
33	134
33	131
33	10
33	99
33	48
33	89
33	7
33	3
33	13
33	118
33	29
33	11
33	84
33	120
33	68
33	111
33	66
33	59
33	117
33	127
33	114
33	76
33	110
33	41
33	24
33	31
33	40
33	39
33	121
33	126
33	88
33	20
33	55
33	98
33	82
33	37
33	100
33	67
33	47
33	52
33	36
33	26
34	30
34	48
34	111
34	135
34	118
34	90
34	103
34	97
34	77
34	121
34	101
34	67
34	62
34	114
34	71
34	39
34	46
34	60
34	2
34	59
34	89
34	86
34	123
34	99
34	76
34	58
34	41
34	74
34	80
34	19
34	88
34	14
34	43
34	94
34	29
34	125
34	109
34	5
34	57
34	134
34	31
34	20
34	52
34	33
34	56
34	38
34	72
34	10
34	137
34	8
34	127
34	4
34	128
34	21
34	122
34	65
34	100
34	15
34	81
34	40
34	98
34	3
34	95
34	35
34	12
34	117
34	104
34	115
34	23
34	120
34	106
34	131
34	51
34	70
34	26
34	47
34	45
34	50
34	112
34	69
34	27
34	66
34	13
34	107
34	116
34	1
34	110
34	87
34	49
34	84
34	68
34	113
34	32
34	129
34	126
34	53
34	61
34	24
34	11
34	7
34	105
34	55
34	91
34	133
34	102
34	93
34	108
34	63
34	64
34	92
34	42
34	79
34	85
34	22
35	88
35	118
35	103
35	83
35	38
35	97
35	108
35	131
35	84
35	28
35	66
35	41
35	119
35	134
35	121
35	111
35	72
35	57
35	62
35	30
35	24
35	7
35	40
35	56
35	112
35	89
35	125
35	47
35	59
35	51
35	37
35	42
35	71
35	107
35	94
35	69
35	29
35	10
35	124
35	70
35	98
35	39
35	114
35	23
35	65
35	19
35	76
35	54
35	60
35	3
35	104
35	13
35	52
35	68
35	9
36	88
36	94
36	34
36	43
36	20
36	52
36	134
36	103
36	77
36	7
36	38
36	97
36	116
36	109
36	5
36	90
36	89
36	74
36	64
36	62
36	70
36	95
36	122
36	128
36	15
36	40
36	21
36	76
36	108
36	100
36	82
36	130
36	14
36	53
36	4
36	10
36	115
36	114
36	68
36	126
36	121
36	50
36	55
36	29
36	127
36	84
36	98
36	47
36	87
36	58
36	17
36	56
36	92
36	46
36	6
36	106
36	120
36	60
36	45
36	65
36	12
36	11
36	31
36	133
36	42
37	10
37	103
37	15
37	58
37	49
37	118
37	46
37	86
37	48
37	4
37	75
37	95
37	114
37	23
37	20
37	56
37	88
37	77
37	134
37	97
37	84
37	111
37	90
37	59
37	26
37	40
37	43
37	5
37	31
37	41
37	29
37	62
37	74
37	11
37	35
37	63
37	108
37	121
37	45
37	30
37	57
37	67
37	102
37	104
37	96
37	65
37	93
37	24
37	137
37	1
37	89
37	131
37	107
37	116
37	135
37	79
37	130
37	127
37	94
37	92
37	128
37	27
37	66
37	124
37	22
37	55
37	38
37	6
37	12
37	14
37	110
37	9
37	19
37	83
38	83
38	34
38	119
38	88
38	62
38	85
38	112
38	66
38	16
38	2
38	28
38	24
38	9
38	39
38	103
38	78
38	61
38	81
38	98
38	76
38	93
38	92
38	75
38	7
38	116
38	11
38	53
38	122
38	22
38	25
38	130
38	89
38	20
38	29
38	51
38	123
38	52
38	43
38	104
38	8
38	58
38	47
38	23
38	44
38	36
38	132
38	124
38	3
38	64
38	136
38	100
38	101
38	99
38	6
38	113
38	131
38	129
38	127
38	55
38	94
38	134
38	18
38	80
38	120
38	48
38	72
38	40
38	32
38	118
38	90
38	19
38	110
38	97
38	86
38	111
38	114
38	45
38	121
38	67
38	26
38	27
38	56
38	84
38	30
38	35
38	59
38	33
38	108
38	63
38	77
38	71
38	91
38	57
39	10
39	131
39	33
39	134
39	62
39	100
39	88
39	97
39	56
39	43
39	84
39	89
39	77
39	5
39	128
39	82
39	30
39	46
39	83
39	4
39	29
39	38
39	52
39	41
39	67
39	81
39	113
39	69
39	47
39	127
39	95
39	104
39	13
39	76
39	26
39	50
39	130
39	112
39	48
39	32
39	126
39	94
39	74
39	37
39	132
39	103
39	110
39	7
39	44
39	60
39	15
39	61
39	124
39	1
39	40
39	3
39	21
39	54
39	129
39	93
39	64
39	23
39	42
39	58
39	20
39	114
39	72
39	55
39	120
39	116
39	57
39	34
39	45
40	97
40	27
40	121
40	58
40	103
40	34
40	86
40	105
40	118
40	111
40	114
40	66
40	5
40	93
40	48
40	38
40	122
40	109
40	71
40	62
40	135
40	23
40	30
40	41
40	10
40	47
40	43
40	63
40	110
40	94
40	120
40	56
40	116
40	52
40	88
40	24
40	104
40	77
40	31
40	7
40	2
40	98
40	89
40	126
40	4
40	131
40	79
40	95
40	14
40	59
40	84
40	57
40	61
40	90
40	22
40	125
40	35
40	67
40	107
40	74
40	127
40	134
40	87
40	45
40	80
40	8
40	21
40	83
40	15
40	73
40	65
40	50
40	3
40	81
40	112
40	46
40	9
40	49
40	137
40	6
40	29
40	12
40	117
40	44
40	28
40	39
40	129
40	60
40	96
40	92
41	97
41	7
41	94
41	48
41	15
41	103
41	109
41	69
41	102
41	134
41	21
41	18
41	80
41	111
41	34
41	71
41	70
41	28
41	89
41	22
41	10
41	75
41	46
41	24
41	62
41	77
41	38
41	25
41	88
41	121
41	119
41	5
41	131
41	40
41	104
41	3
41	17
41	108
41	42
41	33
41	105
41	128
41	37
41	43
41	23
41	11
41	26
41	13
41	135
41	112
41	65
41	47
41	124
41	55
41	127
41	29
41	126
41	67
41	49
41	120
41	74
41	125
41	79
41	30
41	4
41	19
41	52
41	92
41	9
41	51
41	117
41	45
41	100
41	50
41	56
41	1
41	53
41	110
41	66
41	115
41	113
41	87
41	84
41	60
41	133
41	63
41	129
41	8
41	76
41	14
41	130
41	31
41	116
41	36
41	64
41	20
41	122
42	38
42	134
42	94
42	65
42	54
42	14
42	109
42	47
42	110
42	120
42	127
42	96
42	99
42	88
42	4
42	74
42	69
42	67
42	135
42	63
42	84
42	19
42	22
42	103
42	62
42	49
42	10
42	77
42	6
42	124
42	13
42	20
42	108
42	21
42	107
42	79
42	51
42	129
42	29
42	46
42	11
42	113
42	87
42	89
42	34
42	126
42	55
42	17
42	15
42	71
42	100
42	8
42	95
42	130
42	137
42	43
42	78
42	12
42	116
42	97
42	115
42	133
42	64
42	7
42	92
42	52
42	3
42	26
42	56
43	88
43	123
43	29
43	103
43	47
43	80
43	66
43	25
43	39
43	32
43	34
43	136
43	78
43	70
43	124
43	61
43	75
43	2
43	7
43	11
43	108
43	122
43	53
43	104
43	24
43	98
43	44
43	23
43	77
43	93
43	134
43	20
43	62
43	56
43	132
43	99
43	127
43	116
43	64
43	100
43	40
43	38
43	76
43	83
43	36
43	30
43	22
43	92
43	129
43	16
43	37
43	48
43	112
43	128
43	28
43	55
43	130
43	54
43	89
43	97
43	58
43	65
43	111
43	110
43	120
43	14
43	94
43	91
43	114
43	19
43	9
43	45
43	126
43	41
43	3
43	115
43	101
43	95
43	6
44	76
44	89
44	88
44	62
44	6
44	48
44	46
44	114
44	40
44	20
44	56
44	77
44	120
44	25
44	38
44	123
44	18
44	132
44	94
44	127
44	24
44	43
44	134
44	12
44	97
44	52
44	84
44	103
44	100
44	61
44	69
44	112
44	130
44	79
44	133
44	34
44	66
44	116
44	29
44	75
44	47
44	126
44	80
44	74
44	64
44	82
44	15
44	10
44	63
44	108
44	27
44	55
44	19
44	104
44	92
44	105
44	131
44	121
44	53
44	110
44	90
44	4
44	28
44	1
44	67
44	109
44	124
44	41
44	118
45	62
45	12
45	100
45	52
45	118
45	132
45	24
45	134
45	88
45	10
45	61
45	77
45	109
45	69
45	91
45	75
45	128
45	43
45	56
45	89
45	18
45	20
45	108
45	123
45	114
45	94
45	84
45	38
45	41
45	33
45	59
45	103
45	87
45	57
45	97
45	19
45	55
45	136
45	76
45	95
45	27
45	130
45	107
45	74
45	71
45	47
45	131
45	105
45	82
45	34
46	15
46	59
46	10
46	118
46	110
46	40
46	100
46	104
46	77
46	135
46	33
46	62
46	47
46	20
46	14
46	48
46	38
46	5
46	12
46	71
46	21
46	76
46	90
46	70
46	52
46	133
46	11
46	124
46	129
46	3
46	22
46	101
46	123
46	72
46	57
46	88
46	30
46	7
46	39
46	103
46	131
46	97
46	41
46	74
46	43
46	83
46	1
46	44
46	116
46	98
46	37
46	120
46	134
46	89
46	95
46	34
46	63
46	126
46	113
46	87
46	53
46	26
46	107
46	49
46	29
46	42
46	65
46	13
46	117
46	127
46	32
46	50
46	128
46	112
46	99
46	17
46	111
46	73
46	68
46	132
46	119
46	93
46	109
46	58
46	36
46	115
46	137
46	86
46	96
46	94
47	62
47	103
47	97
47	111
47	27
47	38
47	5
47	127
47	105
47	58
47	31
47	118
47	131
47	109
47	90
47	121
47	119
47	21
47	48
47	128
47	135
47	114
47	41
47	86
47	77
47	69
47	35
47	106
47	57
47	59
47	88
47	65
47	129
47	7
47	30
47	89
47	126
47	63
47	112
47	43
47	51
47	3
47	8
47	122
47	72
47	10
47	50
47	99
47	53
47	14
47	98
47	100
47	15
47	117
47	34
47	46
47	104
47	17
47	75
47	134
47	23
47	73
47	74
47	66
47	39
47	42
47	29
47	110
47	92
47	52
47	84
47	94
47	96
47	80
47	20
47	101
47	113
47	45
47	55
47	120
47	108
47	125
47	83
47	4
47	87
47	79
47	49
47	133
47	136
47	137
47	56
47	82
47	130
47	12
47	36
47	28
47	33
47	11
47	60
47	78
47	102
47	67
47	6
47	64
47	70
47	13
47	24
48	111
48	130
48	102
48	114
48	97
48	118
48	46
48	84
48	121
48	32
48	88
48	128
48	71
48	41
48	59
48	65
48	94
48	77
48	5
48	103
48	74
48	62
48	112
48	57
48	43
48	134
48	1
48	66
48	123
48	24
48	60
48	7
48	20
48	89
48	29
48	79
48	38
48	106
48	137
48	120
48	131
48	50
48	86
48	109
48	53
48	108
48	15
48	105
48	76
48	56
48	33
48	129
48	122
48	39
48	110
48	125
48	21
48	116
48	107
48	37
48	58
48	52
48	127
48	30
48	83
48	78
48	91
48	133
48	11
48	117
48	87
48	51
48	3
48	8
48	23
48	85
48	34
48	80
48	28
48	31
48	18
48	10
48	98
48	64
48	100
48	63
48	2
48	81
48	124
48	26
48	6
48	42
48	119
48	95
48	72
49	88
49	116
49	82
49	33
49	62
49	94
49	114
49	134
49	89
49	93
49	38
49	118
49	97
49	77
49	20
49	10
49	76
49	41
49	26
49	43
49	128
49	46
49	40
49	111
49	130
49	102
49	100
49	56
49	71
49	132
49	59
49	52
49	39
49	112
49	106
49	32
49	103
49	131
49	70
49	42
49	1
49	105
49	127
49	137
49	47
49	121
49	21
49	65
49	95
49	66
49	5
49	48
49	113
49	27
49	72
49	126
49	98
49	30
49	86
49	120
49	3
49	101
49	11
49	110
49	22
49	87
49	6
49	53
49	14
49	7
50	134
50	62
50	3
50	88
50	115
50	76
50	94
50	72
50	26
50	43
50	120
50	38
50	14
50	118
50	100
50	92
50	96
50	91
50	111
50	125
50	73
50	28
50	18
50	45
50	110
50	41
50	48
50	12
50	131
50	77
50	23
50	121
50	89
50	7
50	113
50	59
50	114
50	103
50	99
50	127
50	84
50	31
50	20
50	56
50	133
50	82
51	43
51	77
51	131
51	5
51	41
51	21
51	93
51	103
51	6
51	62
51	20
51	89
51	76
51	134
51	40
51	47
51	90
51	97
51	126
51	7
51	38
51	94
51	35
51	58
51	109
51	39
51	8
51	32
51	121
51	100
51	11
51	16
51	48
51	111
51	12
51	22
51	95
51	79
51	104
51	107
51	14
51	88
51	110
51	74
51	114
51	118
51	64
51	66
51	55
51	50
51	30
51	4
51	52
51	135
51	56
51	113
51	122
51	84
51	129
51	108
51	15
51	127
51	82
51	119
51	106
51	85
51	83
51	31
52	109
52	58
52	29
52	97
52	89
52	34
52	134
52	121
52	103
52	114
52	88
52	90
52	63
52	5
52	135
52	86
52	118
52	4
52	21
52	30
52	77
52	111
52	72
52	57
52	41
52	59
52	20
52	102
52	94
52	35
52	40
52	24
52	48
52	124
52	82
52	23
52	10
52	43
52	42
52	131
52	33
52	96
52	38
52	47
52	101
52	74
52	14
52	87
52	79
52	98
52	62
52	55
52	73
52	115
52	8
52	69
52	113
52	51
52	122
52	67
52	128
52	81
52	27
52	1
52	49
52	22
52	56
52	105
52	15
52	127
52	84
52	91
52	65
52	66
52	95
52	110
52	92
52	120
52	13
52	7
52	3
52	108
52	76
52	133
52	137
52	126
52	106
52	46
52	70
53	1
53	79
53	114
53	97
53	137
53	103
53	23
53	10
53	116
53	15
53	120
53	38
53	105
53	88
53	134
53	47
53	109
53	115
53	62
53	99
53	12
53	77
53	51
53	64
53	89
53	16
53	32
53	80
53	131
53	127
53	69
53	74
53	100
53	41
53	118
53	20
53	57
53	5
53	33
53	94
53	84
53	90
53	68
53	40
53	66
53	14
53	126
53	56
53	8
53	58
53	113
53	52
53	29
53	49
54	15
54	40
54	88
54	62
54	130
54	10
54	20
54	95
54	24
54	77
54	29
54	115
54	18
54	7
54	76
54	43
54	23
54	103
54	134
54	89
54	60
54	110
54	127
54	38
54	64
54	120
54	56
54	33
54	52
54	8
54	26
54	67
54	100
54	35
54	96
54	5
54	125
54	21
54	58
54	48
54	128
54	116
54	34
54	79
54	1
54	112
54	46
54	82
54	72
54	47
54	70
54	94
54	97
54	51
54	126
54	49
54	45
54	106
54	136
54	108
54	55
54	75
54	4
54	71
54	114
54	14
54	90
54	41
54	105
54	25
54	42
54	87
54	59
55	62
55	104
55	64
55	88
55	103
55	136
55	97
55	100
55	48
55	20
55	89
55	32
55	5
55	38
55	105
55	10
55	47
55	43
55	46
55	130
55	56
55	134
55	30
55	14
55	3
55	77
55	76
55	90
55	41
55	123
55	29
55	126
55	92
55	68
55	25
55	112
55	34
55	95
55	135
55	50
55	33
55	58
55	72
55	114
55	36
55	94
55	21
55	127
55	128
56	47
56	93
56	88
56	76
56	134
56	38
56	24
56	8
56	53
56	10
56	131
56	77
56	89
56	43
56	6
56	62
56	64
56	40
56	30
56	94
56	34
56	41
56	113
56	119
56	127
56	15
56	67
56	61
56	39
56	23
56	69
56	22
56	45
56	72
56	132
56	4
56	126
56	25
56	2
56	120
56	49
56	26
56	101
56	44
56	84
56	103
56	110
56	116
56	71
56	135
56	128
56	19
56	130
56	14
56	5
56	63
56	83
56	114
56	85
56	136
56	137
56	74
56	90
56	100
56	54
56	129
56	12
56	82
56	20
56	52
56	98
56	70
56	17
56	48
56	112
56	78
56	123
57	62
57	121
57	76
57	7
57	97
57	24
57	108
57	103
57	111
57	129
57	95
57	77
57	43
57	33
57	87
57	15
57	92
57	132
57	56
57	10
57	88
57	109
57	38
57	126
57	29
57	83
57	45
57	100
57	70
57	120
57	42
57	18
57	48
57	30
57	137
57	13
57	131
57	47
57	134
57	105
57	117
57	51
57	94
57	3
57	11
57	1
57	79
57	12
57	69
57	89
57	65
57	110
57	127
58	40
58	103
58	4
58	29
58	94
58	9
58	38
58	30
58	88
58	60
58	7
58	111
58	93
58	97
58	70
58	83
58	18
58	96
58	62
58	118
58	121
58	75
58	68
58	131
58	59
58	54
58	41
58	127
58	56
58	24
58	72
58	117
58	84
58	53
58	125
58	89
58	65
58	76
58	32
58	31
58	43
58	136
58	92
58	81
58	113
58	124
58	34
58	100
58	42
58	134
58	57
58	39
58	67
58	47
58	19
58	122
58	52
58	74
58	45
58	37
58	14
58	126
58	44
58	6
58	78
58	51
58	66
58	69
58	107
58	61
58	20
58	13
58	101
58	8
58	22
58	116
58	12
58	137
58	104
58	123
58	49
58	3
58	64
58	85
58	71
58	10
58	112
58	119
58	23
58	90
58	2
58	114
58	99
58	95
58	130
58	48
58	135
58	11
58	128
58	55
59	103
59	26
59	134
59	62
59	46
59	29
59	97
59	17
59	60
59	44
59	40
59	48
59	34
59	128
59	111
59	100
59	43
59	129
59	56
59	10
59	102
59	9
59	109
59	90
59	14
59	88
59	95
59	20
59	21
59	3
59	52
59	108
59	47
59	8
59	77
59	126
59	24
59	127
59	105
59	45
59	74
59	96
59	124
59	76
59	86
59	81
59	89
59	38
59	6
59	121
59	110
59	117
59	32
59	133
59	71
59	49
59	79
59	41
59	25
59	116
59	30
59	84
59	65
59	37
59	94
59	123
59	61
59	4
59	42
59	131
59	11
59	55
59	75
59	83
59	33
59	5
59	1
59	12
59	72
59	7
59	50
59	51
59	36
59	137
59	120
59	19
59	28
59	87
59	63
59	130
59	15
60	114
60	21
60	121
60	90
60	135
60	103
60	35
60	11
60	34
60	97
60	77
60	88
60	122
60	46
60	10
60	38
60	43
60	7
60	130
60	79
60	109
60	62
60	111
60	58
60	134
60	84
60	49
60	108
60	56
60	113
60	94
60	66
60	50
60	41
60	131
60	89
60	24
60	67
60	55
60	83
60	68
60	29
60	14
60	33
60	126
60	127
60	59
60	128
60	47
60	72
60	40
61	114
61	134
61	90
61	74
61	101
61	58
61	116
61	9
61	51
61	103
61	5
61	88
61	62
61	11
61	64
61	77
61	34
61	115
61	45
61	38
61	97
61	76
61	19
61	43
61	33
61	29
61	109
61	66
61	52
61	48
61	127
61	100
61	126
61	120
61	67
61	8
61	10
61	99
61	41
61	117
61	131
61	14
61	89
61	3
61	133
61	132
61	32
61	56
61	108
61	84
61	30
61	20
61	94
61	55
61	40
61	107
61	128
61	75
62	81
62	88
62	6
62	116
62	83
62	135
62	44
62	124
62	7
62	38
62	2
62	9
62	77
62	29
62	129
62	105
62	24
62	130
62	30
62	22
62	93
62	66
62	94
62	52
62	40
62	47
62	4
62	123
62	132
62	122
62	76
62	98
62	75
62	43
62	89
62	11
62	92
62	119
62	61
62	53
62	127
62	20
62	54
62	64
62	90
62	74
62	121
62	113
62	67
62	34
62	115
62	45
62	101
62	128
62	97
62	136
62	23
62	95
62	10
62	80
62	125
62	126
62	78
62	99
62	85
62	25
62	100
62	8
62	134
62	16
62	46
62	17
62	104
62	72
62	84
62	120
62	32
62	112
62	37
62	39
62	1
62	58
62	33
62	19
62	55
62	26
62	103
62	114
62	86
62	109
62	133
62	27
62	56
62	18
62	118
62	48
62	21
62	5
62	91
62	131
62	79
62	3
62	13
62	68
62	111
62	65
62	82
62	96
62	36
62	28
62	117
62	14
62	110
62	51
62	59
63	109
63	134
63	46
63	88
63	102
63	97
63	100
63	128
63	103
63	47
63	29
63	94
63	116
63	39
63	56
63	89
63	120
63	132
63	108
63	64
63	87
63	78
63	79
63	77
63	38
63	20
63	62
63	72
63	43
63	113
63	118
63	30
63	127
63	86
63	37
63	84
63	33
63	111
63	40
63	1
63	85
63	106
63	133
63	74
63	130
63	117
63	126
63	5
63	24
63	124
63	50
63	93
63	114
63	76
63	125
63	27
63	41
63	34
63	92
63	51
63	11
63	7
63	9
63	105
63	101
63	19
63	110
64	43
64	128
64	20
64	113
64	134
64	21
64	65
64	111
64	38
64	33
64	1
64	62
64	110
64	89
64	132
64	40
64	47
64	5
64	25
64	127
64	7
64	88
64	6
64	109
64	56
64	103
64	3
64	95
64	24
64	97
64	106
64	50
64	114
64	30
64	121
64	63
64	137
64	94
64	104
64	8
64	31
64	93
64	90
64	77
64	35
64	112
64	14
64	34
64	123
64	118
64	29
64	100
64	133
64	82
64	86
64	116
64	126
64	81
64	131
64	84
64	51
64	42
64	4
64	73
64	92
64	12
65	128
65	77
65	118
65	46
65	41
65	51
65	63
65	54
65	121
65	106
65	94
65	62
65	105
65	3
65	111
65	93
65	5
65	97
65	38
65	57
65	10
65	103
65	90
65	28
65	27
65	88
65	40
65	59
65	4
65	29
65	89
65	13
65	95
65	69
65	58
65	1
65	116
65	129
65	125
65	49
65	134
65	43
65	47
65	110
65	104
65	127
65	31
65	7
65	113
65	126
65	108
65	114
65	50
65	76
65	83
65	131
65	109
65	17
65	66
65	120
65	26
65	14
65	71
65	21
65	87
66	135
66	130
66	69
66	88
66	96
66	15
66	102
66	51
66	22
66	134
66	40
66	38
66	103
66	116
66	70
66	117
66	32
66	13
66	10
66	89
66	100
66	77
66	101
66	62
66	115
66	94
66	46
66	21
66	74
66	30
66	84
66	82
66	90
66	76
66	120
66	128
66	124
66	47
66	17
66	27
66	72
66	11
66	3
66	131
66	112
66	41
66	52
66	50
66	5
66	56
66	48
66	33
66	20
66	29
66	42
66	75
66	110
66	78
66	127
66	63
66	95
66	68
66	8
66	71
66	37
66	108
66	9
66	126
66	43
66	97
66	54
66	86
66	34
66	6
66	67
66	136
66	60
66	23
66	61
66	109
66	19
66	12
66	73
66	14
66	4
66	55
66	7
66	105
66	107
66	99
66	87
66	44
67	96
67	47
67	62
67	94
67	114
67	116
67	58
67	103
67	136
67	38
67	4
67	43
67	131
67	17
67	74
67	72
67	111
67	134
67	108
67	34
67	88
67	89
67	20
67	56
67	41
67	66
67	55
67	3
67	97
67	59
67	82
67	126
67	14
67	119
67	84
67	121
67	86
67	18
67	133
67	42
67	77
67	76
68	46
68	131
68	97
68	114
68	55
68	62
68	77
68	134
68	13
68	76
68	115
68	127
68	58
68	86
68	20
68	38
68	84
68	88
68	21
68	33
68	74
68	22
68	66
68	15
68	99
68	51
68	80
68	126
68	103
68	6
68	10
68	89
68	100
68	79
68	29
68	9
68	27
68	40
68	113
68	95
68	56
68	43
68	83
68	75
68	45
68	4
68	64
68	41
68	81
68	65
68	47
68	73
68	87
68	110
68	128
68	82
68	72
68	52
68	129
69	94
69	62
69	109
69	52
69	43
69	46
69	88
69	10
69	58
69	106
69	83
69	42
69	134
69	130
69	34
69	74
69	27
69	97
69	89
69	128
69	115
69	100
69	80
69	125
69	112
69	38
69	122
69	77
69	5
69	23
69	131
69	114
69	61
69	35
69	22
69	53
69	12
69	108
69	60
69	90
69	49
69	127
69	71
69	76
69	65
69	121
69	1
69	41
69	72
69	14
69	31
69	103
69	44
69	21
69	64
70	10
70	103
70	48
70	59
70	135
70	46
70	41
70	131
70	1
70	127
70	62
70	90
70	118
70	86
70	97
70	38
70	89
70	31
70	15
70	88
70	114
70	123
70	115
70	20
70	6
70	43
70	60
70	121
70	74
70	94
70	126
70	111
70	40
70	7
70	21
70	66
70	17
70	83
70	8
70	35
70	34
70	18
70	30
70	69
70	79
70	77
70	134
70	67
70	65
70	71
70	108
70	130
70	58
70	128
70	4
70	27
70	129
70	5
70	93
70	11
70	137
70	55
70	51
71	63
71	66
71	131
71	89
71	111
71	103
71	68
71	88
71	118
71	75
71	46
71	39
71	31
71	15
71	62
71	47
71	38
71	97
71	5
71	104
71	35
71	117
71	59
71	14
71	54
71	90
71	43
71	122
71	121
71	48
71	74
71	19
71	7
71	41
71	53
71	65
71	69
71	116
71	114
71	125
71	10
71	40
71	25
71	124
71	67
71	123
71	96
71	78
71	27
71	56
71	127
71	92
71	94
71	29
71	134
71	129
71	13
71	24
71	32
71	4
71	6
71	60
71	72
71	61
71	84
71	99
71	44
71	49
71	112
71	106
71	20
72	24
72	124
72	25
72	106
72	64
72	132
72	130
72	88
72	38
72	89
72	100
72	78
72	103
72	36
72	74
72	75
72	5
72	39
72	80
72	29
72	62
72	134
72	120
72	34
72	76
73	131
73	14
73	10
73	62
73	77
73	121
73	103
73	97
73	57
73	41
73	129
73	31
73	65
73	11
73	134
73	118
73	24
73	110
73	7
73	47
73	38
73	21
73	53
73	66
73	111
73	89
73	59
73	23
73	127
73	30
73	120
73	116
73	88
73	104
73	48
73	39
73	34
73	125
73	122
73	108
73	76
73	60
73	13
73	55
73	68
73	94
73	52
73	72
73	29
73	61
73	119
73	35
73	32
73	22
73	69
73	100
73	5
73	78
73	45
73	133
73	27
73	40
73	96
73	114
73	95
73	126
73	16
73	99
73	49
73	42
73	123
73	64
73	6
73	93
73	91
73	83
73	67
73	56
73	92
73	17
73	33
73	85
73	63
73	105
73	19
73	84
73	9
73	37
73	44
73	43
73	12
73	20
73	70
73	74
73	107
73	58
73	15
73	4
74	2
74	98
74	128
74	22
74	36
74	124
74	23
74	92
74	75
74	127
74	122
74	39
74	7
74	56
74	103
74	38
74	40
74	16
74	126
74	25
74	53
74	29
74	88
74	134
74	100
74	24
74	105
74	114
74	48
74	28
74	97
74	76
74	62
75	9
75	89
75	27
75	114
75	97
75	66
75	56
75	88
75	103
75	101
75	77
75	19
75	43
75	62
75	100
75	68
75	85
75	131
75	95
75	45
75	11
75	86
75	33
75	29
75	116
75	126
75	41
75	115
75	10
75	38
75	134
75	58
75	47
75	121
75	14
75	84
75	46
75	94
75	136
75	55
75	74
75	34
75	3
75	76
75	81
75	17
75	109
75	113
75	87
75	71
75	61
75	128
75	21
75	127
75	4
75	72
76	106
76	43
76	131
76	48
76	135
76	38
76	77
76	10
76	89
76	40
76	88
76	35
76	94
76	17
76	14
76	129
76	58
76	59
76	70
76	80
76	4
76	49
76	15
76	5
76	65
76	52
76	134
76	103
76	128
76	96
76	46
76	62
76	123
76	97
76	47
76	21
76	119
76	90
76	7
76	8
76	71
76	95
76	11
76	1
76	98
76	63
76	126
76	74
76	22
76	41
76	23
76	99
76	136
76	13
76	53
76	120
76	110
76	114
76	29
76	20
76	116
76	67
76	30
76	127
76	109
76	50
76	6
76	132
76	36
76	137
76	83
76	122
76	105
76	56
76	28
76	24
76	93
76	111
76	101
76	104
76	61
76	45
76	85
76	39
76	33
76	115
76	69
76	102
76	133
76	44
76	118
76	54
76	78
76	25
76	125
76	121
76	60
76	16
76	113
76	79
76	87
76	68
76	2
76	75
76	26
76	51
76	55
76	19
76	9
76	117
76	12
76	72
76	34
76	84
76	31
76	18
76	86
76	37
76	32
76	107
76	73
77	105
77	86
77	82
77	127
77	109
77	85
77	103
77	88
77	22
77	7
77	66
77	38
77	26
77	134
77	84
77	43
77	79
77	4
77	52
77	130
77	3
77	97
77	120
77	47
77	110
77	87
77	56
77	118
77	76
77	102
77	20
77	70
77	94
77	24
77	100
77	72
77	25
77	81
77	62
77	29
77	73
77	21
77	31
77	36
77	13
77	30
77	39
77	111
77	95
77	91
77	8
77	126
77	48
77	104
77	89
77	74
77	33
77	12
77	131
77	129
77	1
77	83
77	40
77	14
77	41
77	92
77	46
77	99
77	132
77	59
77	57
77	128
77	135
77	19
77	124
77	51
77	78
77	125
77	112
77	15
77	16
77	63
77	50
77	34
77	117
77	96
77	10
77	75
77	55
77	121
77	61
77	45
77	58
77	115
77	67
77	101
77	17
77	107
77	23
77	113
77	98
77	93
77	9
77	18
77	71
77	122
77	37
77	114
77	6
77	68
77	42
77	27
77	65
77	32
77	5
78	88
78	114
78	73
78	77
78	120
78	14
78	134
78	97
78	22
78	51
78	76
78	17
78	130
78	131
78	95
78	21
78	62
78	52
78	28
78	50
78	46
78	20
78	58
78	121
78	100
78	74
78	56
78	35
78	112
78	70
78	66
78	89
78	48
78	34
78	27
78	75
78	38
78	12
78	49
78	86
78	3
78	84
78	117
78	106
78	65
78	40
78	68
78	67
78	29
78	103
78	116
78	126
78	4
78	110
78	108
78	92
78	55
78	43
78	71
78	113
78	127
78	19
78	24
78	87
78	7
78	128
78	132
78	8
78	47
78	82
78	98
78	33
78	123
79	130
79	135
79	30
79	38
79	62
79	84
79	134
79	6
79	113
79	8
79	5
79	127
79	88
79	74
79	23
79	44
79	10
79	89
79	72
79	65
79	60
79	93
79	100
79	118
79	55
79	107
79	53
79	68
79	48
79	46
79	94
79	123
79	43
79	63
79	51
79	61
79	32
79	73
79	41
79	22
79	49
79	116
79	129
79	76
79	137
79	20
79	56
79	42
79	114
79	52
79	11
79	34
79	103
79	110
80	88
80	38
80	11
80	62
80	116
80	134
80	133
80	34
80	83
80	100
80	87
80	89
80	77
80	56
80	8
80	90
80	29
80	97
80	52
80	108
80	10
80	70
80	40
80	37
80	132
80	115
80	26
80	112
80	114
80	55
80	50
80	76
80	82
80	72
80	131
80	20
80	127
80	14
80	129
80	58
80	33
80	130
80	47
80	43
80	126
80	21
80	103
80	74
80	101
80	15
80	35
80	3
80	99
80	128
80	53
80	61
80	107
80	5
80	30
80	51
80	92
80	19
81	97
81	43
81	62
81	101
81	40
81	94
81	52
81	122
81	1
81	92
81	120
81	5
81	88
81	114
81	34
81	77
81	132
81	93
81	129
81	38
81	100
81	72
81	135
81	127
81	111
81	71
81	76
81	95
81	134
81	125
81	90
81	27
81	56
81	48
81	75
81	11
81	89
81	15
81	96
81	47
81	20
81	10
81	12
81	3
81	33
81	130
81	29
81	46
81	87
81	64
81	21
81	82
81	36
81	23
81	110
82	110
82	47
82	114
82	111
82	94
82	21
82	134
82	35
82	27
82	5
82	97
82	25
82	59
82	14
82	6
82	15
82	58
82	79
82	41
82	38
82	62
82	20
82	88
82	48
82	121
82	103
82	136
82	131
82	32
82	51
82	118
82	24
82	43
82	4
82	66
82	30
82	86
82	78
82	46
82	49
82	67
82	87
82	137
82	53
82	90
82	57
82	29
82	63
82	40
82	11
82	31
82	89
82	72
82	132
82	76
82	44
82	100
82	45
82	77
82	129
82	127
82	34
82	56
82	13
82	126
82	99
82	12
82	8
82	95
82	73
82	122
82	7
82	92
82	19
82	17
82	130
82	3
82	36
82	71
83	88
83	77
83	30
83	112
83	134
83	62
83	47
83	74
83	38
83	90
83	40
83	76
83	71
83	125
83	43
83	36
83	84
83	130
83	89
83	54
83	8
83	100
83	94
83	12
83	56
83	99
83	114
83	34
83	52
83	118
83	46
83	48
83	97
83	95
83	128
83	121
83	64
83	29
83	1
83	27
83	72
83	126
83	127
83	131
83	103
83	116
83	55
83	70
83	113
83	23
83	21
83	4
83	7
83	120
83	80
83	13
83	82
83	124
84	85
84	99
84	119
84	81
84	34
84	130
84	98
84	36
84	124
84	76
84	88
84	126
84	104
84	7
84	100
84	62
84	25
84	90
84	38
84	134
84	20
84	94
84	40
84	77
85	109
85	103
85	26
85	88
85	95
85	134
85	40
85	117
85	100
85	56
85	97
85	79
85	15
85	46
85	102
85	14
85	38
85	43
85	67
85	115
85	29
85	112
85	77
85	52
85	89
85	25
85	64
85	51
85	62
85	130
85	86
85	65
85	108
85	32
85	20
85	123
85	120
85	76
85	3
85	21
85	68
85	7
85	48
85	10
85	45
85	58
85	106
85	47
85	131
85	34
85	12
85	128
85	105
85	8
85	30
85	27
85	55
85	113
85	33
85	19
85	132
85	87
85	82
85	137
86	52
86	13
86	40
86	20
86	73
86	124
86	66
86	38
86	103
86	60
86	48
86	41
86	7
86	88
86	10
86	1
86	111
86	34
86	76
86	9
86	121
86	131
86	62
86	84
86	43
86	110
86	29
86	12
86	122
86	72
86	25
86	118
86	65
86	57
86	37
86	132
86	39
86	51
86	135
86	116
86	104
86	123
86	59
86	95
86	98
86	83
86	97
86	30
86	96
86	68
86	113
86	81
86	42
86	78
86	70
86	69
86	53
86	75
86	44
86	134
86	94
86	67
86	22
86	120
86	15
86	11
86	126
86	85
86	26
86	93
86	24
86	56
86	137
86	19
86	89
86	99
86	64
86	92
86	107
86	112
86	61
86	117
86	127
86	23
86	63
86	47
86	74
86	31
86	108
86	101
86	3
87	14
87	52
87	119
87	10
87	76
87	134
87	94
87	88
87	47
87	41
87	59
87	95
87	62
87	71
87	126
87	22
87	131
87	127
87	124
87	113
87	38
87	21
87	24
87	56
87	100
87	63
87	77
87	7
87	116
87	15
87	49
87	114
87	72
87	130
87	103
87	110
87	20
87	128
87	73
87	5
87	89
87	6
87	137
88	83
88	46
88	86
88	20
88	30
88	15
88	134
88	81
88	47
88	105
88	128
88	62
88	10
88	29
88	121
88	123
88	77
88	17
88	48
88	103
88	76
88	108
88	125
88	95
88	40
88	71
88	94
88	89
88	98
88	74
88	67
88	4
88	115
88	38
88	97
88	72
88	122
88	90
88	130
88	58
88	7
88	19
88	5
88	78
88	85
88	80
88	61
88	100
88	79
88	49
88	34
88	99
88	6
88	43
88	52
88	24
88	127
88	14
88	75
88	110
88	132
88	12
88	13
88	116
88	96
88	65
88	9
88	66
88	28
88	41
88	27
88	136
88	21
88	129
88	93
88	16
88	135
88	60
88	26
88	119
88	126
88	112
88	111
88	39
88	57
88	131
88	8
88	22
88	84
88	68
88	69
88	37
88	70
88	118
88	114
88	51
88	56
88	53
88	124
88	3
88	33
88	2
88	23
88	59
88	18
88	64
88	109
88	25
88	32
88	11
88	113
88	137
88	36
88	82
88	55
88	120
88	87
88	63
88	1
88	107
88	117
88	44
88	133
88	102
88	50
88	45
88	35
88	91
88	101
88	104
88	92
88	54
88	31
88	73
88	106
89	97
89	47
89	29
89	130
89	39
89	127
89	123
89	122
89	2
89	103
89	80
89	78
89	16
89	92
89	24
89	25
89	76
89	28
89	10
89	75
89	8
89	96
89	88
89	116
89	128
89	5
89	18
89	9
89	134
89	95
89	3
89	62
89	136
89	20
89	54
89	64
89	91
89	132
89	34
89	52
89	69
89	112
89	61
89	38
89	115
89	72
89	135
89	105
89	37
89	13
89	19
89	74
89	43
89	102
89	100
89	137
89	58
89	94
89	44
89	4
89	84
89	41
89	40
89	77
89	57
89	113
89	56
89	120
89	131
89	7
89	30
89	65
89	90
89	114
89	21
89	82
89	46
90	118
90	94
90	121
90	71
90	8
90	111
90	43
90	103
90	97
90	131
90	23
90	34
90	99
90	61
90	14
90	30
90	108
90	38
90	31
90	88
90	29
90	89
90	62
90	70
90	51
90	84
90	122
90	125
90	95
90	134
90	65
90	59
90	47
90	24
90	127
90	18
90	9
90	45
90	100
90	53
90	74
90	102
90	83
90	101
90	2
90	21
90	115
90	81
90	44
90	69
90	13
90	119
90	7
90	76
90	107
90	113
90	117
90	80
90	52
90	64
90	56
90	104
90	92
90	126
90	42
90	25
90	55
90	5
90	15
90	16
90	60
90	116
90	114
90	36
90	12
90	129
90	77
90	54
90	6
90	72
90	10
90	22
90	130
91	30
91	88
91	76
91	62
91	90
91	7
91	104
91	116
91	20
91	100
91	16
91	136
91	134
91	10
91	29
91	108
91	47
91	17
91	25
91	38
91	95
91	89
91	113
91	19
91	48
91	112
91	94
91	105
91	21
91	56
91	77
91	43
91	64
91	79
91	127
91	8
91	46
91	34
91	133
91	15
91	106
91	3
91	120
91	4
91	72
91	103
91	67
91	123
91	84
91	35
91	37
91	82
91	111
91	33
91	40
91	114
91	11
91	12
91	14
92	116
92	88
92	25
92	48
92	10
92	6
92	130
92	89
92	14
92	100
92	20
92	94
92	77
92	103
92	134
92	78
92	47
92	76
92	7
92	43
92	12
92	50
92	112
92	62
92	38
92	123
92	70
92	56
92	34
92	58
92	128
92	11
92	133
92	74
92	115
92	4
92	97
92	8
92	64
92	95
92	120
92	101
92	19
92	37
92	106
92	136
92	15
92	110
92	39
92	82
93	89
93	23
93	114
93	44
93	15
93	62
93	97
93	94
93	38
93	126
93	63
93	43
93	77
93	49
93	76
93	30
93	137
93	103
93	46
93	88
93	116
93	127
93	134
93	105
93	34
93	99
93	72
93	118
93	111
93	57
93	42
93	87
93	20
93	67
93	66
93	65
94	16
94	9
94	88
94	62
94	95
94	98
94	127
94	63
94	36
94	8
94	130
94	97
94	38
94	25
94	54
94	32
94	80
94	134
94	100
94	40
94	123
94	102
94	89
94	34
94	7
94	47
94	20
94	56
94	136
94	43
94	105
94	18
94	111
94	77
94	64
94	132
94	122
94	29
94	76
94	69
94	78
94	116
94	2
94	10
94	91
94	27
94	5
94	84
94	103
94	61
94	124
94	118
94	48
94	82
94	11
94	120
94	23
94	131
94	4
94	87
94	115
94	28
94	41
95	114
95	136
95	97
95	103
95	118
95	5
95	58
95	41
95	90
95	131
95	27
95	77
95	53
95	48
95	111
95	123
95	57
95	38
95	121
95	59
95	122
95	31
95	10
95	4
95	30
95	86
95	23
95	88
95	106
95	96
95	87
95	63
95	34
95	73
95	134
95	74
95	39
95	105
95	65
95	13
95	22
95	7
95	35
95	52
95	70
95	11
95	15
95	62
95	67
95	51
95	50
95	66
95	14
95	110
95	17
95	82
95	64
95	128
95	46
95	43
95	117
95	137
95	94
95	79
95	12
95	89
95	8
95	100
96	94
96	47
96	103
96	116
96	128
96	70
96	58
96	114
96	41
96	118
96	88
96	62
96	93
96	89
96	130
96	113
96	131
96	136
96	38
96	77
96	21
96	52
96	132
96	134
96	30
96	97
96	20
96	127
96	43
96	67
96	111
96	29
96	76
96	100
96	64
96	24
96	50
96	48
96	72
96	59
96	91
96	112
96	115
96	56
96	40
96	63
96	34
96	121
96	95
96	36
96	110
96	86
96	17
96	82
96	120
96	33
97	11
97	43
97	10
97	101
97	34
97	48
97	15
97	88
97	12
97	56
97	68
97	38
97	132
97	130
97	1
97	73
97	65
97	63
97	81
97	94
97	125
97	123
97	135
97	14
97	8
97	7
97	99
97	62
97	69
97	61
97	72
97	54
97	104
97	53
97	52
97	120
97	22
97	77
97	89
97	60
97	16
97	6
97	3
97	115
97	70
97	76
97	134
97	47
97	29
97	39
97	127
97	112
97	75
97	71
97	124
97	21
97	129
97	102
97	45
97	74
97	42
97	128
97	131
97	82
97	30
97	51
97	46
97	126
97	93
97	137
97	25
97	117
97	84
97	18
97	100
97	37
97	23
97	44
97	108
97	20
97	40
97	64
97	85
97	95
97	109
97	119
97	110
97	58
97	116
97	113
97	17
97	80
97	19
97	32
97	122
97	96
97	105
97	92
97	83
97	5
97	91
97	9
97	13
97	103
97	55
97	24
97	28
97	90
97	49
97	107
97	133
97	98
97	33
97	2
97	78
97	26
97	4
97	50
97	106
97	41
97	36
97	79
97	67
98	30
98	62
98	134
98	38
98	47
98	88
98	103
98	48
98	70
98	76
98	106
98	59
98	95
98	120
98	114
98	20
98	14
98	58
98	90
98	56
98	97
98	112
98	128
98	117
98	43
98	77
98	24
98	40
98	100
98	130
98	34
98	23
98	1
98	41
98	52
98	35
98	8
98	10
98	82
98	132
98	94
98	45
98	131
98	13
98	125
98	9
98	84
98	67
98	116
98	50
98	87
98	55
98	105
98	115
98	109
98	27
98	121
98	29
98	86
98	89
98	127
98	26
98	4
98	7
98	46
98	28
98	79
98	110
98	5
98	111
98	12
98	15
98	108
99	134
99	88
99	22
99	40
99	101
99	43
99	47
99	77
99	62
99	15
99	114
99	108
99	94
99	127
99	8
99	38
99	71
99	89
99	56
99	97
99	10
99	128
99	121
99	103
99	7
99	76
99	51
99	116
99	100
99	82
99	112
99	14
99	111
99	90
99	48
99	30
99	58
99	126
99	133
99	20
99	5
99	67
99	27
99	34
99	115
99	45
99	11
99	33
99	61
99	87
99	55
99	50
99	137
99	1
99	120
99	132
99	79
99	98
99	29
99	12
99	41
99	25
99	35
99	59
99	106
99	64
99	3
100	62
100	10
100	5
100	27
100	97
100	21
100	66
100	103
100	90
100	38
100	46
100	91
100	58
100	41
100	114
100	77
100	137
100	89
100	57
100	85
100	86
100	118
100	131
100	15
100	53
100	95
100	29
100	59
100	129
100	110
100	67
100	122
100	34
100	14
100	31
100	7
100	18
100	135
100	128
100	4
100	48
100	106
100	105
100	65
100	47
100	94
100	26
100	116
100	37
100	50
100	2
100	12
100	55
100	23
100	35
100	121
100	39
100	72
100	52
100	33
100	111
100	69
100	88
100	22
100	49
100	40
100	107
100	71
100	68
100	80
100	125
100	56
100	43
100	92
100	63
100	113
100	51
100	99
100	60
100	8
100	84
100	61
100	11
100	127
100	30
100	74
100	75
100	73
100	119
100	6
100	3
100	87
100	104
100	17
100	134
100	9
100	44
100	19
100	120
100	133
100	24
100	126
100	93
100	117
100	16
100	32
100	136
100	36
100	115
100	79
101	76
101	100
101	48
101	134
101	90
101	108
101	10
101	44
101	102
101	77
101	131
101	52
101	97
101	105
101	75
101	47
101	127
101	62
101	118
101	92
101	25
101	136
101	88
101	116
101	125
101	24
101	123
101	38
101	29
101	56
101	3
101	113
101	82
101	61
101	89
101	114
101	30
101	20
101	107
101	34
101	94
101	103
101	59
101	41
101	9
101	106
101	81
101	71
101	124
101	120
101	72
101	78
101	7
101	130
101	18
101	67
101	28
101	16
101	129
101	128
101	49
102	133
102	107
102	118
102	135
102	21
102	12
102	71
102	48
102	11
102	14
102	10
102	100
102	62
102	130
102	77
102	131
102	6
102	47
102	129
102	82
102	59
102	88
102	20
102	40
102	23
102	50
102	128
102	134
102	95
102	87
102	22
102	52
102	58
102	76
102	137
102	110
102	74
102	115
102	5
102	103
102	38
102	26
102	43
102	97
102	93
102	53
102	32
102	99
102	41
102	104
102	56
102	127
102	90
102	120
102	126
102	65
102	1
102	73
102	7
102	89
102	34
102	46
102	63
103	88
103	38
103	62
103	77
103	63
103	100
103	89
103	134
103	137
103	96
103	47
103	28
103	127
103	72
103	15
103	128
103	14
103	43
103	93
103	85
103	33
103	123
103	10
103	3
103	52
103	84
103	112
103	67
103	71
103	125
103	60
103	117
103	6
103	12
103	102
103	2
103	130
103	48
103	92
103	69
103	94
103	76
103	70
103	91
103	4
103	32
103	22
103	75
103	113
103	74
103	8
103	51
103	124
103	105
103	97
103	26
103	120
103	126
103	7
103	40
103	45
103	58
103	61
103	42
103	46
103	29
103	101
103	122
103	65
103	49
103	115
103	25
103	23
103	56
103	1
103	41
103	98
103	104
103	131
103	135
103	109
103	106
103	132
103	30
103	95
103	64
103	5
103	116
103	9
103	110
103	20
103	99
103	36
103	86
103	68
103	16
103	82
103	133
103	81
103	17
103	119
103	37
103	34
103	55
103	54
103	27
103	13
103	87
103	11
103	44
103	78
103	21
103	24
103	107
103	80
103	19
103	129
103	18
103	53
103	79
103	118
103	111
103	39
103	83
103	114
103	90
103	50
104	116
104	88
104	34
104	43
104	14
104	40
104	130
104	7
104	112
104	95
104	67
104	62
104	90
104	100
104	134
104	131
104	4
104	56
104	38
104	110
104	20
104	30
104	25
104	89
104	59
104	76
104	74
104	1
104	94
104	77
104	21
104	17
104	51
104	97
104	12
104	70
104	128
104	105
104	72
104	19
104	71
104	47
104	82
104	133
104	103
104	58
104	126
104	119
104	22
104	107
104	69
104	33
104	114
104	87
104	35
104	93
104	127
104	48
104	124
105	89
105	94
105	101
105	88
105	38
105	49
105	47
105	12
105	62
105	117
105	137
105	127
105	56
105	96
105	113
105	16
105	43
105	48
105	72
105	7
105	103
105	65
105	125
105	30
105	118
105	134
105	2
105	10
105	111
105	121
105	130
105	8
105	26
105	131
105	40
105	34
105	74
105	114
105	81
105	44
105	76
105	98
105	41
105	104
105	3
105	52
105	22
105	55
105	135
105	23
105	61
105	29
105	93
105	73
105	20
105	59
105	95
105	15
105	51
105	91
105	63
105	32
106	125
106	73
106	85
106	38
106	88
106	103
106	20
106	127
106	56
106	100
106	89
106	15
106	51
106	65
106	91
106	3
106	92
106	134
106	93
106	62
106	113
106	133
106	76
106	116
106	24
106	29
106	121
106	10
106	77
106	108
106	34
106	43
106	136
106	39
106	47
106	126
106	110
106	130
106	25
106	75
106	118
106	131
106	117
106	6
106	95
106	7
106	28
107	88
107	134
107	94
107	62
107	71
107	43
107	116
107	115
107	112
107	77
107	38
107	128
107	76
107	40
107	106
107	53
107	29
107	20
107	47
107	26
107	48
107	63
107	65
107	10
107	126
107	11
107	87
107	64
107	19
107	127
107	56
107	34
107	67
107	37
107	97
107	61
107	32
107	21
107	8
107	82
107	132
107	135
107	22
107	91
107	83
107	130
107	4
107	41
107	15
107	108
107	120
107	14
107	7
107	95
108	56
108	134
108	47
108	53
108	61
108	100
108	88
108	22
108	94
108	93
108	89
108	120
108	52
108	90
108	14
108	7
108	43
108	20
108	23
108	26
108	113
108	11
108	15
108	62
108	40
108	38
108	82
108	18
108	33
108	21
108	103
108	49
108	72
108	137
108	116
108	75
108	101
108	76
108	3
108	30
108	133
108	63
108	124
108	117
108	84
108	127
108	10
108	136
108	4
108	60
108	91
108	8
108	98
108	41
108	44
108	110
108	114
108	46
108	35
108	68
108	67
109	5
109	101
109	43
109	12
109	88
109	89
109	94
109	134
109	135
109	68
109	95
109	99
109	38
109	124
109	60
109	112
109	73
109	56
109	70
109	104
109	53
109	74
109	62
109	44
109	130
109	20
109	64
109	77
109	120
109	76
109	123
109	127
109	82
109	93
109	61
109	36
109	11
109	40
109	113
109	37
109	15
109	10
109	107
109	8
109	22
109	7
109	114
109	23
109	129
109	118
109	49
109	65
109	48
109	46
109	33
109	45
109	100
109	84
109	55
109	30
109	47
109	3
109	72
109	125
109	52
109	29
110	131
110	66
110	111
110	86
110	97
110	103
110	80
110	34
110	27
110	58
110	57
110	5
110	73
110	114
110	56
110	25
110	81
110	109
110	106
110	89
110	52
110	88
110	121
110	62
110	72
110	30
110	104
110	132
110	128
110	117
110	134
110	94
110	38
110	7
110	77
110	16
110	108
110	59
110	31
110	92
110	43
110	75
110	55
110	23
110	42
110	118
110	24
110	39
110	87
110	126
110	29
110	11
110	127
110	65
110	74
110	83
110	41
110	120
110	98
110	33
110	105
110	20
110	84
110	122
110	1
110	46
110	8
110	50
110	47
110	100
110	78
110	61
110	125
110	79
110	82
110	99
110	21
110	28
110	19
110	76
110	64
110	113
110	18
110	129
111	62
111	97
111	10
111	110
111	77
111	93
111	89
111	70
111	94
111	4
111	100
111	125
111	127
111	43
111	126
111	88
111	34
111	105
111	56
111	74
111	85
111	38
111	6
111	118
111	12
111	3
111	112
111	14
111	99
111	130
111	124
111	54
111	21
111	128
111	76
111	46
111	15
111	30
111	133
111	20
111	8
111	108
111	48
111	69
111	103
111	52
111	95
111	63
111	7
111	60
111	64
111	37
111	134
111	123
111	120
111	115
111	61
111	131
111	67
111	32
111	33
111	84
111	65
111	137
111	17
111	29
111	72
111	98
111	119
111	44
111	11
111	81
111	104
111	13
111	23
111	50
111	51
111	71
111	42
111	135
111	47
111	109
111	49
111	40
111	26
111	58
111	16
111	5
111	24
111	116
111	82
111	101
111	55
111	114
111	102
111	45
111	27
111	2
111	113
111	107
111	68
111	36
111	9
111	87
111	41
111	136
111	132
111	22
111	96
112	72
112	77
112	131
112	97
112	95
112	40
112	10
112	118
112	121
112	90
112	48
112	135
112	15
112	22
112	123
112	58
112	14
112	5
112	18
112	111
112	103
112	26
112	47
112	88
112	3
112	50
112	17
112	63
112	21
112	114
112	32
112	98
112	29
112	62
112	20
112	60
112	120
112	4
112	52
112	38
112	41
112	110
112	134
112	56
112	7
112	128
112	96
112	6
112	51
112	49
112	39
112	66
112	104
112	24
112	99
112	71
112	35
112	113
112	33
112	31
112	59
112	43
112	133
112	34
112	13
112	115
112	23
112	74
112	65
112	100
112	78
112	67
112	79
112	27
112	55
112	129
112	84
112	91
112	57
112	12
112	89
112	93
112	45
112	80
112	2
112	127
112	61
112	11
112	137
112	126
112	125
112	106
112	94
112	75
112	19
112	69
112	16
112	122
112	116
112	85
113	36
113	98
113	134
113	97
113	116
113	124
113	34
113	24
113	136
113	2
113	110
113	23
113	88
113	20
113	75
113	29
113	94
113	48
113	89
113	135
113	71
113	38
113	77
113	76
113	1
113	4
113	122
113	103
113	102
113	125
113	86
113	63
113	39
113	112
114	63
114	2
114	31
114	131
114	34
114	103
114	57
114	7
114	108
114	88
114	89
114	22
114	23
114	28
114	48
114	60
114	10
114	66
114	41
114	137
114	117
114	94
114	15
114	118
114	59
114	125
114	51
114	40
114	61
114	122
114	62
114	99
114	121
114	53
114	29
114	67
114	43
114	68
114	111
114	93
114	4
114	52
114	47
114	97
114	135
114	24
114	30
114	37
114	56
114	39
114	38
114	74
114	65
114	42
114	98
114	116
114	134
114	76
114	80
114	126
114	8
114	83
114	70
114	13
114	54
114	112
114	49
114	113
114	72
114	85
114	81
114	69
114	101
114	133
114	16
114	124
114	92
114	123
114	78
114	75
114	45
114	84
114	100
114	96
114	95
114	12
114	110
114	44
114	127
114	25
114	104
114	6
114	71
114	91
114	18
114	55
114	9
114	33
114	129
114	107
114	77
114	82
114	115
114	3
114	20
114	36
114	14
114	119
115	103
115	97
115	118
115	58
115	131
115	77
115	128
115	66
115	4
115	22
115	111
115	27
115	65
115	39
115	114
115	23
115	86
115	68
115	60
115	59
115	38
115	48
115	109
115	31
115	121
115	34
115	35
115	10
115	122
115	29
115	5
115	3
115	105
115	14
115	43
115	62
115	41
115	99
115	9
115	17
115	57
115	104
115	63
115	106
115	88
115	56
115	8
115	137
115	125
115	67
115	44
115	7
116	94
116	11
116	105
116	97
116	103
116	38
116	5
116	58
116	34
116	118
116	35
116	77
116	66
116	41
116	27
116	111
116	131
116	128
116	106
116	114
116	86
116	88
116	43
116	113
116	31
116	122
116	104
116	121
116	39
116	57
116	89
116	109
116	127
116	63
116	62
116	30
116	80
116	19
116	59
116	65
116	15
116	23
116	125
116	33
116	69
116	53
116	7
116	78
116	16
116	134
116	126
116	10
116	102
116	91
116	74
116	48
116	92
116	50
116	101
116	61
116	98
116	52
116	87
116	29
116	81
116	120
116	3
116	2
116	40
116	83
116	9
116	47
116	93
116	90
116	4
116	17
116	84
116	22
116	8
116	75
116	55
116	44
116	72
116	13
116	49
116	12
116	79
116	46
116	56
116	64
116	26
116	117
116	25
116	73
116	137
116	28
116	24
117	27
117	88
117	1
117	54
117	62
117	63
117	97
117	38
117	58
117	103
117	134
117	10
117	69
117	86
117	35
117	41
117	114
117	76
117	127
117	89
117	111
117	55
117	37
117	13
117	50
117	105
117	132
117	121
117	133
117	70
117	51
117	95
117	23
117	29
117	57
117	34
117	66
117	12
117	19
117	87
117	4
117	106
117	31
117	64
117	5
117	43
117	56
118	52
118	46
118	103
118	105
118	101
118	97
118	62
118	10
118	7
118	48
118	111
118	15
118	90
118	88
118	47
118	102
118	28
118	79
118	9
118	40
118	87
118	42
118	72
118	1
118	134
118	121
118	29
118	38
118	19
118	68
118	89
118	43
118	8
118	135
118	77
118	20
118	76
118	30
118	108
118	82
118	133
118	24
118	61
118	45
118	110
118	3
118	33
118	128
118	131
118	95
118	71
118	56
118	4
118	41
118	94
118	123
118	109
118	63
118	26
118	53
118	51
118	129
118	65
118	21
118	130
118	11
118	34
118	69
118	132
118	112
118	120
118	23
118	6
118	49
118	37
118	125
118	22
118	74
118	35
118	113
118	83
118	100
118	67
118	32
118	14
118	126
118	50
118	124
118	12
118	58
118	84
118	116
118	127
118	55
118	91
118	70
118	114
118	93
118	99
118	137
118	60
118	73
118	66
118	86
118	44
119	114
119	62
119	88
119	5
119	56
119	24
119	58
119	108
119	41
119	30
119	20
119	120
119	134
119	109
119	70
119	43
119	110
119	77
119	14
119	76
119	84
119	29
119	48
119	51
119	127
119	86
119	117
119	90
119	89
119	103
119	105
119	45
119	26
119	97
119	40
119	132
119	112
119	128
119	19
119	10
119	46
119	130
119	35
119	33
119	74
119	75
119	79
119	38
119	94
119	100
119	4
119	16
119	50
119	3
119	28
119	9
119	47
119	111
119	118
119	87
119	126
119	7
119	106
119	12
119	52
119	39
119	95
119	82
119	116
119	42
119	101
119	83
120	94
120	89
120	40
120	78
120	131
120	134
120	77
120	11
120	61
120	55
120	43
120	13
120	69
120	7
120	93
120	103
120	62
120	33
120	38
120	137
120	9
120	4
120	17
120	132
120	47
120	37
120	70
120	12
120	112
120	113
120	95
120	20
120	8
120	88
120	14
120	22
120	83
120	48
120	28
120	25
120	127
120	19
120	16
120	85
120	99
120	30
120	49
120	15
120	29
120	68
120	91
120	5
120	128
120	130
120	74
120	92
120	54
120	126
120	6
120	124
120	72
120	56
120	125
120	41
120	23
120	18
120	44
120	119
120	2
120	108
120	115
120	98
120	84
120	82
120	80
120	52
120	90
120	116
121	15
121	97
121	88
121	81
121	10
121	18
121	125
121	103
121	48
121	134
121	38
121	76
121	43
121	62
121	77
121	94
121	128
121	37
121	84
121	42
121	127
121	3
121	89
121	30
121	67
121	126
121	56
121	52
121	70
121	85
121	12
121	95
121	104
121	74
121	109
121	14
121	86
121	47
121	29
121	113
121	72
121	108
121	124
121	69
121	34
121	40
121	11
121	106
121	59
121	65
121	105
121	8
121	130
121	4
121	112
121	50
121	115
121	107
121	64
121	26
121	131
121	99
121	119
121	100
121	49
121	110
121	32
121	33
121	111
121	53
121	63
121	96
121	51
121	6
121	117
121	116
121	19
121	93
121	114
121	55
121	98
121	20
121	60
121	5
121	13
121	90
121	132
121	87
121	7
121	133
121	41
121	23
121	92
121	135
122	103
122	29
122	88
122	77
122	62
122	30
122	10
122	89
122	23
122	14
122	134
122	52
122	69
122	97
122	51
122	58
122	34
122	95
122	114
122	90
122	120
122	65
122	116
122	64
122	1
122	109
122	124
122	127
122	43
122	106
122	86
122	94
122	47
122	67
122	40
122	113
122	74
122	56
122	4
122	48
122	41
122	33
122	38
122	37
122	115
122	21
122	13
122	128
122	110
122	7
122	3
122	76
122	100
122	55
122	12
122	130
122	60
122	131
122	71
122	108
122	126
122	32
122	84
122	129
122	44
122	87
122	11
122	96
122	79
122	137
122	9
122	42
122	5
122	20
122	82
122	112
122	133
122	22
122	15
122	45
122	136
123	88
123	118
123	28
123	111
123	126
123	120
123	20
123	91
123	108
123	97
123	95
123	51
123	38
123	94
123	48
123	46
123	17
123	112
123	103
123	58
123	56
123	55
123	92
123	34
123	134
123	47
123	76
123	89
123	77
123	114
123	62
123	35
123	65
123	100
123	41
123	40
123	52
123	110
123	27
123	43
123	33
123	32
123	116
123	67
123	29
123	130
123	15
123	84
123	115
123	72
123	82
123	21
123	30
124	88
124	62
124	97
124	43
124	77
124	20
124	30
124	40
124	64
124	27
124	100
124	10
124	17
124	16
124	134
124	22
124	29
124	52
124	86
124	133
124	53
124	14
124	114
124	127
124	47
124	95
124	3
124	66
124	56
124	65
124	81
124	4
124	115
124	119
124	126
124	80
124	76
124	48
124	37
124	41
124	5
124	108
124	83
124	117
124	38
124	35
124	60
124	87
124	58
124	89
124	24
124	120
124	49
124	72
124	34
125	88
125	103
125	10
125	100
125	51
125	101
125	97
125	90
125	15
125	128
125	89
125	5
125	33
125	38
125	35
125	94
125	111
125	62
125	95
125	86
125	17
125	43
125	74
125	121
125	109
125	8
125	58
125	81
125	96
125	56
125	23
125	115
125	77
125	37
125	104
125	105
125	132
125	24
125	32
125	114
125	20
125	25
125	16
125	127
125	29
125	1
125	34
125	27
125	134
125	131
125	48
125	57
125	76
125	65
125	66
125	118
125	31
125	60
125	78
125	63
125	71
125	72
125	50
125	130
125	42
125	6
126	85
126	47
126	10
126	98
126	88
126	25
126	99
126	132
126	116
126	11
126	134
126	48
126	46
126	80
126	119
126	40
126	2
126	93
126	17
126	22
126	62
126	89
126	83
126	107
126	97
126	103
126	77
126	84
126	76
126	95
126	131
126	78
126	14
126	27
126	49
126	15
126	26
126	43
126	124
126	63
126	94
126	20
126	30
126	114
126	67
126	44
126	74
126	38
126	19
126	96
126	113
126	16
126	104
126	121
126	136
126	110
126	7
126	36
126	6
126	82
126	81
126	31
127	124
127	38
127	34
127	98
127	99
127	134
127	93
127	119
127	19
127	64
127	88
127	20
127	54
127	94
127	25
127	2
127	89
127	77
127	62
127	76
127	16
127	120
127	70
127	85
127	30
127	97
127	132
127	137
127	58
127	24
127	116
127	66
127	103
127	117
127	121
127	40
127	100
127	56
127	17
127	95
127	29
127	79
127	44
127	36
127	114
127	47
127	31
127	82
127	118
127	81
127	113
127	92
128	132
128	11
128	73
128	118
128	3
128	103
128	111
128	34
128	94
128	52
128	134
128	120
128	1
128	26
128	121
128	74
128	53
128	56
128	38
128	76
128	20
128	82
128	89
128	60
128	113
128	117
128	63
128	137
128	59
128	47
128	30
128	10
128	122
128	131
128	92
128	62
128	43
128	7
128	29
128	9
128	23
128	57
128	8
128	127
128	72
128	44
128	123
128	24
128	88
128	97
128	15
128	100
128	41
128	129
128	125
128	61
128	136
128	110
128	48
128	85
128	66
128	18
128	37
128	32
128	71
128	114
128	65
128	31
128	78
128	22
128	68
128	14
128	124
128	70
128	51
128	42
128	112
128	81
128	93
128	77
128	84
129	97
129	58
129	62
129	60
129	74
129	88
129	137
129	65
129	131
129	15
129	24
129	114
129	43
129	47
129	31
129	109
129	103
129	20
129	10
129	14
129	64
129	89
129	77
129	87
129	128
129	29
129	27
129	67
129	41
129	44
129	34
129	112
129	59
129	79
129	124
129	113
129	127
129	17
129	48
129	72
129	134
129	100
129	6
129	51
129	90
129	93
129	95
129	55
130	95
130	118
130	97
130	103
130	5
130	121
130	46
130	20
130	59
130	29
130	60
130	7
130	88
130	72
130	94
130	114
130	135
130	111
130	134
130	62
130	110
130	65
130	11
130	58
130	34
130	109
130	131
130	41
130	90
130	83
130	8
130	40
130	128
130	48
130	67
130	39
130	27
130	93
130	132
130	35
130	113
130	52
130	21
130	66
130	47
130	77
130	38
130	115
130	70
130	120
130	125
130	30
130	129
130	137
130	119
130	74
130	15
130	13
130	126
130	133
130	43
130	31
130	12
130	56
130	127
130	122
130	79
130	89
130	86
130	102
130	37
130	32
131	27
131	35
131	97
131	3
131	88
131	62
131	103
131	101
131	66
131	89
131	7
131	76
131	78
131	22
131	15
131	48
131	68
131	128
131	11
131	108
131	111
131	109
131	1
131	120
131	113
131	77
131	47
131	87
131	26
131	83
131	39
131	10
131	5
131	23
131	134
131	57
131	121
131	52
131	43
131	69
131	96
131	14
131	95
131	100
131	29
131	137
131	45
131	53
131	117
131	129
131	102
131	70
131	119
131	125
131	132
131	58
131	94
131	59
131	107
131	65
131	86
131	85
131	6
131	127
131	34
131	46
131	20
131	38
131	32
131	19
131	118
131	110
131	18
131	136
131	21
131	33
131	63
131	30
131	25
131	56
131	71
131	60
131	55
131	73
131	41
131	112
131	116
131	8
131	126
131	72
131	50
131	49
131	24
131	67
131	115
131	4
131	91
131	114
131	82
131	42
131	12
131	133
131	13
131	105
131	61
131	130
131	40
131	28
132	101
132	97
132	89
132	76
132	100
132	29
132	72
132	134
132	40
132	127
132	62
132	47
132	39
132	118
132	130
132	63
132	15
132	56
132	38
132	7
132	136
132	43
132	88
132	20
132	116
132	86
132	110
132	11
132	95
132	121
132	120
132	96
132	104
132	99
132	41
132	26
132	94
132	12
132	52
132	45
132	54
132	128
132	66
132	131
132	57
132	115
132	60
132	34
132	3
132	126
132	8
132	64
132	107
133	31
133	5
133	103
133	114
133	97
133	134
133	35
133	41
133	43
133	131
133	34
133	65
133	39
133	52
133	30
133	77
133	7
133	128
133	27
133	88
133	57
133	14
133	48
133	66
133	50
133	13
133	90
133	86
133	29
133	59
133	58
133	17
133	106
133	38
133	12
133	122
133	99
133	118
133	15
133	47
133	127
133	3
133	78
133	10
133	62
133	32
133	85
133	81
133	26
133	67
134	97
134	44
134	83
134	109
134	86
134	111
134	63
134	118
134	77
134	58
134	27
134	103
134	94
134	59
134	81
134	88
134	93
134	125
134	30
134	121
134	131
134	90
134	114
134	135
134	76
134	89
134	10
134	56
134	120
134	7
134	66
134	62
134	38
134	35
134	78
134	50
134	5
134	41
134	34
134	100
134	130
134	122
134	52
134	128
134	24
134	72
134	14
134	113
134	95
134	115
134	57
134	43
134	106
134	31
134	39
134	85
134	46
134	23
134	74
134	124
134	26
134	119
134	51
134	2
134	29
134	137
134	67
134	104
134	132
134	20
134	136
134	73
134	4
134	3
134	47
134	65
134	16
134	126
134	11
134	101
134	127
134	79
134	87
134	48
134	69
134	40
134	13
134	64
134	49
134	8
134	53
134	33
134	60
134	17
134	68
134	25
134	22
134	112
134	37
134	129
134	92
134	61
134	19
134	54
134	70
134	82
134	9
134	15
134	55
134	84
134	98
134	80
134	133
134	91
134	71
134	12
134	107
134	21
134	96
134	6
134	18
134	110
134	116
134	117
135	46
135	41
135	15
135	58
135	89
135	97
135	102
135	94
135	84
135	118
135	20
135	21
135	131
135	25
135	10
135	127
135	111
135	134
135	88
135	62
135	60
135	77
135	112
135	64
135	43
135	114
135	108
135	128
135	109
135	38
135	3
135	121
135	47
135	103
135	30
135	59
135	37
135	40
135	76
135	24
135	8
135	105
135	74
135	65
135	79
135	107
135	48
135	86
135	7
135	72
135	29
135	82
135	56
135	57
135	33
136	97
136	58
136	5
136	90
136	103
136	27
136	118
136	10
136	117
136	21
136	41
136	59
136	69
136	131
136	134
136	114
136	89
136	43
136	106
136	86
136	61
136	14
136	4
136	62
136	111
136	128
136	109
136	122
136	31
136	48
136	35
136	34
136	121
136	38
136	57
136	77
136	65
136	66
136	105
136	46
136	49
136	127
136	23
136	8
136	56
136	100
136	33
136	52
136	81
136	30
136	94
136	88
136	17
136	85
136	75
136	79
136	29
136	87
136	96
136	76
136	15
136	113
136	73
136	64
137	119
137	46
137	112
137	33
137	22
137	7
137	53
137	61
137	116
137	30
137	101
137	43
137	4
137	89
137	62
137	105
137	128
137	47
137	28
137	5
137	102
137	88
137	48
137	10
137	100
137	118
137	76
137	131
137	69
137	94
137	1
137	21
137	115
137	93
137	6
137	127
137	60
137	24
137	38
137	97
137	72
137	74
137	49
137	77
137	34
137	114
137	25
137	92
137	82
137	64
137	41
137	136
137	70
