1	126
1	161
1	130
1	145
1	78
1	21
1	38
1	49
1	44
1	19
1	93
1	106
1	119
1	11
1	132
1	118
1	59
1	149
1	28
1	52
1	33
1	62
1	92
1	139
1	89
1	133
1	12
1	87
1	163
1	123
1	64
1	150
1	66
1	63
1	77
1	159
1	68
1	34
1	79
1	147
1	107
1	102
1	47
1	115
1	50
1	86
1	15
1	74
1	143
1	17
1	152
1	53
1	160
1	54
1	125
1	31
1	134
1	81
1	8
1	146
1	14
1	5
1	6
1	48
1	65
1	51
1	42
1	101
1	69
1	122
1	155
1	60
1	99
1	46
1	61
1	140
1	88
1	35
1	124
1	85
1	116
1	136
1	25
1	127
1	3
1	162
1	109
1	120
1	23
1	72
1	105
1	142
1	95
1	22
1	56
1	27
1	110
1	141
1	57
1	10
1	157
1	67
1	165
1	137
1	138
1	144
1	128
1	100
1	121
1	7
1	24
1	158
1	103
1	108
1	91
1	104
1	148
1	113
1	4
1	2
1	156
1	97
1	90
1	111
1	71
1	82
2	38
2	49
2	161
2	24
2	57
2	108
2	19
2	110
2	145
2	88
2	81
2	72
2	12
2	154
2	68
2	11
2	47
2	106
2	1
2	31
2	51
2	103
2	155
2	159
2	27
2	37
2	85
2	156
2	163
2	56
2	62
2	93
2	63
2	153
2	165
2	44
2	150
2	5
2	99
2	87
2	151
2	135
2	100
2	21
2	6
2	41
2	53
2	58
2	126
2	60
2	8
2	86
2	140
2	95
2	50
2	139
2	61
2	128
2	54
2	142
2	46
2	92
2	102
2	114
3	50
3	89
3	92
3	102
3	43
3	49
3	74
3	26
3	24
3	22
3	21
3	149
3	27
3	161
3	140
3	47
3	1
3	112
3	46
3	100
3	48
3	51
3	64
3	38
3	42
3	25
3	110
3	68
3	104
3	12
3	153
3	52
3	145
3	66
3	6
3	40
3	108
3	159
3	80
3	44
3	150
3	116
3	151
3	54
3	5
3	106
3	31
3	55
3	88
3	93
3	41
3	142
3	37
3	105
3	59
3	30
3	81
3	67
3	162
3	137
3	130
3	53
3	141
3	58
3	148
3	11
3	76
3	90
3	85
3	28
3	139
3	95
3	128
3	127
3	14
3	83
3	120
3	19
3	39
3	23
3	97
3	8
3	62
3	45
3	79
3	86
3	118
3	72
3	82
3	60
4	115
4	118
4	145
4	92
4	21
4	67
4	161
4	126
4	38
4	106
4	19
4	86
4	147
4	93
4	24
4	130
4	52
4	14
4	89
4	124
4	72
4	116
4	136
4	3
4	6
4	28
4	163
4	99
4	59
4	155
4	91
4	152
4	53
4	79
4	75
4	132
4	5
4	85
4	71
4	51
4	141
4	34
4	49
4	103
4	29
4	31
4	7
4	164
4	2
4	63
4	81
4	150
5	106
5	22
5	38
5	47
5	26
5	151
5	46
5	139
5	61
5	12
5	40
5	150
5	161
5	112
5	80
5	25
5	58
5	65
5	37
5	81
5	152
5	7
5	53
5	109
5	124
5	159
5	130
5	63
5	76
5	1
5	51
5	92
5	48
5	24
5	31
5	126
5	115
5	44
5	135
5	89
5	28
5	27
5	54
5	145
5	34
5	73
5	127
5	101
5	108
5	141
5	21
5	113
5	13
5	15
5	10
5	52
5	66
5	71
5	86
5	111
5	160
5	118
5	129
5	2
5	125
5	98
5	140
5	128
5	94
5	142
5	68
6	61
6	21
6	149
6	87
6	18
6	76
6	47
6	120
6	89
6	14
6	93
6	137
6	157
6	152
6	23
6	112
6	45
6	58
6	55
6	31
6	163
6	115
6	161
6	126
6	40
6	72
6	150
6	38
6	65
6	127
6	44
6	113
6	75
6	19
6	53
6	128
6	66
6	92
6	79
6	42
6	142
6	97
6	130
6	96
6	81
6	132
6	141
6	52
6	28
6	116
6	71
6	158
6	145
6	162
6	27
6	100
6	119
6	135
6	24
6	35
6	136
6	50
6	107
6	15
6	138
6	63
6	160
6	7
6	140
7	118
7	38
7	91
7	24
7	88
7	63
7	21
7	51
7	98
7	57
7	94
7	19
7	1
7	135
7	44
7	25
7	150
7	58
7	50
7	6
7	115
7	137
7	136
7	130
7	108
7	68
7	86
7	119
7	53
7	144
7	59
7	140
7	163
7	10
7	12
7	133
7	101
7	161
7	89
7	100
7	84
7	95
7	27
7	72
7	93
7	69
7	102
7	74
7	114
7	32
7	39
7	8
7	87
8	106
8	61
8	87
8	150
8	149
8	1
8	72
8	14
8	23
8	21
8	130
8	31
8	47
8	76
8	55
8	45
8	97
8	18
8	120
8	157
8	112
8	38
8	161
8	89
8	92
8	58
8	36
8	53
8	126
8	137
8	152
8	75
8	163
8	93
8	27
8	140
8	85
9	18
9	44
9	1
9	12
9	83
9	28
9	86
9	81
9	38
9	66
9	51
9	24
9	100
9	152
9	34
9	64
9	155
9	120
9	149
9	23
9	40
9	145
9	57
9	19
9	161
9	102
9	115
9	85
9	95
9	50
9	140
9	104
9	163
9	21
9	63
9	14
9	131
9	71
9	27
9	58
9	61
9	84
9	31
9	68
9	165
9	70
9	80
9	79
9	17
9	30
9	54
9	132
9	130
9	108
9	92
9	62
9	53
9	48
9	153
9	10
9	109
9	126
9	127
9	4
9	88
9	11
9	113
9	117
9	148
9	87
9	154
9	141
9	114
9	6
9	97
9	65
9	94
9	112
9	76
9	118
9	93
9	106
9	128
9	5
9	90
9	43
9	59
9	55
9	39
9	135
9	162
9	7
9	89
9	72
9	144
9	156
9	29
9	99
9	20
9	125
9	133
9	150
9	74
9	52
9	41
9	45
9	139
9	49
9	75
10	106
10	66
10	38
10	81
10	1
10	92
10	93
10	161
10	130
10	73
10	21
10	126
10	12
10	109
10	31
10	53
10	17
10	65
10	85
10	119
10	36
10	52
10	89
10	15
10	63
10	34
10	3
10	117
10	79
10	42
10	44
10	88
10	136
10	108
10	28
10	24
10	115
10	11
10	9
10	7
10	48
10	144
10	124
10	91
10	141
10	98
10	50
10	101
10	2
10	163
11	19
11	38
11	21
11	119
11	106
11	93
11	161
11	52
11	92
11	124
11	77
11	86
11	163
11	147
11	107
11	126
11	53
11	1
11	115
11	65
11	17
11	130
11	89
11	81
11	152
11	85
11	7
11	79
11	136
11	15
11	42
11	116
11	3
11	31
11	28
11	66
11	105
11	125
11	44
11	6
11	35
11	91
11	148
11	12
11	63
11	51
11	69
11	138
11	103
11	40
11	67
11	49
11	141
11	133
11	34
11	2
11	132
11	32
11	27
12	66
12	23
12	38
12	117
12	132
12	45
12	53
12	87
12	18
12	124
12	36
12	89
12	21
12	130
12	73
12	92
12	28
12	81
12	119
12	129
12	14
12	149
12	106
12	157
12	9
12	42
12	24
12	47
12	31
12	41
12	55
12	120
12	79
12	77
12	137
12	1
12	112
12	142
12	147
12	107
12	109
12	15
12	85
12	17
12	58
12	16
12	148
12	126
12	65
12	136
12	113
12	101
12	133
12	139
12	97
12	75
12	76
12	7
12	44
12	164
12	35
12	138
12	72
12	116
12	3
12	105
12	161
12	111
12	95
12	33
12	122
12	27
12	146
12	10
12	93
12	91
12	98
12	121
12	152
12	4
12	34
12	103
12	100
12	115
12	78
12	125
12	68
12	50
12	80
12	150
12	61
12	2
12	30
12	86
12	51
12	84
12	11
13	21
13	24
13	12
13	87
13	44
13	128
13	104
13	27
13	154
13	93
13	50
13	89
13	112
13	68
13	48
13	1
13	28
13	95
13	54
13	120
13	130
13	141
13	57
13	51
13	11
13	100
13	72
13	88
13	86
13	70
13	115
13	82
13	108
13	49
13	38
13	19
13	133
13	6
13	47
13	69
13	145
13	162
13	140
13	149
13	63
13	156
13	39
13	142
14	71
14	12
14	63
14	144
14	126
14	21
14	42
14	93
14	9
14	51
14	73
14	31
14	92
14	161
14	95
14	148
14	44
14	38
14	99
14	1
14	27
14	145
14	17
14	53
14	65
14	35
14	89
14	24
14	117
14	69
14	152
14	28
14	61
14	36
14	60
14	79
14	40
14	19
14	108
14	128
14	18
14	11
14	81
14	163
14	100
14	101
14	97
14	68
14	125
14	10
14	34
14	84
14	62
14	45
14	136
14	54
14	157
14	7
14	91
14	119
14	150
14	48
14	94
14	55
14	29
14	140
14	106
14	87
14	137
15	51
15	44
15	161
15	26
15	22
15	102
15	92
15	67
15	108
15	59
15	110
15	89
15	24
15	104
15	118
15	5
15	131
15	31
15	12
15	145
15	82
15	149
15	41
15	93
15	68
15	50
15	61
15	159
15	81
15	6
15	74
15	113
15	1
15	19
15	128
15	47
15	157
15	37
15	27
15	21
15	54
15	88
15	99
15	139
15	132
15	25
15	64
15	63
15	53
15	34
15	8
15	57
15	152
15	18
15	38
15	109
15	140
15	56
15	11
15	62
15	150
15	48
15	100
15	40
15	151
15	80
15	43
15	58
15	130
15	71
15	148
15	42
15	156
15	72
15	155
15	4
15	141
15	87
15	112
15	10
15	46
15	125
15	163
15	95
15	160
15	83
15	162
15	49
15	106
15	76
15	114
15	28
15	115
15	86
15	126
15	165
15	60
15	70
15	84
15	154
15	85
15	164
15	90
15	135
15	120
15	97
15	14
15	39
15	137
15	147
15	55
16	49
16	93
16	145
16	86
16	60
16	24
16	21
16	64
16	38
16	31
16	88
16	90
16	161
16	11
16	99
16	58
16	46
16	1
16	12
16	130
16	53
16	44
16	42
16	87
16	28
16	14
16	154
16	104
16	6
16	61
16	83
16	54
16	140
16	139
16	52
16	155
16	27
16	8
16	160
16	51
16	95
16	40
16	71
16	149
16	89
16	5
16	19
16	25
16	113
16	68
16	108
16	50
16	94
16	110
16	106
16	132
16	115
16	118
16	22
16	120
16	114
16	79
16	163
16	63
16	141
16	128
16	69
16	47
16	135
16	100
16	74
16	10
16	131
16	97
16	48
16	82
16	92
16	66
17	24
17	159
17	49
17	68
17	22
17	161
17	93
17	21
17	74
17	149
17	44
17	43
17	11
17	71
17	51
17	104
17	12
17	64
17	48
17	135
17	37
17	83
17	95
17	67
17	96
17	80
17	50
17	58
17	102
17	157
17	31
17	47
17	131
17	120
17	38
17	115
17	134
17	112
17	53
17	25
17	26
17	60
17	92
17	19
17	5
17	66
17	145
17	62
17	151
17	27
17	18
17	46
17	89
17	76
17	1
17	59
17	41
17	158
17	28
17	109
17	139
17	63
17	141
17	54
17	150
17	108
17	114
17	23
17	8
17	100
17	82
18	146
18	36
18	66
18	81
18	126
18	88
18	89
18	28
18	21
18	85
18	73
18	117
18	115
18	51
18	109
18	69
18	53
18	152
18	34
18	38
18	44
18	79
18	54
18	65
18	9
18	124
18	142
18	92
18	12
18	31
18	27
18	130
18	3
18	135
18	15
18	125
18	101
18	145
18	119
18	7
18	106
18	19
18	1
18	91
18	13
18	77
18	6
18	138
18	76
18	24
18	82
18	132
19	59
19	86
19	26
19	43
19	6
19	24
19	74
19	8
19	22
19	159
19	118
19	72
19	102
19	25
19	46
19	76
19	37
19	113
19	151
19	67
19	150
19	141
19	58
19	45
19	149
19	47
19	18
19	120
19	23
19	61
19	112
19	139
19	14
19	87
19	1
19	155
19	108
19	127
19	154
19	41
19	88
19	12
19	137
19	160
19	34
19	65
19	97
19	164
19	55
19	44
19	39
19	53
19	27
19	84
19	126
19	109
19	38
19	157
19	36
19	79
19	93
19	50
19	30
19	128
19	10
19	89
19	99
19	138
19	75
19	95
19	11
19	131
19	40
19	100
19	56
19	71
19	152
20	24
20	12
20	44
20	159
20	88
20	110
20	53
20	108
20	21
20	51
20	41
20	140
20	49
20	59
20	154
20	68
20	89
20	161
20	95
20	50
20	162
20	115
20	104
20	160
20	139
20	77
20	83
20	145
20	38
20	52
20	1
20	150
20	22
20	40
20	102
20	27
20	7
20	6
20	147
20	93
20	155
20	11
20	28
20	149
20	43
20	148
20	57
20	8
20	23
20	163
20	87
20	120
20	86
20	71
20	118
20	5
20	3
20	26
20	62
20	58
20	132
20	64
20	63
20	31
20	30
20	60
20	128
20	47
20	105
20	81
20	55
20	130
20	82
20	126
20	131
20	19
20	90
20	18
20	80
20	100
20	66
20	103
20	135
20	54
21	132
21	8
21	6
21	86
21	1
21	59
21	61
21	72
21	118
21	24
21	104
21	14
21	68
21	89
21	19
21	12
21	88
21	38
21	63
21	53
21	51
21	149
21	81
21	137
21	45
21	23
21	131
21	31
21	47
21	64
21	128
21	11
21	67
21	160
21	87
21	50
21	44
21	75
21	92
21	40
21	102
21	155
21	52
21	120
21	114
21	163
21	84
21	99
21	28
21	161
21	140
21	113
21	162
21	55
21	27
21	159
21	77
21	93
21	69
21	22
21	4
21	48
21	125
21	62
21	46
21	54
21	97
21	30
21	57
21	129
21	108
21	80
21	165
21	18
21	66
21	74
21	71
21	154
21	148
21	58
21	17
21	135
21	25
21	141
21	130
21	139
21	115
21	95
21	164
21	126
21	42
21	109
21	39
21	10
21	123
21	100
21	13
21	151
21	112
21	150
21	20
21	145
21	36
21	153
21	157
21	26
21	79
21	101
21	156
21	76
21	146
21	90
21	65
21	111
21	5
21	15
21	98
21	152
21	35
21	60
21	105
21	119
21	37
21	34
21	127
21	29
21	7
21	83
21	91
21	41
21	82
21	106
21	85
21	70
21	117
21	73
21	122
21	43
21	94
21	138
21	78
21	136
21	121
21	49
21	107
21	103
21	96
21	56
21	2
21	124
21	144
21	32
22	58
22	12
22	64
22	126
22	31
22	21
22	93
22	108
22	38
22	48
22	148
22	28
22	44
22	10
22	66
22	47
22	29
22	72
22	152
22	45
22	86
22	62
22	114
22	161
22	24
22	106
22	71
22	130
22	157
22	163
22	127
22	52
22	51
22	118
22	89
22	83
22	27
22	40
22	77
22	19
22	115
22	88
22	50
22	13
22	145
22	149
22	23
22	11
22	109
22	17
22	81
22	112
22	99
22	87
22	53
22	42
22	5
22	97
22	1
22	92
22	70
22	107
22	85
22	4
22	54
22	6
22	14
22	155
22	63
22	120
22	141
22	116
22	90
22	41
22	162
22	69
22	137
22	150
22	135
22	95
22	68
22	140
22	129
22	139
22	128
22	67
22	146
22	8
22	3
22	39
22	60
22	100
22	121
22	125
22	20
22	61
22	96
22	103
22	32
22	119
22	80
22	105
23	31
23	12
23	126
23	73
23	21
23	38
23	89
23	124
23	53
23	85
23	117
23	92
23	9
23	81
23	80
23	51
23	94
23	65
23	36
23	13
23	130
23	15
23	88
23	6
23	63
23	165
23	1
23	66
23	79
23	106
23	101
23	152
23	7
23	24
23	115
23	161
23	30
23	143
23	28
23	91
23	123
23	44
23	132
23	162
23	113
23	69
23	68
23	40
23	57
23	109
23	93
23	111
24	38
24	115
24	58
24	126
24	106
24	51
24	12
24	30
24	132
24	64
24	53
24	161
24	46
24	88
24	152
24	146
24	69
24	35
24	50
24	112
24	25
24	92
24	86
24	19
24	59
24	21
24	1
24	52
24	22
24	93
24	124
24	72
24	150
24	81
24	37
24	44
24	6
24	89
24	130
24	136
24	43
24	162
24	151
24	87
24	133
24	54
24	27
24	31
24	18
24	149
24	102
24	74
24	42
24	120
24	101
24	11
24	76
24	48
24	45
24	61
24	28
24	163
24	49
24	47
24	10
24	108
24	34
24	140
24	94
24	63
24	77
24	5
24	23
24	83
24	159
24	85
24	80
24	148
24	71
24	79
24	147
24	62
24	15
24	99
24	164
24	66
24	117
24	157
24	97
24	107
24	60
24	17
24	67
24	131
24	90
24	100
24	155
24	109
24	123
24	8
24	7
24	14
24	135
24	145
24	139
24	95
24	118
24	125
24	65
24	137
24	153
24	113
24	40
24	129
24	128
24	114
24	39
24	98
24	29
24	82
24	156
24	13
24	4
24	73
24	116
24	41
24	91
24	55
24	3
24	104
24	105
24	36
24	138
24	32
24	122
24	119
24	75
24	26
24	142
24	56
24	141
24	16
24	111
24	20
24	144
24	96
24	121
24	165
24	127
24	78
24	158
24	103
24	9
24	160
24	2
25	117
25	124
25	109
25	125
25	36
25	131
25	21
25	54
25	126
25	12
25	147
25	153
25	44
25	38
25	162
25	53
25	79
25	165
25	80
25	89
25	9
25	15
25	13
25	81
25	130
25	1
25	51
25	135
25	148
25	73
25	31
25	136
25	50
25	114
25	132
25	3
25	28
25	84
25	69
25	27
25	92
25	19
25	85
25	24
25	35
25	63
25	119
25	107
25	49
25	30
25	93
25	139
25	99
25	42
25	161
25	152
25	129
25	103
25	111
26	38
26	89
26	1
26	21
26	44
26	79
26	11
26	28
26	126
26	88
26	117
26	24
26	31
26	19
26	131
26	36
26	92
26	85
26	81
26	10
26	137
26	83
26	141
26	148
26	53
26	39
26	40
26	136
26	139
26	130
26	27
26	145
26	42
26	50
26	100
26	7
26	93
26	73
26	95
26	135
26	6
26	54
26	154
26	68
26	90
26	35
26	30
26	66
26	51
26	161
26	114
26	9
26	86
26	99
26	163
26	132
26	109
26	49
26	129
26	152
27	139
27	92
27	124
27	73
27	130
27	106
27	146
27	38
27	21
27	53
27	117
27	36
27	24
27	89
27	132
27	101
27	28
27	9
27	31
27	1
27	109
27	81
27	77
27	6
27	119
27	79
27	85
27	147
27	129
27	41
27	148
27	17
27	42
27	15
27	126
27	66
27	65
27	34
27	7
27	136
27	98
27	107
27	116
27	3
27	69
27	13
27	35
27	48
27	68
27	152
27	88
27	75
27	161
27	138
27	94
27	54
27	91
27	44
27	51
27	103
27	142
27	19
27	125
27	164
27	95
27	2
27	150
27	4
27	57
27	11
28	134
28	121
28	29
28	32
28	111
28	96
28	16
28	78
28	20
28	91
28	143
28	158
28	106
28	98
28	164
28	34
28	76
28	69
28	123
28	119
28	13
28	87
28	58
28	105
28	51
28	21
28	33
28	75
28	122
28	37
28	145
28	35
28	101
28	127
28	100
28	160
28	86
28	133
28	90
29	130
29	62
29	56
29	108
29	87
29	148
29	86
29	21
29	97
29	52
29	30
29	24
29	1
29	12
29	38
29	68
29	88
29	163
29	157
29	110
29	83
29	93
29	139
29	149
29	17
29	82
29	49
29	137
29	48
29	63
29	71
29	51
29	54
29	41
29	58
29	81
29	6
29	5
29	155
29	100
29	145
29	14
29	118
29	105
29	23
29	64
29	59
29	104
29	159
29	161
29	3
29	53
29	28
29	39
29	85
29	22
29	44
29	11
29	154
29	19
29	4
29	128
29	94
29	142
29	151
29	8
29	119
29	57
29	106
29	140
29	50
29	156
29	18
29	89
29	31
29	126
29	72
29	37
29	135
29	95
29	60
29	79
29	132
29	150
29	92
29	42
29	13
29	103
29	27
29	47
29	61
29	141
29	131
29	102
29	74
29	40
29	66
29	2
30	38
30	53
30	132
30	21
30	126
30	90
30	10
30	1
30	89
30	31
30	99
30	44
30	9
30	92
30	28
30	63
30	117
30	79
30	130
30	108
30	24
30	12
30	36
30	129
30	66
30	136
30	115
30	80
30	27
30	7
30	73
30	124
30	54
30	161
30	15
30	140
30	81
30	116
30	107
30	155
30	119
30	138
30	41
30	85
30	51
30	42
30	4
30	50
30	19
30	103
30	86
30	100
30	88
30	162
30	106
31	145
31	21
31	133
31	78
31	1
31	146
31	76
31	66
31	123
31	122
31	24
31	49
31	28
31	93
31	143
31	20
31	33
31	86
31	38
31	104
31	102
31	121
31	101
31	81
31	115
31	120
31	89
31	130
31	91
31	12
31	163
31	51
31	44
31	6
31	17
31	161
31	35
31	134
31	164
31	69
31	85
31	47
31	8
31	64
31	19
31	3
31	5
31	60
31	126
31	27
31	48
31	105
31	22
31	99
31	54
31	88
31	79
31	11
31	150
31	73
31	155
31	50
31	87
31	108
31	62
31	111
31	58
31	131
31	106
31	53
31	71
31	72
31	70
31	82
31	160
31	57
31	128
31	92
31	141
31	90
31	124
31	135
31	95
31	39
31	148
31	36
31	162
31	74
31	103
31	137
31	147
31	114
31	139
31	7
31	52
31	61
31	140
31	59
31	109
31	68
31	32
31	63
31	127
31	75
32	58
32	72
32	161
32	24
32	22
32	92
32	74
32	1
32	148
32	51
32	102
32	68
32	38
32	87
32	28
32	27
32	93
32	47
32	14
32	84
32	44
32	139
32	79
32	86
32	150
32	108
32	50
32	8
32	81
32	88
32	155
32	149
32	63
32	130
32	145
32	21
32	10
32	57
32	154
32	40
32	42
32	12
32	109
32	118
32	140
32	39
32	59
32	159
32	66
32	34
32	119
32	89
32	85
32	30
32	131
32	100
32	128
32	126
32	62
32	98
32	19
32	99
32	11
32	163
32	156
32	56
32	90
32	5
33	24
33	93
33	88
33	1
33	131
33	44
33	12
33	86
33	161
33	140
33	163
33	150
33	104
33	130
33	38
33	49
33	149
33	53
33	115
33	50
33	21
33	72
33	11
33	95
33	48
33	27
33	114
33	132
33	159
33	5
33	76
33	51
33	68
33	145
33	139
33	112
33	63
33	102
33	81
33	71
33	15
33	128
33	105
33	100
33	133
33	22
33	54
33	92
33	106
33	108
33	19
33	6
33	82
33	8
33	87
33	28
33	89
33	148
33	103
33	80
33	154
33	14
33	147
33	17
33	2
33	118
33	64
33	61
33	62
34	101
34	88
34	38
34	32
34	46
34	69
34	119
34	161
34	24
34	19
34	133
34	112
34	57
34	98
34	74
34	44
34	59
34	60
34	128
34	51
34	144
34	118
34	6
34	139
34	50
34	91
34	94
34	68
34	67
34	12
34	14
34	140
34	86
34	90
34	108
34	147
34	21
34	82
35	21
35	71
35	50
35	44
35	51
35	1
35	72
35	139
35	12
35	90
35	145
35	141
35	57
35	123
35	19
35	88
35	131
35	86
35	144
35	24
35	63
35	49
35	159
35	68
35	135
35	59
35	62
35	154
35	6
35	130
35	54
35	143
35	94
35	27
35	48
35	161
35	162
35	146
35	102
35	119
35	11
35	89
35	79
35	93
35	126
35	92
35	16
35	112
35	33
35	69
35	108
35	118
35	47
35	155
35	91
35	87
35	128
35	163
35	100
35	5
35	109
35	64
35	75
35	133
35	65
35	66
35	55
35	157
35	158
35	14
35	61
35	125
36	80
36	81
36	4
36	131
36	40
36	44
36	95
36	24
36	12
36	128
36	65
36	104
36	150
36	108
36	54
36	71
36	60
36	51
36	93
36	53
36	152
36	161
36	106
36	140
36	11
36	1
36	135
36	64
36	148
36	41
36	115
36	88
36	49
36	165
36	23
36	163
36	114
36	48
36	38
36	50
36	28
36	63
36	58
36	47
36	70
36	89
36	155
36	21
36	84
36	19
36	68
36	107
36	147
36	62
36	145
36	120
36	27
36	112
36	15
36	94
36	86
36	149
36	153
36	31
36	30
36	99
36	92
36	59
36	74
36	113
36	52
36	17
36	130
36	83
36	57
36	6
36	162
36	39
36	5
36	118
36	22
36	100
36	154
36	141
36	105
36	98
36	66
36	87
36	43
36	90
36	26
36	13
36	102
36	156
36	14
36	160
36	132
36	45
36	129
36	137
36	97
36	3
36	42
36	18
36	61
36	159
36	10
36	126
36	78
36	79
36	146
36	109
36	34
36	72
36	29
36	69
36	7
36	82
36	157
36	56
36	119
36	136
36	103
36	139
36	134
36	37
36	20
36	96
36	133
36	125
36	85
36	8
36	116
36	67
36	55
36	142
36	111
37	38
37	132
37	12
37	92
37	79
37	54
37	53
37	1
37	115
37	117
37	126
37	77
37	52
37	51
37	147
37	60
37	17
37	140
37	88
37	21
37	44
37	9
37	73
37	135
37	63
37	81
37	3
37	66
37	36
37	24
37	109
37	42
37	124
37	128
37	27
37	28
37	131
37	50
37	93
37	49
37	152
37	89
37	130
37	161
37	48
37	2
37	98
37	101
37	68
37	103
37	7
37	104
37	106
37	34
37	163
37	41
37	136
37	61
37	80
37	113
37	56
37	8
38	133
38	34
38	146
38	127
38	66
38	143
38	78
38	122
38	96
38	91
38	101
38	134
38	111
38	106
38	98
38	20
38	123
38	119
38	105
38	121
38	158
38	76
38	29
38	33
38	144
38	69
38	75
38	94
38	35
38	16
38	164
38	13
38	86
38	32
38	7
38	104
38	160
38	10
38	130
38	88
38	95
38	28
38	19
38	154
38	81
38	44
38	131
38	93
38	21
38	145
38	5
38	118
38	24
38	1
38	108
38	140
38	50
38	6
38	126
38	12
38	150
38	51
38	100
38	141
38	99
38	72
38	139
38	27
38	2
38	22
38	161
38	56
38	70
38	152
38	153
38	138
38	67
39	38
39	119
39	21
39	9
39	41
39	92
39	136
39	117
39	28
39	89
39	53
39	79
39	139
39	124
39	31
39	42
39	85
39	7
39	81
39	32
39	101
39	95
40	81
40	130
40	126
40	45
40	38
40	93
40	52
40	161
40	92
40	28
40	37
40	58
40	24
40	31
40	150
40	11
40	19
40	149
40	21
40	71
40	62
40	51
40	87
40	6
40	18
40	136
40	137
40	69
40	63
40	15
40	1
40	75
40	89
40	120
40	163
40	102
40	23
40	12
40	112
40	54
40	72
40	141
40	116
40	148
40	3
40	8
40	55
40	151
40	86
40	64
40	47
40	74
40	109
40	106
40	46
40	53
40	97
40	118
40	34
40	79
40	44
40	85
40	145
40	115
40	59
40	76
40	48
40	14
40	157
40	119
40	27
40	140
40	35
40	124
40	20
40	128
40	105
40	5
40	101
40	132
40	108
40	42
40	83
40	96
40	22
40	56
40	162
40	103
40	7
40	125
40	88
40	67
40	43
40	139
40	50
40	26
40	159
40	41
40	49
40	32
40	30
40	61
40	65
40	127
40	142
40	99
40	100
40	57
41	161
41	21
41	93
41	19
41	52
41	130
41	106
41	145
41	126
41	28
41	38
41	92
41	49
41	17
41	163
41	6
41	72
41	5
41	14
41	150
41	3
41	105
41	115
41	89
41	155
41	86
41	146
41	119
41	141
41	152
41	81
41	118
41	125
41	59
41	103
41	31
41	85
41	53
41	11
41	2
41	87
41	61
41	132
41	67
41	100
41	42
41	62
42	38
42	59
42	118
42	144
42	24
42	119
42	34
42	88
42	28
42	99
42	27
42	69
42	52
42	89
42	91
42	161
42	44
42	72
42	21
42	12
42	48
42	50
42	115
42	150
42	101
42	6
42	85
42	7
42	1
42	108
42	74
42	51
42	139
42	159
42	25
42	56
42	165
42	79
42	53
42	45
42	86
42	8
42	64
42	4
42	162
42	94
42	100
42	68
42	92
42	120
42	95
42	145
42	35
42	112
42	39
42	93
42	40
42	160
42	149
42	55
42	66
42	22
42	61
42	106
42	63
42	157
43	38
43	66
43	88
43	34
43	36
43	51
43	124
43	81
43	53
43	44
43	73
43	129
43	63
43	84
43	12
43	92
43	50
43	117
43	126
43	79
43	147
43	24
43	9
43	1
43	27
43	131
43	109
43	106
43	165
43	140
43	125
43	42
43	119
43	132
43	21
43	49
43	85
43	89
43	31
43	114
43	152
43	28
43	153
43	116
43	3
43	40
43	162
43	94
43	150
43	19
43	101
43	93
43	115
43	103
43	54
44	38
44	126
44	85
44	92
44	106
44	139
44	136
44	12
44	130
44	31
44	117
44	74
44	124
44	79
44	21
44	81
44	28
44	13
44	1
44	89
44	36
44	27
44	24
44	53
44	128
44	50
44	66
44	150
44	95
44	15
44	77
44	147
44	73
44	41
44	157
44	61
44	33
44	60
44	132
44	140
44	68
44	161
44	129
44	115
44	99
44	65
44	17
44	63
44	152
44	109
44	34
44	162
44	9
44	7
44	113
44	51
44	101
44	138
44	107
44	42
44	71
44	3
44	64
44	148
44	125
44	104
44	75
44	56
44	40
44	54
44	88
44	16
44	83
44	146
44	164
44	35
44	123
44	142
44	111
44	156
44	10
44	58
44	86
44	141
44	155
44	6
44	48
44	43
44	105
44	57
44	4
44	5
44	8
44	94
44	127
44	62
44	103
44	19
44	39
44	2
44	144
44	119
44	108
44	69
45	148
45	62
45	79
45	38
45	71
45	21
45	89
45	93
45	44
45	117
45	1
45	161
45	145
45	31
45	92
45	28
45	24
45	36
45	106
45	35
45	66
45	73
45	130
45	126
45	68
45	27
45	154
45	39
45	109
45	108
45	116
45	61
45	83
45	3
45	40
45	4
45	81
45	12
45	51
45	54
45	97
45	53
45	69
45	152
45	63
45	58
45	141
45	105
45	131
45	86
45	138
45	146
45	55
45	7
45	19
45	50
45	85
45	136
45	11
45	132
45	9
45	135
45	115
45	128
45	124
45	119
45	162
45	42
45	125
45	111
45	8
45	103
45	114
45	163
45	155
46	38
46	24
46	126
46	132
46	161
46	36
46	146
46	117
46	93
46	81
46	115
46	21
46	79
46	73
46	92
46	109
46	53
46	142
46	99
46	9
46	51
46	27
46	100
46	10
46	88
46	140
46	12
46	44
46	34
46	54
46	50
46	124
46	85
46	63
46	13
46	61
46	116
46	49
46	28
46	89
46	150
46	31
46	152
46	15
46	143
46	64
46	107
46	101
46	66
46	8
46	86
46	130
46	163
46	69
46	65
46	105
46	1
46	7
46	119
46	156
46	129
46	11
46	90
46	113
46	131
47	99
47	80
47	12
47	27
47	58
47	131
47	50
47	44
47	162
47	24
47	71
47	54
47	153
47	126
47	21
47	165
47	115
47	104
47	18
47	128
47	88
47	40
47	161
47	93
47	30
47	89
47	90
47	1
47	39
47	64
47	152
47	48
47	51
47	38
47	60
47	19
47	148
47	31
47	59
47	118
47	114
47	61
47	100
47	68
47	45
47	81
47	63
47	53
47	84
47	28
47	77
47	137
47	82
47	95
47	66
47	141
47	10
47	6
47	15
47	70
47	11
47	92
47	127
47	8
47	41
47	103
47	136
47	154
47	155
47	29
47	163
47	87
48	161
48	52
48	93
48	21
48	88
48	38
48	115
48	130
48	79
48	19
48	92
48	106
48	126
48	100
48	1
48	53
48	163
48	89
48	124
48	85
48	31
48	15
48	51
48	11
48	28
48	81
48	140
48	44
48	3
48	27
48	146
48	39
48	152
48	109
48	63
48	35
48	103
48	54
48	127
48	113
48	136
48	10
48	2
48	62
48	7
48	42
49	54
49	69
49	95
49	135
49	61
49	94
49	81
49	12
49	38
49	150
49	101
49	160
49	109
49	50
49	88
49	37
49	66
49	155
49	89
49	27
49	44
49	99
49	76
49	124
49	85
49	28
49	140
49	152
49	128
49	35
49	92
49	25
49	115
49	63
49	53
49	161
49	30
49	26
49	112
49	22
49	17
49	10
49	46
49	34
49	51
49	39
49	105
49	93
49	130
49	90
49	31
49	13
49	11
49	1
49	24
49	114
49	116
49	159
49	141
49	68
49	3
49	21
49	151
49	162
49	126
49	79
49	147
49	106
49	20
49	156
49	65
49	108
49	82
49	52
49	71
49	103
49	56
49	33
49	133
49	111
49	96
49	62
49	2
49	146
49	58
49	48
49	118
49	127
49	40
50	38
50	53
50	115
50	139
50	89
50	71
50	130
50	36
50	92
50	42
50	24
50	117
50	73
50	21
50	124
50	4
50	65
50	132
50	28
50	99
50	31
50	9
50	19
50	1
50	85
50	129
50	39
50	66
50	107
50	126
50	79
50	15
50	109
50	81
50	17
50	30
50	88
50	41
50	136
50	164
50	133
50	60
50	137
50	131
50	106
50	141
50	161
50	56
50	116
50	35
50	3
50	54
50	138
50	33
50	122
50	155
50	12
50	119
50	146
50	140
50	69
50	13
50	148
50	34
50	152
50	7
50	121
50	68
50	142
50	93
50	57
50	135
50	144
50	11
50	2
50	77
50	110
50	111
50	103
51	130
51	44
51	36
51	146
51	106
51	89
51	131
51	21
51	92
51	93
51	53
51	38
51	117
51	73
51	81
51	124
51	79
51	163
51	142
51	52
51	109
51	161
51	28
51	50
51	71
51	9
51	12
51	41
51	126
51	77
51	27
51	66
51	1
51	64
51	147
51	115
51	62
51	19
51	69
51	83
51	42
51	132
51	85
51	31
51	152
51	140
51	17
51	88
51	136
51	15
51	54
51	111
51	134
51	65
51	63
51	35
51	56
51	164
51	95
51	13
51	127
51	139
51	11
51	160
51	148
51	108
51	100
51	145
51	107
51	155
51	34
51	4
51	128
51	24
51	116
51	3
51	105
51	138
51	101
51	156
51	48
51	162
51	129
51	5
51	133
51	135
51	125
51	141
51	32
51	7
51	150
51	75
51	30
51	99
51	113
51	94
51	39
51	119
51	96
51	20
51	60
51	103
51	114
51	91
51	57
51	61
51	2
51	159
51	58
52	86
52	49
52	43
52	159
52	145
52	22
52	37
52	100
52	74
52	150
52	112
52	151
52	8
52	92
52	135
52	6
52	25
52	5
52	87
52	102
52	58
52	24
52	46
52	108
52	26
52	161
52	67
52	82
52	1
52	124
52	47
52	154
52	94
52	27
52	76
52	56
52	131
52	59
53	38
53	79
53	92
53	108
53	1
53	88
53	44
53	42
53	66
53	21
53	144
53	30
53	99
53	89
53	31
53	28
53	136
53	35
53	27
53	15
53	126
53	24
53	12
53	54
53	155
53	130
53	119
53	154
53	124
53	85
53	69
53	51
53	102
53	149
53	72
53	19
53	55
53	145
53	163
53	48
53	3
53	128
53	49
53	105
53	107
53	161
53	138
53	140
53	117
53	84
53	59
53	80
53	13
53	47
53	118
53	133
53	95
53	86
53	115
53	70
53	68
53	5
53	114
53	87
53	6
53	63
53	10
53	139
53	82
53	101
53	90
53	22
53	141
53	159
53	104
53	131
53	74
53	93
53	62
53	162
53	8
53	152
53	91
53	41
53	111
53	113
53	39
53	83
53	106
53	98
53	165
53	157
53	100
53	11
53	40
53	57
53	50
53	56
53	164
54	38
54	89
54	92
54	11
54	36
54	130
54	31
54	132
54	113
54	79
54	73
54	28
54	124
54	66
54	9
54	77
54	126
54	117
54	53
54	147
54	81
54	63
54	145
54	106
54	21
54	146
54	99
54	1
54	35
54	41
54	49
54	139
54	65
54	6
54	44
54	142
54	24
54	48
54	34
54	161
54	136
54	85
54	27
54	68
54	116
54	15
54	3
54	140
54	60
54	105
54	125
54	138
54	107
54	12
54	19
54	119
54	150
54	71
54	109
54	7
54	10
54	95
54	93
54	100
54	101
54	90
54	42
54	129
54	152
54	164
54	128
54	70
54	50
54	69
54	17
54	103
54	115
54	88
54	8
54	2
54	58
54	62
54	40
54	91
55	1
55	51
55	11
55	108
55	38
55	126
55	36
55	28
55	83
55	148
55	65
55	161
55	147
55	79
55	130
55	27
55	41
55	21
55	12
55	53
55	40
55	141
55	24
55	31
55	89
55	92
55	4
55	104
55	62
55	44
55	93
55	99
55	124
55	150
55	71
55	132
55	163
55	117
55	106
55	115
55	114
55	19
55	39
55	57
55	145
55	100
55	73
55	139
55	50
55	70
55	13
55	9
55	88
55	6
55	152
55	103
55	154
55	140
55	42
55	68
55	32
55	127
55	61
55	63
55	81
55	2
55	85
55	128
55	136
55	75
56	66
56	27
56	81
56	54
56	44
56	99
56	105
56	135
56	10
56	119
56	37
56	28
56	21
56	24
56	128
56	114
56	35
56	140
56	71
56	38
56	98
56	145
56	40
56	48
56	58
56	151
56	29
56	63
56	155
56	92
56	152
56	46
56	61
56	163
56	7
56	142
56	94
56	88
56	127
56	160
56	150
56	112
57	62
57	61
57	12
57	69
57	92
57	86
57	83
57	81
57	108
57	27
57	50
57	66
57	146
57	1
57	34
57	5
57	38
57	51
57	65
57	145
57	87
57	11
57	88
57	109
57	54
57	44
57	131
57	124
57	140
57	161
57	7
57	63
57	156
57	80
57	94
57	53
57	35
57	148
57	39
57	89
57	21
57	128
57	60
57	85
57	67
57	6
57	79
57	28
57	47
57	149
57	101
57	133
57	4
57	14
57	157
57	58
57	59
57	72
57	10
57	100
57	144
57	19
57	136
57	118
57	139
57	90
57	13
57	102
57	121
57	18
57	32
57	96
57	98
57	115
57	103
57	78
57	31
57	114
57	111
57	162
57	159
58	115
58	126
58	38
58	117
58	9
58	110
58	36
58	81
58	73
58	153
58	124
58	89
58	28
58	21
58	1
58	85
58	66
58	15
58	17
58	53
58	152
58	109
58	92
58	106
58	132
58	141
58	136
58	130
58	31
58	114
58	3
58	105
58	42
58	149
58	34
58	125
58	93
58	146
58	71
58	79
58	47
58	129
58	65
58	61
58	138
58	107
58	113
58	164
58	75
58	63
59	113
59	61
59	44
59	38
59	88
59	27
59	150
59	54
59	98
59	34
59	128
59	124
59	66
59	92
59	25
59	151
59	46
59	81
59	115
59	152
59	119
59	12
59	53
59	51
59	99
59	37
59	19
59	30
59	21
59	79
59	7
59	94
59	63
59	39
59	126
59	140
59	76
59	101
59	10
59	28
59	114
59	64
59	24
59	42
59	26
59	95
59	136
59	135
59	68
59	112
59	132
59	90
59	15
59	85
59	69
59	108
59	1
59	71
59	84
59	65
59	50
59	70
59	60
59	89
59	160
59	125
59	104
59	56
59	17
59	22
59	40
59	35
59	48
59	127
59	131
59	100
59	156
59	109
59	163
60	79
60	85
60	38
60	92
60	161
60	1
60	21
60	42
60	36
60	93
60	31
60	73
60	24
60	117
60	7
60	130
60	124
60	81
60	126
60	139
60	19
60	89
60	53
60	28
60	9
60	15
60	52
60	116
60	3
60	34
60	6
60	132
60	106
60	133
60	44
60	35
60	144
60	136
60	125
60	114
60	103
60	63
60	163
60	104
60	66
60	75
60	2
60	13
60	72
61	81
61	69
61	12
61	87
61	51
61	162
61	120
61	135
61	88
61	93
61	14
61	95
61	47
61	44
61	38
61	45
61	33
61	23
61	160
61	58
61	149
61	27
61	140
61	66
61	90
61	18
61	62
61	56
61	25
61	54
61	50
61	89
61	71
61	39
61	92
61	112
61	97
61	72
61	106
61	1
61	63
61	131
61	65
61	137
61	24
61	26
61	155
61	115
61	11
61	31
61	141
61	53
61	157
61	128
61	28
61	151
61	126
61	10
61	46
61	60
61	55
61	76
61	164
61	161
61	22
61	146
61	70
61	109
61	37
61	79
61	130
61	73
61	68
61	42
61	35
61	133
61	100
61	80
61	21
61	148
61	127
61	7
61	118
61	48
61	94
61	9
61	150
61	4
61	99
61	40
61	57
61	98
61	75
61	145
62	21
62	38
62	81
62	71
62	61
62	115
62	93
62	126
62	19
62	28
62	77
62	106
62	161
62	132
62	163
62	85
62	89
62	92
62	52
62	119
62	65
62	66
62	124
62	44
62	109
62	140
62	155
62	152
62	130
62	42
62	160
62	31
62	32
62	12
62	116
62	63
62	1
62	53
62	79
62	13
62	35
62	88
62	10
62	34
62	95
62	100
62	11
62	40
62	129
62	125
62	136
62	148
62	2
62	98
62	48
62	127
62	60
63	33
63	106
63	93
63	38
63	51
63	21
63	19
63	130
63	81
63	161
63	126
63	163
63	92
63	42
63	99
63	66
63	27
63	124
63	52
63	147
63	128
63	31
63	65
63	67
63	11
63	5
63	159
63	141
63	115
63	17
63	79
63	72
63	7
63	59
63	109
63	12
63	145
63	129
63	89
63	44
63	118
63	53
63	28
63	15
63	88
63	85
63	136
63	62
63	135
63	49
63	30
63	101
63	146
63	3
63	50
63	102
63	1
63	91
63	14
63	132
63	105
63	76
63	61
63	55
63	150
63	60
63	156
63	75
63	131
63	69
63	138
63	119
63	54
63	6
63	86
63	103
63	40
63	90
63	152
63	142
63	35
63	125
63	2
63	113
63	73
63	9
63	39
63	164
63	94
63	56
63	95
63	29
63	155
63	98
63	32
63	24
63	96
63	151
64	93
64	126
64	38
64	21
64	44
64	19
64	12
64	66
64	81
64	89
64	28
64	161
64	115
64	88
64	130
64	58
64	53
64	106
64	163
64	31
64	52
64	92
64	34
64	11
64	6
64	54
64	48
64	62
64	42
64	119
64	79
64	63
64	91
64	71
64	1
64	116
64	132
64	3
64	70
64	7
64	109
64	100
64	83
64	85
64	24
64	155
64	136
64	98
64	97
64	51
64	128
64	35
64	56
64	40
64	99
64	129
64	148
64	125
64	17
64	103
64	50
64	29
65	94
65	146
65	105
65	143
65	88
65	106
65	10
65	66
65	33
65	108
65	164
65	91
65	44
65	134
65	69
65	50
65	68
65	4
65	39
65	12
65	60
65	123
65	78
65	22
65	120
65	140
65	56
65	35
65	87
65	20
65	5
65	1
65	131
65	57
65	27
65	13
65	122
65	144
65	145
65	100
65	34
66	133
66	123
66	139
66	88
66	49
66	44
66	12
66	91
66	129
66	50
66	108
66	24
66	21
66	161
66	39
66	1
66	112
66	148
66	63
66	146
66	145
66	27
66	74
66	150
66	121
66	149
66	54
66	20
66	82
66	6
66	86
66	51
66	131
66	30
66	140
66	132
66	60
66	109
66	155
66	81
66	72
66	87
66	143
66	41
66	102
66	33
66	38
66	53
66	106
66	22
66	122
66	100
66	16
66	47
66	89
66	10
66	93
66	5
66	110
66	48
66	159
66	37
66	128
66	105
66	98
66	104
66	8
66	90
66	40
66	78
66	99
66	46
66	163
66	96
66	57
66	68
66	114
66	92
66	11
66	29
66	19
66	103
66	95
66	7
66	35
66	141
66	61
66	94
67	21
67	12
67	93
67	95
67	49
67	115
67	130
67	11
67	63
67	35
67	53
67	38
67	1
67	51
67	42
67	31
67	27
67	163
67	48
67	81
67	89
67	44
67	99
67	161
67	125
67	136
67	61
67	126
67	19
67	106
67	52
67	133
67	65
67	24
67	120
67	3
67	135
67	41
67	64
67	148
67	108
67	36
67	94
67	141
67	39
67	79
67	90
67	117
67	28
67	92
67	17
67	102
67	7
67	144
67	54
67	66
67	152
67	129
67	139
67	140
67	150
67	113
67	69
67	155
67	73
67	50
67	68
68	81
68	88
68	51
68	161
68	21
68	93
68	38
68	19
68	89
68	124
68	28
68	163
68	99
68	92
68	106
68	61
68	4
68	62
68	12
68	69
68	66
68	11
68	77
68	64
68	15
68	23
68	130
68	115
68	44
68	1
68	63
68	85
68	17
68	132
68	140
68	108
68	53
68	90
68	152
68	125
68	54
68	145
68	126
68	6
68	148
68	58
68	30
68	86
68	71
68	34
68	159
68	160
68	39
68	60
68	18
68	50
68	27
68	48
68	146
68	42
68	128
68	155
68	52
68	72
68	31
68	116
68	43
68	150
68	3
68	56
68	87
68	47
68	105
68	102
68	162
68	112
68	35
68	101
68	67
68	7
68	5
68	79
68	83
68	136
68	118
68	55
68	59
68	151
68	75
68	164
68	109
68	33
68	100
68	149
68	46
68	141
68	14
68	131
68	73
68	107
68	138
68	103
68	74
68	49
68	22
68	80
68	36
68	114
68	137
68	127
68	165
68	95
68	157
68	25
68	156
68	111
68	139
68	76
68	2
68	41
68	117
68	113
68	94
68	8
69	106
69	115
69	51
69	24
69	1
69	44
69	12
69	143
69	144
69	145
69	86
69	57
69	161
69	88
69	38
69	62
69	111
69	130
69	78
69	128
69	139
69	63
69	14
69	28
69	133
69	93
69	154
69	146
69	134
69	68
69	54
69	53
69	64
69	6
69	155
69	152
69	118
69	85
69	92
69	119
69	50
69	140
69	35
69	126
69	82
69	135
69	95
69	108
69	60
69	19
69	102
69	27
69	47
69	39
69	40
69	48
69	148
69	81
69	141
69	80
69	16
69	89
69	158
69	8
69	87
69	123
69	58
70	93
70	161
70	132
70	126
70	38
70	92
70	19
70	52
70	99
70	45
70	58
70	21
70	97
70	24
70	142
70	100
70	150
70	44
70	11
70	53
70	7
70	108
70	146
70	89
70	98
70	128
70	62
70	81
70	28
70	101
70	50
70	152
70	130
70	51
70	39
70	88
70	85
70	94
70	8
70	163
70	12
70	106
70	27
70	54
70	14
70	41
70	66
70	42
70	47
70	136
70	124
70	87
70	64
70	79
70	120
70	29
70	96
70	67
70	40
70	148
70	82
71	38
71	21
71	54
71	31
71	130
71	93
71	40
71	161
71	58
71	1
71	24
71	28
71	86
71	89
71	120
71	62
71	53
71	87
71	12
71	11
71	155
71	77
71	72
71	47
71	15
71	45
71	150
71	126
71	113
71	42
71	115
71	17
71	64
71	112
71	154
71	7
71	44
71	109
71	149
71	163
71	14
71	136
71	65
71	88
71	63
71	148
71	18
71	79
71	51
71	4
71	118
71	137
71	128
71	6
71	52
71	55
71	92
71	66
71	37
71	125
71	5
71	99
71	81
71	3
71	116
71	8
71	157
71	80
71	105
71	34
71	76
71	23
71	60
71	50
71	97
71	19
71	48
71	85
71	145
71	106
71	162
71	108
71	119
71	139
71	29
71	121
71	27
71	82
71	39
71	132
71	83
71	46
71	151
71	152
71	103
71	61
71	101
71	114
71	68
71	96
71	32
71	56
71	2
71	156
72	21
72	46
72	53
72	93
72	26
72	47
72	22
72	81
72	34
72	44
72	25
72	76
72	61
72	113
72	151
72	87
72	71
72	79
72	129
72	38
72	112
72	150
72	148
72	1
72	58
72	152
72	66
72	37
72	126
72	51
72	88
72	65
72	12
72	24
72	145
72	19
72	10
72	85
72	13
72	69
72	100
72	101
72	83
72	31
72	94
72	141
72	159
72	89
72	115
72	163
72	109
72	125
72	7
72	36
72	28
72	73
72	54
72	62
72	90
72	117
72	27
72	124
72	68
72	92
72	108
72	119
72	160
72	128
72	50
72	149
72	17
72	111
72	106
72	75
72	135
72	57
72	40
72	2
72	30
72	95
72	156
72	9
72	63
72	48
73	52
73	88
73	24
73	50
73	131
73	86
73	81
73	129
73	51
73	44
73	64
73	68
73	1
73	62
73	38
73	21
73	40
73	12
73	161
73	45
73	154
73	141
73	39
73	93
73	148
73	104
73	145
73	130
73	84
73	27
73	89
73	127
73	28
73	100
73	150
73	42
73	135
73	31
73	48
73	98
73	125
73	149
73	63
73	71
73	140
73	72
73	47
73	11
73	80
73	106
73	95
73	155
73	128
73	34
73	152
73	99
73	29
73	53
73	83
73	108
73	58
73	87
73	157
73	109
73	54
73	18
73	36
73	55
73	6
73	160
73	117
73	92
73	94
73	163
73	10
73	61
73	19
73	90
73	46
73	132
73	105
73	14
73	4
73	67
73	165
73	3
73	126
73	57
73	35
73	65
73	76
73	153
73	156
73	49
73	8
73	162
73	113
73	69
73	101
73	136
73	66
73	23
73	139
73	7
73	60
73	107
73	59
73	111
73	119
73	79
73	120
73	114
73	70
73	97
73	30
73	5
73	118
73	75
73	82
73	115
73	77
73	15
73	121
73	56
73	20
73	22
73	74
73	102
73	41
73	103
73	116
73	2
73	159
74	165
74	131
74	80
74	140
74	12
74	44
74	50
74	63
74	27
74	153
74	54
74	79
74	92
74	24
74	84
74	60
74	99
74	156
74	30
74	93
74	1
74	90
74	132
74	161
74	124
74	115
74	53
74	150
74	129
74	108
74	66
74	51
74	81
74	114
74	35
74	57
74	38
74	19
74	42
74	68
74	128
74	64
75	100
75	24
75	161
75	73
75	28
75	89
75	36
75	130
75	54
75	21
75	117
75	38
75	1
75	12
75	88
75	27
75	136
75	35
75	53
75	92
75	19
75	93
75	124
75	145
75	68
75	126
75	57
75	79
75	94
75	64
75	39
75	50
75	115
75	63
75	51
75	141
75	40
75	81
75	69
75	152
75	44
75	66
75	5
75	106
75	87
75	139
75	163
75	85
75	8
75	62
75	56
75	131
75	9
75	48
75	110
75	111
75	13
75	49
75	61
75	99
76	117
76	38
76	28
76	33
76	126
76	36
76	140
76	99
76	161
76	165
76	92
76	21
76	30
76	89
76	51
76	44
76	54
76	131
76	124
76	81
76	105
76	109
76	119
76	73
76	132
76	90
76	95
76	153
76	142
76	79
76	115
76	34
76	31
76	12
76	53
76	93
76	125
76	130
76	106
76	85
76	152
76	27
76	114
76	128
76	24
76	39
76	129
76	41
76	19
76	103
77	49
77	22
77	124
77	74
77	110
77	24
77	159
77	51
77	48
77	84
77	92
77	67
77	152
77	23
77	81
77	63
77	102
77	43
77	5
77	151
77	71
77	148
77	38
77	37
77	45
77	82
77	104
77	145
77	68
77	26
77	12
77	53
77	162
77	89
77	65
77	76
77	59
77	108
77	147
77	79
77	161
77	44
77	100
77	80
77	83
77	50
77	46
77	17
77	57
77	141
77	6
77	41
77	113
77	47
77	86
77	28
77	21
77	70
77	1
77	10
77	118
77	106
77	93
77	11
78	88
78	145
78	161
78	1
78	12
78	49
78	128
78	99
78	139
78	44
78	50
78	4
78	74
78	100
78	104
78	21
78	93
78	24
78	148
78	51
78	86
78	39
78	84
78	140
78	90
78	61
78	126
78	147
78	22
78	58
78	38
78	118
78	53
78	68
78	19
78	80
78	11
78	6
78	81
78	141
78	150
78	57
78	17
78	71
78	156
78	108
78	163
78	131
78	87
78	152
78	48
78	40
78	130
78	63
78	41
78	54
78	149
78	159
78	62
78	52
78	27
78	10
78	46
78	43
78	65
78	59
78	106
78	66
78	135
78	154
78	92
78	136
78	5
78	64
78	70
78	95
78	82
78	109
78	47
78	114
78	155
78	8
78	115
78	72
78	120
78	119
79	143
79	96
79	106
79	164
79	134
79	98
79	122
79	29
79	78
79	32
79	123
79	13
79	91
79	16
79	101
79	121
79	105
79	34
79	111
79	119
79	33
79	35
79	75
79	38
79	6
79	24
79	69
79	133
79	49
79	87
79	93
79	12
79	86
79	90
79	127
80	92
80	38
80	81
80	89
80	31
80	77
80	34
80	66
80	28
80	147
80	79
80	85
80	126
80	139
80	109
80	124
80	129
80	130
80	65
80	138
80	36
80	125
80	53
80	106
80	107
80	117
80	132
80	133
80	1
80	164
80	21
80	13
80	73
80	101
80	82
80	111
80	136
80	93
80	148
80	68
80	2
80	17
80	24
81	146
81	122
81	20
81	101
81	78
81	69
81	106
81	121
81	139
81	134
81	66
81	123
81	96
81	91
81	158
81	76
81	133
81	164
81	105
81	16
81	111
81	33
81	88
81	44
81	143
81	24
81	57
81	34
81	40
81	1
81	51
81	80
81	54
81	161
81	126
81	149
81	110
81	12
81	61
81	49
81	140
81	90
81	50
81	108
81	154
81	163
81	68
81	127
81	94
81	103
81	86
81	10
81	75
82	12
82	130
82	93
82	106
82	58
82	83
82	114
82	31
82	89
82	38
82	108
82	115
82	145
82	87
82	126
82	131
82	64
82	62
82	152
82	1
82	161
82	4
82	44
82	148
82	28
82	88
82	135
82	48
82	24
82	68
82	42
82	163
82	140
82	81
82	19
82	142
82	150
82	29
82	53
82	103
82	128
82	11
82	21
82	70
83	21
83	86
83	72
83	145
83	93
83	89
83	155
83	7
83	85
83	6
83	1
83	130
83	12
83	163
83	161
83	38
83	14
83	19
83	67
83	101
83	28
83	59
83	118
83	31
83	11
83	106
83	138
83	69
83	126
83	5
83	92
83	52
83	57
83	103
83	128
83	140
83	27
83	119
83	81
84	50
84	52
84	51
84	12
84	1
84	44
84	24
84	89
84	28
84	161
84	53
84	27
84	38
84	131
84	19
84	68
84	113
84	152
84	10
84	80
84	141
84	8
84	88
84	31
84	99
84	132
84	54
84	35
84	116
84	79
84	136
84	145
84	111
84	11
84	48
84	93
84	92
84	108
84	100
84	107
84	125
84	60
84	81
84	41
84	70
84	95
84	63
84	156
84	85
84	140
84	21
84	57
84	124
84	42
84	154
84	115
84	127
84	135
84	7
84	146
84	61
84	36
84	40
84	104
84	58
84	14
84	162
84	103
84	144
84	49
84	64
84	46
84	126
84	164
85	96
85	123
85	98
85	134
85	78
85	106
85	164
85	32
85	16
85	69
85	20
85	111
85	13
85	143
85	91
85	105
85	29
85	35
85	101
85	121
85	118
85	122
85	56
85	5
85	88
85	145
85	160
86	87
86	18
86	112
86	21
86	126
86	61
86	92
86	93
86	115
86	152
86	23
86	45
86	137
86	149
86	47
86	150
86	89
86	81
86	72
86	55
86	157
86	163
86	53
86	14
86	28
86	75
86	162
86	120
86	38
86	15
86	19
86	58
86	141
86	76
86	31
86	97
86	140
86	100
86	88
86	51
86	161
86	135
86	79
86	130
86	68
86	65
86	116
86	71
86	106
86	50
86	160
86	40
86	12
86	73
86	113
86	77
86	124
86	44
86	128
86	27
86	24
86	13
86	131
86	123
86	119
86	156
86	36
86	134
86	52
86	42
86	94
86	142
86	136
86	145
86	1
86	117
87	109
87	51
87	89
87	37
87	66
87	10
87	27
87	81
87	54
87	44
87	158
87	130
87	92
87	28
87	152
87	106
87	1
87	90
87	38
87	79
87	126
87	95
87	112
87	29
87	63
87	124
87	99
87	77
87	15
87	50
87	30
87	12
87	141
87	101
87	115
87	25
87	65
87	11
87	26
87	76
87	34
87	46
87	88
87	62
87	125
87	17
87	53
87	85
87	39
87	22
87	128
87	155
87	127
87	35
87	164
87	129
87	160
87	40
87	161
87	105
87	20
87	108
87	135
87	24
87	13
87	21
87	58
87	61
87	140
87	94
87	69
87	111
87	7
87	151
87	119
87	5
87	60
87	82
87	19
87	133
87	52
87	100
87	150
87	136
87	70
87	98
87	148
87	91
87	114
87	163
87	68
88	38
88	53
88	111
88	69
88	1
88	132
88	126
88	92
88	28
88	146
88	65
88	113
88	117
88	130
88	89
88	139
88	9
88	81
88	136
88	85
88	66
88	21
88	79
88	42
88	119
88	106
88	36
88	31
88	73
88	78
88	124
88	12
88	77
88	15
88	7
88	107
88	34
88	13
88	101
88	54
88	147
88	41
88	60
88	17
88	134
88	164
88	109
88	93
88	16
88	127
88	104
88	129
88	148
88	115
88	24
88	138
88	3
88	116
88	64
88	105
88	44
88	98
88	94
88	58
88	33
88	46
88	57
88	152
88	35
88	75
88	91
88	14
88	144
88	50
88	142
88	140
88	121
88	133
88	100
88	128
88	6
88	51
88	103
88	2
88	83
88	96
88	156
88	63
88	114
88	68
88	10
88	56
88	39
88	108
88	61
88	125
88	95
89	111
89	134
89	96
89	143
89	121
89	158
89	16
89	34
89	20
89	160
89	106
89	32
89	29
89	98
89	78
89	91
89	13
89	164
89	127
89	76
89	123
89	101
89	69
89	145
89	105
89	119
89	35
89	75
89	6
89	104
89	86
89	53
89	24
89	63
89	33
89	88
89	55
89	118
89	133
89	49
89	54
89	44
89	122
89	70
89	152
90	130
90	117
90	38
90	132
90	36
90	73
90	21
90	106
90	9
90	89
90	17
90	28
90	65
90	146
90	53
90	126
90	92
90	1
90	124
90	79
90	15
90	81
90	31
90	41
90	138
90	107
90	129
90	3
90	116
90	85
90	105
90	122
90	136
90	109
90	77
90	35
90	66
90	7
90	101
90	42
90	139
90	142
90	119
90	103
90	34
90	20
90	96
90	147
90	2
90	125
90	164
90	63
91	88
91	24
91	161
91	50
91	93
91	86
91	38
91	104
91	108
91	62
91	87
91	64
91	63
91	131
91	149
91	74
91	59
91	141
91	128
91	1
91	19
91	140
91	115
91	27
91	118
91	113
91	12
91	43
91	159
91	6
91	8
91	83
91	47
91	99
91	150
91	54
91	53
91	44
91	14
91	21
91	72
91	48
91	26
91	55
91	39
91	155
91	110
91	68
91	51
91	11
91	80
91	126
91	49
91	102
91	101
91	139
91	41
91	154
91	95
91	94
91	15
91	77
91	30
91	92
91	100
91	22
91	84
91	46
91	151
91	89
91	25
91	60
91	81
91	3
91	31
91	28
91	52
91	65
91	10
91	163
91	76
91	132
91	130
91	58
91	67
91	40
91	148
91	23
91	137
91	156
91	145
91	135
91	98
91	136
91	82
91	79
91	61
91	5
91	75
91	57
91	56
91	124
91	90
91	112
91	157
92	96
92	134
92	20
92	16
92	33
92	34
92	32
92	158
92	121
92	91
92	98
92	143
92	123
92	122
92	119
92	13
92	111
92	24
92	78
92	160
92	106
92	164
92	56
92	133
92	105
92	21
92	101
92	75
92	69
92	29
92	86
92	50
92	35
92	44
92	146
92	81
92	118
92	156
92	23
92	163
92	108
92	38
92	161
92	126
92	12
92	88
92	95
92	66
92	83
92	2
92	145
93	72
93	86
93	26
93	49
93	28
93	100
93	14
93	18
93	76
93	8
93	55
93	43
93	149
93	150
93	22
93	97
93	23
93	102
93	159
93	112
93	75
93	87
93	47
93	44
93	51
93	45
93	24
93	25
93	74
93	4
93	151
93	48
93	141
93	1
93	130
93	157
93	64
93	89
93	67
93	6
93	59
93	46
93	61
93	71
93	37
93	12
93	83
93	137
93	40
93	162
93	135
93	81
93	155
93	29
93	120
93	31
93	58
93	160
93	106
93	108
93	65
93	165
93	63
93	117
93	154
93	60
93	38
93	164
93	70
93	54
93	95
93	10
93	152
93	127
93	153
93	21
93	105
93	124
93	134
93	82
93	140
93	62
93	113
93	32
93	27
93	68
93	104
93	131
93	57
93	118
93	156
93	103
94	51
94	140
94	87
94	148
94	24
94	68
94	1
94	19
94	44
94	86
94	125
94	12
94	21
94	161
94	155
94	65
94	162
94	149
94	60
94	48
94	108
94	88
94	90
94	38
94	14
94	150
94	95
94	62
94	141
94	11
94	63
94	31
94	91
94	131
94	35
94	6
94	136
94	45
94	89
94	70
94	58
94	115
94	81
94	54
94	27
94	47
94	118
94	23
94	154
94	137
94	18
94	128
94	132
94	163
94	82
94	26
94	72
94	34
94	50
94	53
94	52
94	93
94	29
94	61
94	71
94	157
94	56
94	67
94	5
94	79
94	144
95	161
95	130
95	1
95	6
95	21
95	28
95	19
95	38
95	93
95	44
95	24
95	7
95	77
95	126
95	86
95	155
95	71
95	147
95	12
95	63
95	51
95	115
95	149
95	17
95	159
95	145
95	54
95	53
95	67
95	152
95	163
95	15
95	11
95	64
95	89
95	87
95	114
95	31
95	106
95	49
95	58
95	72
95	92
95	52
95	14
95	116
95	3
95	50
95	48
95	68
95	27
95	8
95	105
95	150
95	42
95	104
95	81
95	66
95	62
95	107
95	101
95	141
95	162
95	59
95	118
95	146
95	83
95	29
95	41
95	85
95	79
95	148
95	128
95	74
95	34
95	132
95	103
95	39
95	40
95	56
95	5
95	156
95	135
95	37
95	2
95	125
95	157
96	24
96	88
96	79
96	110
96	145
96	161
96	58
96	68
96	38
96	51
96	159
96	157
96	1
96	93
96	22
96	72
96	118
96	120
96	5
96	27
96	12
96	44
96	66
96	104
96	15
96	57
96	109
96	92
96	163
96	62
96	153
96	140
96	19
96	61
96	108
96	46
96	60
96	49
96	147
96	154
96	21
96	52
96	87
96	6
96	98
96	28
96	89
96	124
96	74
96	102
96	48
96	11
96	53
96	59
96	40
96	114
96	64
96	139
96	3
96	155
96	160
96	101
96	67
96	112
96	43
96	130
96	63
96	150
96	81
96	148
96	85
96	100
96	95
96	141
96	25
96	86
96	29
96	152
96	83
96	23
96	90
96	80
96	54
96	77
96	142
96	115
96	151
96	103
96	106
96	8
96	156
96	128
96	162
97	28
97	88
97	9
97	73
97	31
97	81
97	21
97	11
97	79
97	51
97	148
97	71
97	126
97	38
97	53
97	154
97	92
97	15
97	40
97	24
97	162
97	12
97	68
97	130
97	131
97	1
97	65
97	44
97	89
97	50
97	85
97	27
97	109
97	93
97	161
97	19
97	141
97	152
97	86
97	117
97	70
97	108
97	63
97	64
97	155
97	42
97	82
97	57
97	29
97	58
97	129
97	83
97	36
97	75
97	114
97	48
97	125
97	139
97	145
98	89
98	12
98	88
98	52
98	140
98	24
98	51
98	57
98	110
98	118
98	38
98	41
98	44
98	60
98	102
98	48
98	147
98	93
98	150
98	54
98	6
98	27
98	108
98	113
98	141
98	87
98	58
98	55
98	104
98	8
98	74
98	68
98	1
98	126
98	120
98	100
98	151
98	154
98	63
98	72
98	159
98	40
98	64
98	53
98	59
98	95
98	10
98	13
98	86
98	82
98	18
98	50
98	19
98	39
98	71
98	135
98	114
98	129
98	21
98	83
98	92
98	70
98	32
98	25
98	155
98	106
98	156
98	62
98	28
98	42
99	106
99	73
99	130
99	92
99	21
99	117
99	19
99	38
99	53
99	161
99	36
99	41
99	93
99	28
99	68
99	85
99	65
99	79
99	147
99	89
99	71
99	58
99	17
99	126
99	9
99	1
99	81
99	31
99	15
99	49
99	66
99	136
99	37
99	116
99	24
99	3
99	138
99	115
99	59
99	44
99	107
99	105
99	119
99	101
99	52
99	124
99	139
99	103
99	22
99	140
99	42
99	156
99	95
99	12
99	125
99	2
99	33
99	108
100	93
100	128
100	132
100	12
100	81
100	52
100	88
100	73
100	63
100	140
100	42
100	120
100	53
100	38
100	95
100	79
100	34
100	44
100	76
100	161
100	109
100	155
100	48
100	89
100	136
100	51
100	36
100	9
100	21
100	1
100	113
100	101
100	85
100	126
100	112
100	50
100	54
100	131
100	72
100	39
100	19
100	14
100	3
100	10
100	115
100	27
100	90
100	148
100	62
100	71
100	43
100	30
100	138
100	117
100	11
100	28
100	66
100	7
100	31
100	99
100	77
100	123
100	130
100	111
100	46
100	92
100	18
100	104
100	87
100	80
100	23
100	15
100	5
100	124
100	94
100	17
100	103
100	26
100	57
100	163
100	2
100	144
100	60
101	44
101	122
101	21
101	95
101	24
101	99
101	164
101	161
101	51
101	68
101	7
101	106
101	143
101	91
101	35
101	139
101	144
101	57
101	19
101	141
101	146
101	130
101	58
101	119
101	105
101	145
101	121
101	38
101	135
101	63
101	53
101	39
101	118
101	89
101	108
101	10
101	13
101	1
101	27
101	88
101	12
101	6
101	52
101	66
101	100
101	86
101	155
101	50
101	133
101	49
101	81
101	104
101	75
101	31
101	5
101	109
102	44
102	54
102	153
102	12
102	24
102	155
102	50
102	131
102	165
102	80
102	31
102	27
102	88
102	41
102	51
102	113
102	99
102	140
102	156
102	30
102	60
102	128
102	1
102	81
102	38
102	162
102	109
102	115
102	64
102	152
102	104
102	90
102	11
102	3
102	53
102	19
102	114
102	68
102	95
102	161
102	108
102	100
102	39
102	129
102	150
102	49
102	52
102	126
102	93
102	119
102	63
102	61
102	141
102	103
102	4
102	40
102	92
102	127
102	5
102	164
102	163
102	106
103	2
103	108
103	51
103	49
103	102
103	11
103	22
103	26
103	74
103	159
103	20
103	24
103	151
103	46
103	50
103	38
103	43
103	29
103	36
103	104
103	37
103	56
103	140
103	1
103	88
103	12
103	161
103	80
103	21
103	160
103	44
103	163
103	84
103	72
103	139
103	150
103	142
103	19
103	67
103	54
103	165
103	63
103	40
103	114
103	27
103	4
103	131
103	92
103	68
103	115
103	145
103	106
103	41
103	101
103	113
103	93
103	85
103	59
103	156
103	8
103	86
103	141
103	132
103	28
103	128
103	99
103	48
103	5
103	60
104	87
104	88
104	21
104	31
104	12
104	60
104	86
104	93
104	106
104	64
104	62
104	68
104	161
104	38
104	8
104	77
104	120
104	163
104	11
104	44
104	4
104	140
104	126
104	148
104	145
104	72
104	147
104	89
104	58
104	54
104	128
104	76
104	42
104	115
104	23
104	108
104	53
104	63
104	97
104	130
104	51
104	149
104	83
104	47
104	15
104	28
104	118
104	81
104	152
104	6
104	48
104	19
104	116
104	95
104	3
104	18
104	157
104	55
104	1
104	139
104	119
104	45
104	132
104	71
104	34
104	138
104	79
104	41
104	13
104	70
104	85
104	61
104	131
104	29
104	155
104	103
104	137
104	49
104	24
104	14
104	39
104	66
104	69
104	96
104	84
104	52
104	40
104	32
104	101
104	144
104	156
104	135
104	27
105	88
105	110
105	30
105	145
105	6
105	41
105	44
105	24
105	63
105	95
105	161
105	80
105	27
105	38
105	22
105	140
105	12
105	108
105	8
105	99
105	51
105	86
105	93
105	116
105	5
105	1
105	164
105	68
105	151
105	47
105	11
105	89
105	97
105	155
105	3
105	67
105	64
105	31
105	149
105	74
105	37
105	49
105	50
105	118
105	102
105	120
105	150
105	52
105	28
105	126
105	71
105	152
105	160
105	87
105	148
105	53
105	104
105	48
105	135
105	70
105	83
105	43
105	100
105	45
105	81
105	60
105	72
105	137
105	112
105	159
105	46
105	66
105	139
105	128
105	26
105	40
105	57
105	21
105	132
105	92
105	115
105	14
105	127
105	54
105	90
105	25
105	58
105	62
105	10
105	23
105	42
105	114
105	106
105	130
105	154
105	29
105	55
105	19
105	82
105	103
106	110
106	22
106	37
106	46
106	76
106	159
106	43
106	5
106	39
106	151
106	60
106	24
106	88
106	108
106	12
106	74
106	102
106	145
106	26
106	49
106	1
106	86
106	23
106	87
106	38
106	99
106	18
106	48
106	54
106	64
106	44
106	63
106	68
106	119
106	21
106	157
106	161
106	154
106	51
106	93
106	40
106	113
106	50
106	31
106	6
106	139
106	118
106	95
106	67
106	115
106	25
106	65
106	130
106	27
106	14
106	92
106	8
106	109
106	57
106	141
106	81
106	89
106	19
106	80
106	58
106	62
106	41
106	28
106	11
106	148
106	4
106	163
106	3
106	30
106	120
106	162
106	135
106	10
106	133
106	104
106	131
106	71
106	47
106	72
106	53
106	52
106	100
106	165
106	82
106	136
106	128
106	66
106	126
106	112
106	79
106	56
106	55
106	97
106	117
106	7
106	70
106	85
106	142
106	140
106	83
106	36
106	150
106	132
106	94
106	15
106	155
106	152
106	61
106	59
106	127
106	156
106	42
106	90
106	103
106	160
106	124
107	155
107	22
107	74
107	43
107	110
107	49
107	151
107	24
107	104
107	102
107	99
107	89
107	145
107	154
107	46
107	79
107	59
107	6
107	60
107	161
107	12
107	128
107	31
107	131
107	27
107	80
107	139
107	88
107	108
107	40
107	93
107	127
107	19
107	83
107	90
107	100
107	38
107	130
107	72
107	50
107	118
107	25
107	160
107	140
107	67
107	115
107	68
107	44
107	48
107	51
107	159
107	5
107	150
107	1
107	41
107	58
107	95
107	86
107	122
107	66
107	71
107	54
107	125
107	106
107	92
107	126
107	163
107	11
107	64
107	109
107	124
107	81
107	82
107	47
107	97
107	21
107	26
107	112
107	87
107	63
107	53
107	10
107	148
107	70
107	15
107	114
108	49
108	59
108	74
108	159
108	5
108	86
108	25
108	145
108	118
108	102
108	43
108	155
108	22
108	112
108	151
108	67
108	46
108	93
108	21
108	47
108	75
108	72
108	14
108	18
108	6
108	26
108	17
108	163
108	157
108	8
108	31
108	38
108	161
108	142
108	39
108	120
108	97
108	34
108	149
108	36
108	82
108	37
108	51
108	92
108	55
108	137
108	23
108	45
108	150
108	28
108	140
108	44
108	124
108	27
108	109
108	81
108	24
108	76
108	11
108	131
108	52
108	139
108	58
108	50
108	54
108	62
108	128
108	10
108	100
108	113
108	60
108	103
108	126
108	19
108	99
108	61
108	12
108	71
108	73
108	164
108	156
108	89
108	57
109	35
109	100
109	160
109	16
109	146
109	88
109	24
109	123
109	30
109	140
109	66
109	51
110	149
110	111
110	16
110	18
110	20
110	121
110	134
110	27
110	158
110	24
110	96
110	123
110	50
110	5
110	71
110	126
110	32
110	61
110	38
110	98
110	115
110	106
110	95
110	63
110	108
110	91
110	139
110	143
110	81
110	161
110	119
110	34
110	51
110	19
110	47
110	122
110	120
110	145
110	53
110	152
110	14
110	160
110	92
110	45
110	78
110	86
110	155
110	87
110	10
110	48
110	2
110	69
110	72
110	75
110	150
110	73
110	79
110	40
110	112
110	128
110	58
110	15
110	68
110	133
111	93
111	24
111	150
111	50
111	44
111	88
111	139
111	48
111	14
111	145
111	59
111	118
111	51
111	40
111	68
111	27
111	1
111	6
111	63
111	57
111	3
111	12
111	49
111	87
111	130
111	100
111	83
111	141
111	104
111	36
111	153
111	21
111	92
111	28
111	39
111	30
111	11
111	86
111	124
111	38
111	108
111	161
111	155
111	53
111	140
111	148
111	94
111	152
111	41
111	64
111	156
111	31
111	154
111	163
111	82
112	38
112	36
112	131
112	24
112	89
112	92
112	12
112	117
112	126
112	54
112	81
112	84
112	80
112	53
112	73
112	85
112	28
112	44
112	109
112	125
112	21
112	165
112	152
112	65
112	88
112	124
112	79
112	3
112	161
112	71
112	115
112	31
112	153
112	128
112	50
112	27
112	9
112	108
112	59
112	1
113	88
113	79
113	74
113	44
113	163
113	54
113	146
113	21
113	89
113	38
113	19
113	119
113	161
113	81
113	92
113	126
113	51
113	102
113	131
113	42
113	136
113	27
113	46
113	140
113	14
113	12
113	48
113	24
113	36
113	101
113	47
113	108
113	145
113	86
113	1
113	6
113	43
113	106
113	118
113	80
113	59
113	139
113	55
113	85
113	73
113	29
113	133
113	128
113	50
113	66
113	72
113	159
113	71
113	157
114	81
114	42
114	12
114	92
114	21
114	53
114	31
114	117
114	89
114	139
114	38
114	126
114	34
114	50
114	79
114	28
114	109
114	24
114	36
114	88
114	44
114	9
114	63
114	144
114	73
114	27
114	118
114	95
114	138
114	1
114	124
114	140
114	108
114	148
114	103
114	156
114	41
114	7
114	83
114	66
114	164
114	106
114	142
114	65
114	68
114	51
114	85
115	87
115	49
115	145
115	161
115	126
115	54
115	130
115	12
115	51
115	128
115	24
115	118
115	86
115	40
115	162
115	59
115	27
115	81
115	71
115	34
115	50
115	53
115	140
115	132
115	135
115	1
115	18
115	109
115	106
115	5
115	44
115	102
115	47
115	95
115	65
115	19
115	93
115	74
115	6
115	8
115	15
115	92
115	38
115	163
115	21
115	108
115	88
115	100
115	104
115	11
115	99
115	61
115	80
115	76
115	39
115	114
115	64
115	4
115	116
115	68
115	149
115	150
115	105
115	154
115	62
115	141
115	66
115	152
115	70
115	72
115	25
115	136
115	89
115	52
115	10
115	31
115	139
115	146
115	7
115	82
115	63
115	79
115	28
115	46
115	56
115	101
115	48
115	60
115	103
115	151
115	159
115	125
115	41
115	57
116	109
116	110
116	92
116	22
116	162
116	102
116	130
116	24
116	54
116	150
116	38
116	11
116	112
116	105
116	44
116	159
116	12
116	161
116	74
116	21
116	104
116	14
116	59
116	6
116	93
116	151
116	1
116	49
116	58
116	89
116	27
116	43
116	76
116	5
116	108
116	95
116	28
116	63
116	3
116	26
116	47
116	68
116	51
116	115
116	86
116	145
116	41
116	81
116	57
116	48
116	19
117	87
117	44
117	104
117	72
117	106
117	12
117	59
117	24
117	136
117	64
117	27
117	60
117	139
117	1
117	140
117	120
117	161
117	84
117	19
117	50
117	54
117	81
117	131
117	148
117	5
117	51
117	28
117	14
117	145
117	80
117	93
117	77
117	30
117	147
117	66
117	163
117	58
117	85
117	48
117	137
117	92
117	165
117	68
117	118
117	4
117	21
117	152
117	126
117	53
117	38
117	149
117	62
117	88
117	45
117	11
117	155
117	86
117	113
117	130
117	8
117	95
117	63
117	115
117	6
117	132
117	162
117	90
117	31
117	55
117	154
117	128
117	18
117	10
117	100
117	42
117	99
117	65
117	108
117	57
117	109
117	141
117	39
117	102
117	119
117	40
117	153
117	74
117	97
117	156
117	89
117	76
117	159
117	70
117	112
117	7
117	17
117	114
117	34
117	3
117	23
117	79
117	71
117	164
117	83
117	150
117	49
117	47
117	125
117	101
117	133
117	135
117	61
117	29
117	82
117	157
117	107
117	69
117	41
117	20
117	52
117	129
117	103
117	67
117	22
117	13
117	111
117	98
117	25
117	116
117	32
117	94
118	21
118	12
118	61
118	38
118	66
118	81
118	28
118	44
118	27
118	63
118	79
118	71
118	128
118	50
118	95
118	42
118	89
118	99
118	1
118	39
118	93
118	92
118	53
118	152
118	90
118	100
118	135
118	32
118	94
118	136
118	119
118	24
118	163
118	54
118	76
118	6
118	109
118	19
118	140
118	51
118	31
118	101
118	37
118	115
118	160
118	130
118	68
118	7
118	116
118	69
118	165
118	106
118	60
118	10
118	150
118	85
118	151
118	88
118	25
118	113
118	91
118	98
118	108
118	131
118	65
118	161
118	46
118	30
118	13
118	111
118	114
118	125
118	164
118	56
118	124
118	75
118	72
118	35
118	127
118	146
118	112
118	105
118	144
118	104
118	2
118	40
118	34
118	141
118	58
118	41
118	126
118	156
118	62
118	22
118	162
119	110
119	108
119	88
119	72
119	92
119	48
119	22
119	59
119	27
119	24
119	161
119	118
119	89
119	155
119	163
119	95
119	43
119	80
119	86
119	12
119	11
119	39
119	44
119	1
119	149
119	51
119	131
119	6
119	19
119	54
119	41
119	57
119	68
119	50
119	99
119	87
119	102
119	74
119	93
119	38
119	140
119	132
119	128
119	60
119	53
119	61
119	156
119	104
119	49
119	67
119	130
119	8
119	47
119	159
119	29
119	94
119	139
119	136
119	137
119	26
119	66
119	42
119	100
119	150
119	145
119	23
119	36
119	83
119	141
119	120
119	70
119	79
119	106
119	58
119	154
119	81
119	97
119	63
119	124
119	37
119	152
119	10
119	157
119	31
119	126
119	25
119	62
119	40
119	148
119	114
119	56
119	14
119	129
119	45
119	46
119	75
119	113
120	88
120	27
120	34
120	124
120	38
120	81
120	79
120	89
120	42
120	126
120	28
120	73
120	36
120	84
120	85
120	92
120	165
120	50
120	31
120	131
120	21
120	44
120	12
120	66
120	125
120	113
120	111
120	152
120	109
120	53
120	117
120	9
120	51
120	63
120	54
120	153
120	24
120	7
120	69
120	40
120	6
120	99
120	71
120	3
120	1
120	11
120	162
120	101
120	19
120	65
120	129
120	93
120	103
120	32
120	13
121	12
121	27
121	145
121	57
121	24
121	136
121	161
121	113
121	1
121	88
121	108
121	51
121	114
121	44
121	77
121	150
121	68
121	93
121	104
121	53
121	160
121	147
121	6
121	4
121	141
121	21
121	62
121	99
121	61
121	60
121	126
121	110
121	49
121	19
121	63
121	155
121	39
121	92
121	48
121	95
121	52
121	89
121	80
121	163
121	128
121	31
121	59
121	38
121	74
121	140
121	130
121	10
121	87
121	50
121	3
121	26
121	64
121	58
121	54
121	40
121	72
121	139
121	11
121	30
121	100
121	71
121	154
121	115
121	56
121	34
121	133
121	101
121	65
121	86
121	118
121	152
121	135
121	22
121	66
121	159
121	90
121	103
121	84
121	102
121	5
121	8
121	81
121	7
121	83
121	156
122	24
122	60
122	86
122	155
122	51
122	38
122	68
122	145
122	88
122	49
122	104
122	140
122	118
122	48
122	1
122	161
122	93
122	50
122	80
122	6
122	44
122	56
122	27
122	139
122	12
122	100
122	81
122	108
122	31
122	132
122	113
122	126
122	54
122	74
122	59
122	90
122	15
122	63
122	19
122	99
122	95
122	22
122	26
122	53
122	131
122	4
122	21
122	64
122	102
122	28
122	116
122	62
122	97
122	67
122	92
122	163
122	150
122	154
122	82
122	156
122	115
122	87
122	61
122	135
122	119
122	141
122	128
122	10
122	5
122	106
122	109
122	89
122	114
122	11
122	138
122	66
122	37
122	57
122	148
122	7
122	25
122	136
122	52
122	159
122	110
123	24
123	12
123	88
123	4
123	51
123	48
123	19
123	139
123	130
123	27
123	140
123	31
123	108
123	145
123	38
123	104
123	22
123	161
123	163
123	1
123	21
123	152
123	58
123	54
123	44
123	50
123	99
123	112
123	6
123	126
123	65
123	49
123	93
123	109
123	63
123	100
123	150
123	59
123	148
123	71
123	162
123	39
123	80
123	28
123	30
123	70
123	128
123	115
123	79
123	60
123	68
123	55
123	155
123	92
123	53
123	86
123	10
123	23
123	5
123	141
123	82
123	114
123	117
123	131
123	66
123	37
123	95
123	113
123	89
124	12
124	24
124	140
124	93
124	64
124	21
124	70
124	96
124	161
124	55
124	31
124	20
124	38
124	84
124	148
124	87
124	52
124	134
124	86
124	85
124	80
124	34
124	44
124	1
124	145
124	98
124	32
124	123
124	131
124	162
124	57
124	121
124	115
124	149
124	120
124	108
124	27
124	63
124	6
124	99
124	81
124	91
124	53
124	61
124	106
124	155
124	48
124	50
124	58
124	128
124	88
124	122
124	163
124	105
124	51
124	62
124	45
124	40
124	152
124	29
124	165
124	126
124	47
124	4
124	28
124	153
124	16
124	83
124	143
124	14
124	22
124	104
124	92
124	49
124	5
124	54
124	23
124	11
124	158
124	78
124	68
124	72
124	69
124	75
124	111
124	33
124	39
124	10
124	127
124	19
124	67
124	118
124	139
124	119
124	82
124	100
124	130
124	101
124	112
124	65
124	109
124	102
124	114
124	89
124	150
124	66
125	12
125	88
125	33
125	94
125	146
125	54
125	51
125	123
125	69
125	101
125	120
125	102
125	150
125	108
125	50
125	119
125	44
125	1
125	66
125	137
125	25
125	24
125	104
125	59
125	131
125	22
125	40
125	19
125	91
125	129
125	78
125	118
125	27
125	72
125	39
125	86
125	145
125	144
126	49
126	54
126	60
126	72
126	86
126	50
126	12
126	24
126	51
126	21
126	145
126	141
126	89
126	53
126	61
126	38
126	27
126	74
126	128
126	1
126	8
126	102
126	99
126	62
126	81
126	87
126	44
126	59
126	95
126	73
126	165
126	5
126	155
126	71
126	153
126	147
126	93
126	22
126	161
126	140
126	131
126	159
126	6
126	163
126	130
126	80
126	19
126	132
126	68
126	115
126	88
126	69
126	57
126	66
126	63
126	10
126	48
126	154
126	135
126	100
126	34
126	79
126	92
126	47
126	118
126	11
126	23
126	109
126	156
126	139
126	58
126	56
126	152
126	133
126	85
126	52
126	114
126	160
126	39
126	150
126	110
126	77
126	28
126	120
126	149
126	84
126	116
126	3
126	104
126	64
126	46
126	127
126	83
126	13
126	113
126	40
126	108
126	45
126	94
126	65
126	70
126	136
126	43
126	151
126	162
126	112
126	31
126	76
126	148
126	82
126	146
126	36
126	90
126	67
126	30
126	29
126	137
126	142
127	145
127	133
127	115
127	102
127	161
127	33
127	88
127	24
127	74
127	38
127	54
127	1
127	90
127	12
127	68
127	66
127	159
127	51
127	93
127	6
127	130
127	121
127	44
127	146
127	96
127	80
127	82
127	49
127	105
127	140
127	108
127	87
127	106
127	100
127	39
127	103
127	86
127	43
127	137
127	22
127	83
127	60
127	37
127	62
127	17
127	19
127	27
127	75
127	144
128	38
128	126
128	1
128	31
128	81
128	124
128	134
128	28
128	66
128	92
128	36
128	79
128	106
128	21
128	53
128	65
128	89
128	117
128	138
128	101
128	85
128	139
128	132
128	34
128	3
128	127
128	105
128	13
128	73
128	136
128	129
128	35
128	154
128	42
128	148
128	130
128	100
128	150
128	140
128	90
128	114
128	103
128	9
128	19
128	24
128	163
128	60
128	109
128	144
128	7
129	47
129	110
129	146
129	20
129	64
129	163
129	104
129	141
129	148
129	38
129	24
129	27
129	161
129	68
129	63
129	58
129	123
129	91
129	78
129	108
129	51
129	106
129	16
129	114
129	44
129	18
129	133
129	143
129	22
129	1
129	19
129	120
129	12
129	79
129	154
129	86
129	6
129	100
129	101
129	88
129	5
129	80
129	54
129	10
129	122
129	34
129	66
129	52
129	158
129	139
129	46
129	33
129	150
129	105
129	83
129	102
129	48
129	39
129	152
129	119
129	21
129	65
129	165
129	93
129	145
129	103
129	69
129	87
129	32
129	95
129	50
129	115
129	81
130	106
130	110
130	50
130	22
130	28
130	5
130	49
130	24
130	38
130	40
130	102
130	159
130	108
130	10
130	148
130	25
130	83
130	46
130	128
130	12
130	8
130	74
130	1
130	86
130	56
130	131
130	67
130	37
130	48
130	99
130	163
130	51
130	89
130	145
130	85
130	15
130	27
130	93
130	104
130	157
130	64
130	11
130	44
130	82
130	6
130	39
130	151
130	79
130	87
130	160
130	63
130	58
130	53
130	19
130	139
130	21
130	68
130	126
130	54
130	4
130	92
130	70
130	150
130	81
130	132
130	66
130	155
130	100
130	161
130	154
130	141
130	140
130	152
130	88
130	18
130	31
130	26
130	118
130	72
130	113
130	80
130	112
130	61
130	34
130	57
130	14
130	76
130	90
130	36
130	62
130	115
130	42
130	142
130	95
130	71
130	59
130	23
130	135
130	47
130	30
130	52
130	97
130	120
130	41
130	149
130	65
130	60
130	133
130	45
130	156
130	109
130	137
130	121
130	138
130	119
130	75
130	55
130	105
130	3
130	43
131	88
131	92
131	50
131	38
131	31
131	81
131	27
131	24
131	12
131	79
131	1
131	108
131	128
131	52
131	127
131	30
131	161
131	19
131	28
131	89
131	64
131	80
131	44
131	54
131	60
131	140
131	63
131	62
131	99
131	53
131	102
131	126
131	124
131	150
131	39
131	36
131	132
131	145
131	51
131	90
131	139
131	7
131	95
131	136
131	66
131	4
131	59
131	68
131	115
131	65
131	71
131	155
131	125
131	104
131	113
131	41
131	61
131	57
131	101
131	154
131	162
131	48
131	83
131	148
131	10
131	114
131	70
131	21
131	135
131	156
131	15
131	35
131	58
131	11
131	93
131	86
131	82
131	40
131	69
131	29
131	100
131	144
131	43
131	34
131	103
131	84
131	85
131	119
131	56
131	42
131	129
132	143
132	146
132	66
132	122
132	20
132	133
132	101
132	123
132	4
132	34
132	164
132	35
132	134
132	69
132	91
132	121
132	16
132	88
132	106
132	1
133	24
133	50
133	106
133	1
133	21
133	11
133	88
133	53
133	130
133	63
133	113
133	54
133	12
133	61
133	161
133	57
133	38
133	40
133	48
133	140
133	139
133	27
133	14
133	104
133	126
133	6
133	115
133	81
133	72
133	44
133	131
133	110
133	19
133	145
133	51
133	114
133	64
133	148
133	95
133	62
133	52
133	60
133	49
133	128
133	154
133	155
133	34
133	86
133	132
133	99
133	111
133	93
133	163
133	71
133	10
133	83
133	68
133	90
133	41
133	79
133	102
133	23
133	116
133	87
133	89
133	18
133	105
133	28
133	108
133	100
133	119
133	3
133	59
133	7
133	150
133	33
133	136
133	92
133	8
133	91
133	70
133	15
133	82
133	31
133	101
133	141
133	76
133	42
133	5
133	80
133	29
133	156
133	103
133	159
133	85
133	125
133	124
134	24
134	88
134	155
134	12
134	14
134	86
134	90
134	92
134	51
134	1
134	38
134	54
134	57
134	159
134	21
134	48
134	87
134	161
134	68
134	104
134	53
134	80
134	49
134	27
134	30
134	130
134	6
134	34
134	11
134	140
134	50
134	154
134	100
134	44
134	95
134	63
134	5
134	139
134	89
134	145
134	120
134	19
134	58
134	141
134	81
134	72
134	31
134	93
134	23
134	150
134	71
134	8
134	128
134	79
134	10
134	160
134	112
134	115
134	118
134	135
134	73
134	162
134	126
134	113
134	39
134	46
134	121
134	82
134	62
134	108
134	52
134	99
134	151
134	4
134	55
134	43
134	36
134	47
134	40
134	7
134	18
134	22
134	163
134	131
135	44
135	86
135	129
135	93
135	99
135	162
135	65
135	38
135	21
135	94
135	55
135	66
135	152
135	71
135	12
135	161
135	7
135	51
135	72
135	54
135	19
135	47
135	42
135	115
135	81
135	95
135	133
135	1
135	62
135	6
135	61
135	130
135	92
135	48
135	159
135	126
135	85
135	11
135	39
135	46
135	53
135	89
135	156
135	106
135	27
135	50
135	79
135	28
135	118
135	18
135	136
135	137
135	163
135	97
135	83
135	87
135	64
135	5
135	49
135	52
135	124
135	26
135	58
135	100
135	141
135	103
135	128
135	68
136	108
136	59
136	34
136	7
136	144
136	1
136	88
136	119
136	21
136	101
136	41
136	150
136	12
136	126
136	72
136	44
136	74
136	27
136	54
136	50
136	139
136	161
136	39
136	163
136	46
136	128
136	11
136	115
136	91
137	31
137	1
137	52
137	93
137	88
137	28
137	19
137	61
137	58
137	109
137	148
137	89
137	130
137	126
137	12
137	54
137	47
137	64
137	24
137	44
137	108
137	48
137	85
137	95
137	99
137	11
137	4
137	63
137	60
137	152
137	51
137	157
137	145
137	3
137	38
137	81
137	115
137	21
137	149
137	71
137	14
137	163
137	68
137	50
137	39
137	135
137	23
137	155
137	161
137	83
137	106
137	87
137	5
137	53
137	13
137	114
137	77
137	62
137	97
137	132
137	65
137	35
137	150
137	103
137	69
137	56
137	42
137	49
137	96
137	156
137	140
137	118
137	162
137	40
137	154
137	128
137	92
138	26
138	151
138	38
138	66
138	24
138	12
138	68
138	161
138	90
138	60
138	51
138	1
138	155
138	108
138	128
138	7
138	53
138	27
138	63
138	110
138	30
138	92
138	50
138	19
138	11
138	21
138	131
138	86
138	5
138	81
138	139
138	44
138	136
138	100
138	140
138	41
138	54
138	48
138	46
138	71
138	104
138	95
138	67
138	80
138	58
138	93
138	149
138	150
138	141
138	74
138	87
138	59
138	49
138	115
138	70
138	28
138	10
138	62
138	145
138	6
138	52
138	82
138	31
138	72
138	57
138	137
138	47
138	148
138	89
138	102
138	132
138	64
138	118
138	61
138	79
138	22
138	147
138	114
138	99
138	8
139	59
139	38
139	145
139	115
139	161
139	130
139	93
139	5
139	19
139	21
139	118
139	49
139	72
139	106
139	92
139	52
139	86
139	28
139	163
139	147
139	6
139	43
139	8
139	132
139	89
139	66
139	12
139	25
139	126
139	65
139	119
139	62
139	79
139	136
139	17
139	81
139	141
139	102
139	152
139	159
139	85
139	77
139	140
139	34
139	113
139	31
139	3
139	105
139	143
139	88
139	22
139	46
139	44
139	157
139	18
139	53
139	135
139	47
139	37
139	76
139	74
139	149
139	82
139	11
139	103
139	42
139	45
139	63
139	150
139	15
139	2
139	109
139	144
139	146
139	51
139	125
139	128
139	54
139	60
139	95
139	71
140	38
140	146
140	124
140	81
140	117
140	79
140	106
140	92
140	130
140	31
140	36
140	139
140	89
140	126
140	133
140	53
140	24
140	73
140	71
140	142
140	28
140	101
140	109
140	21
140	1
140	99
140	152
140	17
140	42
140	66
140	148
140	50
140	12
140	7
140	161
140	3
140	116
140	15
140	27
140	143
140	65
140	41
140	9
140	54
140	132
140	122
140	57
140	115
140	136
140	137
140	108
140	35
140	88
140	134
140	75
140	119
140	111
140	129
140	85
140	96
140	10
140	138
140	56
140	102
140	34
140	44
140	22
140	11
140	125
140	120
140	128
140	103
140	78
140	145
140	58
140	2
140	69
140	95
141	6
141	86
141	67
141	14
141	159
141	5
141	99
141	72
141	89
141	60
141	49
141	58
141	145
141	146
141	38
141	19
141	87
141	12
141	45
141	27
141	18
141	20
141	25
141	35
141	140
141	69
141	62
141	88
141	135
141	55
141	63
141	120
141	93
141	59
141	96
141	118
141	50
141	65
141	133
141	92
141	51
141	149
141	21
141	102
141	161
141	53
141	136
141	76
141	44
141	46
141	79
141	34
141	47
141	26
141	73
141	66
141	85
141	90
141	48
141	156
141	23
141	148
142	90
142	12
142	27
142	81
142	38
142	153
142	114
142	24
142	84
142	99
142	54
142	63
142	161
142	62
142	155
142	44
142	51
142	56
142	140
142	50
142	1
142	165
142	112
142	154
142	21
142	48
142	39
142	88
142	94
142	71
142	11
142	115
142	104
142	159
142	74
142	28
142	31
142	64
142	68
142	92
142	36
142	58
142	10
142	145
142	86
142	150
142	15
142	131
142	5
142	66
142	70
142	109
142	126
142	82
142	53
142	83
142	49
142	136
142	151
142	22
142	30
142	52
142	80
142	34
142	120
142	148
142	102
142	100
142	108
142	19
142	162
142	57
142	87
142	156
142	61
142	93
142	23
142	46
142	152
143	12
143	54
143	27
143	71
143	88
143	63
143	19
143	21
143	139
143	95
143	1
143	24
143	44
143	163
143	99
143	11
143	109
143	128
143	80
143	140
143	51
143	145
143	90
143	162
143	53
143	68
143	60
143	57
143	38
143	161
143	50
143	104
143	4
143	67
143	26
143	64
143	125
143	6
143	62
143	141
143	49
143	148
143	48
143	155
143	131
143	130
143	87
143	8
143	106
143	40
143	92
143	126
143	135
143	120
143	93
143	61
143	72
143	100
143	10
143	127
143	58
143	103
143	118
143	114
143	66
143	89
143	81
143	156
143	115
143	152
143	136
143	150
143	86
143	42
143	45
144	24
144	38
144	10
144	44
144	1
144	88
144	12
144	118
144	93
144	51
144	139
144	27
144	63
144	99
144	6
144	48
144	86
144	21
144	50
144	132
144	46
144	72
144	145
144	104
144	53
144	131
144	95
144	40
144	154
144	81
144	161
144	128
144	100
144	47
144	71
144	59
144	25
144	135
144	11
144	105
144	90
144	68
144	106
144	92
144	113
144	140
144	19
144	58
144	148
144	77
144	108
144	87
144	130
144	5
144	102
144	52
144	82
144	85
144	115
144	64
144	62
144	55
144	31
144	83
144	57
144	103
144	155
144	114
144	80
144	54
144	7
144	163
144	147
144	159
144	70
144	150
144	32
144	61
144	160
144	60
144	156
144	136
144	125
144	23
144	18
144	45
144	28
145	54
145	111
145	38
145	69
145	61
145	71
145	44
145	31
145	51
145	83
145	27
145	35
145	22
145	148
145	92
145	28
145	140
145	89
145	66
145	101
145	81
145	99
145	115
145	126
145	77
145	63
145	161
145	106
145	37
145	85
145	152
145	94
145	114
145	10
145	109
145	53
145	1
145	130
145	48
145	30
145	88
145	128
145	50
145	46
145	65
145	25
145	108
145	79
145	12
145	112
145	6
145	24
145	139
145	135
145	153
145	39
145	76
145	57
145	141
145	138
145	21
145	13
145	95
145	165
145	113
145	64
145	116
145	68
145	3
145	93
145	105
145	133
145	124
145	62
145	23
145	100
145	90
145	97
145	146
145	131
145	150
145	26
145	29
145	56
145	33
145	73
145	160
145	164
145	158
145	5
145	36
145	75
145	52
145	136
145	84
145	15
145	151
145	132
145	155
145	4
145	103
145	87
145	2
145	129
145	11
145	162
145	104
145	156
145	40
145	70
145	127
145	142
146	44
146	12
146	50
146	41
146	24
146	104
146	37
146	115
146	80
146	22
146	86
146	5
146	27
146	51
146	161
146	49
146	54
146	110
146	100
146	48
146	43
146	64
146	102
146	52
146	38
146	108
146	88
146	57
146	145
146	92
146	81
146	1
146	67
146	25
146	63
146	87
146	17
146	39
146	95
146	6
146	112
146	90
146	8
146	154
146	155
146	126
146	140
146	128
146	132
146	120
146	164
146	11
146	30
146	66
146	72
146	160
146	21
146	99
146	159
146	19
146	47
146	149
146	74
146	131
146	60
146	3
146	55
146	31
146	61
146	62
146	68
146	105
146	71
146	148
146	141
146	18
146	152
146	93
146	106
146	10
146	14
146	118
146	82
146	150
146	94
146	97
146	53
146	76
146	42
146	89
146	157
146	45
146	113
146	23
146	26
146	156
146	29
146	46
146	151
146	162
146	163
146	59
146	83
146	58
146	114
146	135
146	103
146	139
146	2
146	137
147	104
147	1
147	128
147	102
147	24
147	56
147	25
147	94
147	74
147	88
147	131
147	12
147	80
147	110
147	145
147	49
147	133
147	22
147	93
147	159
147	68
147	44
147	48
147	64
147	59
147	37
147	148
147	46
147	89
147	82
147	139
147	28
147	86
147	108
147	71
147	106
147	43
147	54
147	92
147	27
147	60
147	38
147	161
147	50
147	63
147	100
147	6
147	19
147	151
147	10
147	51
147	66
147	81
147	99
147	124
147	20
147	150
147	11
148	161
148	145
148	72
148	92
148	19
148	86
148	93
148	62
148	67
148	14
148	38
148	69
148	21
148	155
148	6
148	89
148	28
148	118
148	106
148	79
148	114
148	130
148	144
148	163
148	126
148	5
148	12
148	17
148	31
148	33
148	132
148	143
148	101
148	49
148	146
148	94
148	66
148	52
148	35
148	116
148	122
148	123
148	8
148	100
148	13
148	15
148	81
148	88
148	42
148	91
148	3
148	40
148	1
148	159
148	59
148	105
148	103
148	20
148	125
149	24
149	80
149	131
149	153
149	89
149	12
149	44
149	84
149	54
149	137
149	27
149	50
149	71
149	51
149	99
149	165
149	155
149	162
149	95
149	38
149	152
149	21
149	1
149	64
149	93
149	40
149	11
149	161
149	156
149	140
149	68
149	63
149	90
149	30
149	60
149	4
149	115
149	6
149	145
149	92
149	28
149	148
149	62
149	126
149	18
149	14
149	39
149	120
149	112
149	114
149	23
149	76
149	141
149	128
149	132
149	10
149	19
149	157
149	100
149	139
149	150
149	79
149	66
149	45
149	29
150	46
150	44
150	120
150	25
150	145
150	60
150	88
150	59
150	38
150	108
150	87
150	24
150	1
150	18
150	5
150	23
150	161
150	28
150	51
150	12
150	52
150	8
150	26
150	22
150	72
150	49
150	64
150	85
150	86
150	58
150	50
150	74
150	37
150	149
150	6
150	27
150	21
150	11
150	140
150	130
150	118
150	128
150	132
150	107
150	53
150	54
150	114
150	90
150	62
150	93
150	81
150	39
150	116
150	112
150	43
150	80
150	19
150	109
150	142
150	102
150	94
150	148
150	163
150	159
150	47
150	131
150	48
150	115
150	76
150	66
150	84
150	30
150	125
150	133
150	89
150	129
150	68
150	100
150	92
150	106
150	79
150	95
150	157
150	14
150	63
150	124
150	20
150	139
150	99
150	103
150	31
150	41
150	75
150	7
150	56
150	67
150	45
150	55
150	70
150	137
150	82
150	126
150	156
150	127
150	2
150	83
150	105
151	36
151	131
151	38
151	9
151	24
151	124
151	84
151	117
151	73
151	21
151	77
151	12
151	30
151	31
151	92
151	107
151	81
151	109
151	135
151	34
151	119
151	17
151	53
151	88
151	115
151	40
151	132
151	51
151	126
151	80
151	140
151	60
151	162
151	50
151	27
151	44
151	156
151	90
151	66
151	93
151	7
151	39
151	89
151	61
151	150
151	99
151	42
151	79
151	129
151	125
151	74
151	1
151	59
151	95
151	103
151	54
151	63
151	28
152	123
152	94
152	98
152	68
152	28
152	146
152	62
152	134
152	66
152	61
152	164
152	143
152	20
152	32
152	13
152	106
152	133
152	105
152	69
152	76
152	34
152	101
152	1
152	121
152	122
152	51
152	35
152	50
152	10
152	44
152	93
152	5
152	27
152	40
152	19
152	24
152	6
152	155
152	87
152	154
152	95
152	57
152	158
152	96
152	163
152	91
153	12
153	24
153	80
153	54
153	81
153	71
153	38
153	154
153	99
153	89
153	124
153	44
153	50
153	115
153	27
153	28
153	51
153	62
153	161
153	140
153	92
153	79
153	63
153	53
153	100
153	48
153	88
153	1
153	128
153	52
153	21
153	101
153	114
153	130
153	131
153	149
153	95
153	90
153	31
153	148
153	155
153	162
153	60
153	156
153	64
153	11
153	35
153	150
153	142
153	57
153	93
153	126
153	10
153	85
153	19
153	29
153	66
153	58
153	70
153	7
153	68
153	132
153	136
153	141
153	82
153	65
153	83
153	39
153	127
153	72
153	135
153	108
154	81
154	11
154	27
154	38
154	89
154	6
154	65
154	92
154	44
154	47
154	18
154	112
154	12
154	88
154	23
154	34
154	21
154	97
154	120
154	79
154	87
154	58
154	67
154	51
154	135
154	50
154	28
154	145
154	140
154	53
154	101
154	72
154	35
154	59
154	149
154	45
154	39
154	14
154	85
154	124
154	5
154	161
154	56
154	83
154	68
154	25
154	86
154	133
154	55
154	137
154	131
154	109
154	157
154	90
154	107
154	128
154	49
154	1
154	159
154	118
154	54
154	162
154	73
154	163
154	111
154	144
154	62
154	139
154	114
155	119
155	161
155	44
155	93
155	89
155	19
155	38
155	130
155	21
155	86
155	145
155	31
155	77
155	163
155	72
155	52
155	53
155	107
155	58
155	147
155	14
155	112
155	92
155	6
155	17
155	54
155	126
155	148
155	79
155	113
155	60
155	59
155	124
155	136
155	1
155	28
155	100
155	81
155	5
155	74
155	47
155	8
155	15
155	102
155	120
155	116
155	62
155	66
155	3
155	137
155	55
155	149
155	99
155	49
155	105
155	118
155	67
155	34
155	97
155	11
155	115
155	51
155	125
155	151
155	25
155	108
155	35
155	106
155	24
155	85
155	94
155	83
155	64
155	159
155	43
155	7
155	37
155	45
155	18
155	76
155	42
155	138
155	162
155	4
155	91
155	103
155	69
155	56
155	131
155	80
155	27
155	23
155	48
155	63
155	32
155	12
155	128
155	141
155	2
155	90
155	109
155	150
155	152
155	68
156	38
156	117
156	53
156	17
156	12
156	27
156	50
156	44
156	89
156	139
156	73
156	54
156	92
156	124
156	31
156	80
156	24
156	95
156	107
156	79
156	81
156	28
156	21
156	106
156	161
156	36
156	126
156	155
156	140
156	149
156	141
156	51
156	48
156	136
156	85
156	154
156	57
156	41
156	103
156	7
156	113
156	66
156	164
156	1
156	2
156	9
156	146
156	75
156	3
156	42
157	12
157	148
157	54
157	57
157	81
157	27
157	44
157	53
157	71
157	155
157	115
157	150
157	104
157	90
157	95
157	1
157	152
157	42
157	58
157	21
157	68
157	130
157	51
157	10
157	31
157	165
157	65
157	69
157	63
157	24
157	28
157	60
157	162
157	48
157	93
157	13
157	88
157	35
157	15
157	19
157	156
157	38
157	131
157	6
157	66
157	99
157	132
157	100
157	61
157	50
157	161
157	128
157	89
157	106
157	34
157	140
158	88
158	19
158	161
158	110
158	5
158	38
158	22
158	112
158	43
158	26
158	25
158	24
158	108
158	77
158	51
158	41
158	67
158	12
158	85
158	157
158	28
158	6
158	17
158	154
158	52
158	57
158	95
158	90
158	89
158	8
158	44
158	92
158	21
158	104
158	145
158	153
158	105
158	27
158	47
158	102
158	68
158	4
158	86
158	49
158	80
158	130
158	50
158	62
158	3
158	29
158	55
158	1
158	87
158	14
158	131
158	155
158	100
158	93
158	39
158	40
158	11
158	72
158	149
158	115
158	128
158	74
158	64
158	76
158	109
158	63
158	139
158	31
158	150
158	84
158	48
158	23
158	15
158	82
158	141
158	10
158	56
158	103
159	46
159	135
159	61
159	152
159	47
159	24
159	81
159	22
159	65
159	12
159	37
159	76
159	112
159	34
159	51
159	99
159	161
159	27
159	38
159	25
159	1
159	44
159	19
159	129
159	151
159	58
159	49
159	66
159	68
159	26
159	53
159	36
159	109
159	7
159	141
159	98
159	100
159	92
159	54
159	13
159	128
159	59
159	108
159	140
159	3
159	32
159	69
159	50
159	93
159	95
159	150
159	17
159	124
159	101
159	89
159	71
159	163
159	10
159	79
159	155
159	164
159	117
159	160
159	127
159	126
160	35
160	20
160	21
160	1
160	54
160	58
160	44
160	145
160	161
160	38
160	79
160	8
160	6
160	27
160	19
160	80
160	12
160	120
160	26
160	68
160	130
160	87
160	89
160	108
160	24
160	14
160	81
160	31
160	124
160	55
160	139
160	88
160	119
160	72
160	69
160	86
160	51
160	152
160	106
160	118
160	95
160	48
160	93
160	63
160	115
160	11
160	140
160	66
160	148
160	141
160	136
161	37
161	150
161	159
161	112
161	43
161	46
161	22
161	86
161	49
161	67
161	151
161	74
161	92
161	24
161	25
161	108
161	5
161	8
161	145
161	26
161	102
161	135
161	76
161	47
161	142
161	163
161	82
161	160
161	27
161	58
161	6
161	120
161	87
161	41
161	61
161	141
161	14
161	56
161	39
161	18
161	149
161	1
161	126
161	23
161	89
161	115
161	55
161	117
161	99
161	153
161	38
161	72
161	88
161	50
161	81
161	155
161	137
161	51
161	21
161	12
161	44
161	100
161	11
161	80
161	54
161	45
161	59
161	97
161	157
161	133
161	128
161	53
161	84
161	10
161	140
161	156
161	90
161	93
161	130
161	154
161	152
161	73
161	40
161	127
161	19
161	162
161	71
161	29
161	62
161	113
161	68
161	106
161	48
161	75
162	52
162	161
162	87
162	51
162	24
162	12
162	38
162	80
162	54
162	11
162	95
162	152
162	147
162	63
162	44
162	140
162	88
162	126
162	53
162	27
162	67
162	60
162	149
162	3
162	130
162	30
162	93
162	92
162	141
162	81
162	41
162	1
162	31
162	104
162	46
162	155
162	131
162	120
162	39
162	40
162	99
162	47
162	28
162	21
162	106
162	43
162	50
162	163
162	19
162	68
162	62
162	115
162	89
162	6
162	132
162	129
162	86
162	79
162	48
162	45
162	82
162	66
162	75
162	18
162	65
162	10
162	72
162	150
162	74
162	114
162	98
162	136
162	148
162	13
162	58
162	14
162	100
162	64
162	61
163	8
163	87
163	118
163	86
163	149
163	72
163	22
163	55
163	102
163	23
163	59
163	89
163	24
163	25
163	150
163	157
163	67
163	6
163	47
163	159
163	1
163	14
163	53
163	38
163	74
163	43
163	97
163	151
163	18
163	61
163	46
163	44
163	68
163	137
163	148
163	85
163	162
163	92
163	60
163	65
163	155
163	45
163	26
163	83
163	10
163	15
163	160
163	126
163	88
163	56
163	12
163	108
163	112
163	76
163	141
163	164
163	127
163	51
163	152
163	135
163	109
163	100
163	57
163	32
163	156
163	113
163	128
163	84
163	75
163	40
164	145
164	21
164	1
164	90
164	48
164	162
164	139
164	140
164	54
164	71
164	24
164	44
164	6
164	10
164	19
164	51
164	86
164	38
164	12
164	88
164	5
164	99
164	11
164	27
164	161
164	68
164	81
164	159
164	87
164	154
164	155
164	28
164	130
164	50
164	94
164	152
164	39
164	62
164	114
164	49
164	83
164	66
164	63
164	8
164	110
164	58
164	118
164	56
164	141
164	163
164	61
165	51
165	50
165	38
165	62
165	90
165	131
165	92
165	89
165	28
165	12
165	120
165	63
165	124
165	109
165	27
165	24
165	44
165	125
165	99
165	1
165	81
165	79
165	147
165	60
165	54
165	126
165	53
165	74
165	162
165	161
165	113
165	30
165	150
165	140
165	88
165	80
165	31
165	155
165	108
165	6
165	19
165	130
165	128
165	149
165	68
165	85
165	141
165	42
165	101
165	152
165	39
165	57
165	136
165	48
165	132
165	115
165	65
165	156
165	64
165	21
165	15
165	116
165	3
165	135
165	35
165	148
165	154
165	95
165	71
165	93
165	127
165	106
165	40
165	11
165	142
165	10
165	129
165	100
165	58
165	138
165	98
165	66
165	104
165	82
165	77
165	5
165	70
165	61
165	103
165	52
165	7
165	139
165	2
