1	70
1	20
1	25
1	65
1	21
1	84
1	46
1	85
1	24
1	112
1	36
1	40
1	75
1	107
1	96
1	22
1	54
1	35
1	66
1	79
1	18
1	108
1	114
1	63
1	95
1	73
1	8
1	110
1	99
1	72
1	67
1	23
1	3
1	43
1	115
1	86
1	15
1	64
1	4
1	17
1	82
1	106
1	87
1	94
1	6
1	81
1	51
1	31
1	9
1	77
1	120
1	57
1	101
1	121
1	80
1	26
1	49
1	61
1	11
1	97
1	10
1	42
1	76
1	88
1	104
1	45
1	7
1	34
1	91
1	12
1	58
1	56
1	109
1	62
1	78
1	38
1	53
1	103
1	117
1	74
2	59
2	112
2	86
2	54
2	89
2	23
2	66
2	17
2	108
2	73
2	60
2	81
2	84
2	20
2	103
2	36
2	42
2	102
2	61
2	100
2	35
2	40
2	75
2	72
2	80
2	106
2	69
2	62
2	38
2	74
2	26
2	117
2	67
2	49
2	70
2	8
2	113
2	24
2	41
2	10
2	30
2	57
2	88
2	120
2	21
2	121
2	94
2	53
2	97
2	15
2	101
3	66
3	79
3	40
3	69
3	63
3	35
3	53
3	80
3	85
3	112
3	15
3	86
3	49
3	12
3	71
3	41
3	68
3	108
3	70
3	74
3	56
3	31
3	94
3	42
3	103
3	87
3	44
3	95
3	30
3	46
3	8
3	67
3	119
3	54
3	110
3	65
3	113
3	97
3	96
4	70
4	73
4	107
4	6
4	86
4	99
4	20
4	40
4	7
4	12
4	103
4	36
4	88
4	34
4	50
4	101
4	53
4	112
4	49
4	98
4	42
4	67
4	66
4	93
4	97
4	121
4	63
4	33
4	31
4	84
4	62
4	74
4	35
4	38
4	120
4	11
4	87
4	43
4	80
4	22
4	47
4	58
4	14
4	82
4	77
4	94
4	72
4	108
4	23
4	54
4	76
4	109
4	1
4	83
4	29
4	46
4	44
4	52
4	37
4	81
4	64
4	71
4	59
4	69
4	18
4	110
4	68
4	75
4	92
4	55
4	113
4	17
4	8
4	57
4	100
4	32
5	22
5	84
5	20
5	40
5	70
5	30
5	33
5	38
5	73
5	112
5	14
5	15
5	87
5	46
5	75
5	35
5	54
5	86
5	63
5	71
5	107
5	121
5	24
5	66
5	18
5	8
5	37
5	68
5	23
5	43
5	98
5	34
5	58
5	76
5	101
5	1
5	36
5	51
5	108
5	42
5	55
5	44
5	67
5	64
5	53
5	32
5	49
5	81
5	12
5	109
5	110
5	95
5	28
5	80
5	119
5	103
5	56
5	99
5	83
5	74
5	94
5	100
5	92
5	62
5	90
5	26
5	60
5	17
5	93
5	85
5	19
5	61
5	16
5	9
5	120
5	97
5	45
5	117
5	50
5	69
5	29
5	52
5	7
5	88
5	72
5	102
5	47
5	82
5	4
5	106
5	59
5	113
5	118
5	78
5	11
5	13
5	3
5	77
5	41
6	40
6	100
6	67
6	64
6	75
6	70
6	74
6	41
6	54
6	55
6	103
6	49
6	66
6	36
6	17
6	76
6	84
6	43
6	12
6	35
6	80
6	101
6	83
6	92
6	109
6	112
6	42
6	108
6	86
6	4
6	22
6	97
6	110
6	46
6	94
6	15
6	119
6	69
6	32
6	62
6	68
6	44
6	102
6	53
6	23
6	45
6	20
6	1
6	88
6	63
6	104
6	18
6	52
7	113
7	84
7	82
7	112
7	20
7	53
7	61
7	92
7	22
7	49
7	24
7	81
7	38
7	99
7	40
7	45
7	35
7	72
7	86
7	101
7	9
7	44
7	76
7	117
7	73
7	11
7	36
7	107
7	26
7	83
7	100
7	71
7	121
7	77
7	67
7	23
7	120
7	70
7	21
7	66
7	88
7	68
7	41
7	10
7	75
7	63
8	56
8	15
8	110
8	40
8	49
8	35
8	55
8	46
8	18
8	85
8	23
8	48
8	87
8	6
8	33
8	74
8	96
8	17
8	75
8	71
8	31
8	112
8	3
8	30
8	7
8	54
8	121
8	37
8	1
8	119
8	73
8	115
8	67
8	81
8	61
8	47
8	44
8	42
8	102
8	79
8	29
8	51
8	76
8	36
8	58
8	32
8	43
8	77
8	63
8	94
8	90
8	53
8	19
8	2
8	84
8	41
8	95
8	12
8	28
8	101
8	82
8	62
8	113
8	120
8	108
8	60
8	5
8	11
8	20
8	65
8	25
8	105
8	88
8	13
8	100
8	80
8	109
9	40
9	32
9	42
9	63
9	38
9	110
9	94
9	54
9	112
9	43
9	73
9	98
9	101
9	11
9	67
9	36
9	46
9	68
9	74
9	55
9	49
9	35
9	58
9	7
9	116
9	47
9	71
9	48
9	91
9	15
9	23
9	97
9	21
9	84
9	6
9	83
9	88
9	62
9	53
9	14
9	12
9	117
9	87
9	82
9	44
9	103
9	80
9	100
9	118
9	99
9	31
9	76
9	90
9	25
9	34
9	19
9	108
9	121
9	18
9	33
9	95
9	1
9	109
9	102
9	96
9	119
9	113
9	29
9	22
9	77
9	30
9	75
9	50
9	56
9	52
9	41
9	57
9	66
9	17
10	40
10	63
10	67
10	73
10	43
10	12
10	117
10	66
10	119
10	109
10	84
10	112
10	23
10	80
10	9
10	3
10	74
10	39
10	47
10	8
10	92
10	88
10	93
10	42
10	46
10	54
10	99
10	7
10	49
10	82
10	18
10	110
10	35
10	121
10	103
10	72
10	30
10	61
10	75
10	86
10	68
10	28
10	94
10	70
10	95
10	113
10	87
10	114
10	26
10	4
10	62
10	2
10	20
10	24
10	37
10	107
10	97
10	58
10	59
10	104
10	22
10	44
10	101
10	83
10	21
10	111
10	51
10	17
10	76
10	1
10	55
10	15
10	71
11	97
11	63
11	71
11	40
11	79
11	73
11	18
11	85
11	82
11	46
11	43
11	49
11	35
11	47
11	1
11	112
11	88
11	84
11	19
11	15
11	6
11	92
11	9
11	33
11	101
11	29
11	4
11	93
11	67
11	74
11	24
11	87
11	102
11	110
11	3
11	42
11	66
11	89
11	54
11	55
11	81
11	90
11	20
11	117
11	8
11	76
11	12
11	37
11	86
11	99
11	69
11	83
12	40
12	84
12	8
12	66
12	63
12	99
12	92
12	98
12	74
12	22
12	49
12	54
12	90
12	15
12	20
12	10
12	117
12	43
12	72
12	47
12	35
12	112
12	28
12	108
12	88
12	36
12	83
12	107
12	106
12	26
12	38
12	77
12	94
12	69
12	9
12	14
12	55
12	76
12	46
12	19
12	67
12	42
12	102
12	95
12	58
12	24
12	37
12	44
12	50
12	86
12	18
12	21
12	29
12	39
12	56
12	16
12	73
12	114
12	113
12	45
12	110
12	82
12	97
12	30
12	32
12	53
12	41
12	61
12	81
12	121
12	70
12	62
12	34
12	60
12	87
12	103
12	80
12	17
12	101
12	71
12	64
12	52
12	93
12	59
12	1
12	89
12	100
12	23
12	79
12	116
12	109
12	33
12	119
12	68
12	75
12	85
12	5
12	57
12	7
12	11
12	13
12	120
12	2
12	78
12	105
12	91
12	104
12	115
12	48
12	111
12	3
12	27
13	54
13	8
13	35
13	70
13	72
13	84
13	99
13	66
13	115
13	85
13	92
13	81
13	26
13	73
13	101
13	62
13	9
13	38
13	71
13	77
13	42
13	6
13	87
13	22
13	24
13	75
13	45
13	96
13	61
13	20
13	86
13	113
13	3
13	82
13	40
13	52
13	31
13	53
13	63
13	112
13	19
13	121
13	49
13	33
13	91
13	109
13	106
13	78
13	120
13	10
13	41
13	67
13	108
14	108
14	7
14	43
14	112
14	1
14	109
14	117
14	80
14	73
14	50
14	95
14	62
14	12
14	114
14	66
14	113
14	84
14	18
14	58
14	88
14	39
14	35
14	49
14	47
14	34
14	97
14	67
14	87
14	45
14	119
14	46
14	63
14	15
14	90
14	101
14	26
14	77
14	68
14	13
14	94
14	8
14	28
14	70
14	2
14	93
14	4
14	104
14	20
14	30
14	100
14	10
14	41
14	111
14	42
15	80
15	112
15	87
15	50
15	56
15	43
15	20
15	12
15	66
15	109
15	42
15	62
15	74
15	10
15	73
15	117
15	119
15	44
15	36
15	84
15	110
15	86
15	75
15	40
15	49
15	54
15	114
15	18
15	35
15	83
15	7
15	95
15	92
15	67
15	101
15	28
15	85
15	22
15	47
15	90
15	97
15	88
15	23
15	3
15	4
15	113
15	116
15	31
15	120
15	115
15	37
15	32
15	46
15	1
15	60
15	102
15	30
15	121
15	105
15	72
15	71
15	48
15	89
15	65
15	53
15	106
15	8
15	17
15	103
15	58
15	29
15	63
15	81
15	79
15	70
15	2
15	94
15	64
15	33
15	51
15	59
15	104
15	24
15	27
15	52
15	6
15	21
15	9
15	100
16	66
16	86
16	43
16	95
16	10
16	12
16	84
16	7
16	109
16	37
16	80
16	69
16	68
16	112
16	106
16	50
16	57
16	62
16	72
16	8
16	82
16	73
16	18
16	47
16	46
16	107
16	24
16	61
16	40
16	92
16	35
16	26
16	117
16	19
16	9
16	76
16	88
16	77
16	97
16	103
16	49
16	54
17	86
17	84
17	103
17	70
17	30
17	54
17	80
17	110
17	35
17	7
17	101
17	60
17	67
17	49
17	8
17	58
17	63
17	97
17	99
17	112
17	15
17	73
17	75
17	115
17	40
17	62
17	36
17	119
17	6
17	33
17	81
17	94
17	120
17	18
17	12
17	71
17	100
17	74
17	1
17	111
17	26
17	19
17	93
17	83
17	108
17	43
17	109
17	3
17	78
17	51
17	85
17	96
17	45
17	56
17	77
17	34
17	88
17	121
17	47
17	68
17	116
17	50
17	21
17	61
18	48
18	96
18	91
18	87
18	6
18	64
18	33
18	40
18	79
18	93
18	3
18	118
18	35
18	84
18	70
18	59
18	67
18	97
18	44
18	1
18	31
18	66
18	73
18	49
18	112
18	81
18	25
18	103
18	43
18	58
18	95
18	102
18	65
18	30
18	12
18	68
18	28
18	108
18	9
18	47
19	29
19	84
19	73
19	99
19	56
19	112
19	67
19	101
19	97
19	8
19	75
19	119
19	51
19	54
19	117
19	30
19	71
19	60
19	46
19	37
19	49
19	35
19	22
19	24
19	36
19	85
19	32
19	58
19	121
19	33
19	80
19	110
19	7
19	40
19	92
19	102
19	62
19	100
19	2
19	95
19	23
19	77
19	44
19	82
19	76
19	88
19	107
19	15
19	21
19	12
19	109
19	70
19	55
19	108
19	72
19	94
20	108
20	112
20	109
20	73
20	34
20	84
20	63
20	70
20	43
20	42
20	93
20	35
20	47
20	99
20	56
20	50
20	68
20	67
20	46
20	45
20	103
20	121
20	97
20	11
20	40
20	22
20	87
20	88
20	76
20	5
20	37
20	18
20	15
20	80
20	33
20	117
20	101
20	107
20	49
20	95
20	58
20	59
20	16
20	62
20	54
20	94
20	12
20	114
20	53
20	71
20	74
20	66
20	61
20	102
20	86
20	13
20	39
20	7
20	100
20	77
20	75
20	4
20	119
20	110
20	64
20	19
20	32
20	41
20	52
20	14
20	29
20	24
20	55
20	115
20	44
20	83
20	85
20	30
20	2
20	91
20	1
20	28
20	6
20	104
20	90
20	48
20	111
20	31
20	51
20	8
20	116
21	84
21	67
21	60
21	35
21	66
21	3
21	112
21	90
21	9
21	107
21	20
21	86
21	44
21	57
21	8
21	71
21	49
21	103
21	32
21	13
21	46
21	81
21	83
21	40
21	38
21	22
21	95
21	42
21	1
21	12
21	69
21	101
21	52
21	73
21	117
21	53
21	47
22	112
22	40
22	73
22	14
22	49
22	110
22	24
22	92
22	99
22	23
22	15
22	76
22	67
22	12
22	9
22	86
22	103
22	61
22	101
22	77
22	74
22	100
22	30
22	18
22	81
22	54
22	75
22	35
22	70
22	60
22	84
22	51
22	62
22	114
22	94
22	71
22	83
22	44
22	117
22	36
22	11
22	16
22	32
22	120
22	34
22	4
22	53
22	47
22	88
22	46
22	50
22	66
22	33
22	58
22	119
22	80
22	31
22	121
22	42
22	56
22	8
22	68
22	102
22	87
22	63
22	37
22	28
22	113
22	109
22	45
22	19
22	43
22	97
22	107
22	104
22	91
23	112
23	31
23	62
23	43
23	90
23	80
23	18
23	95
23	109
23	114
23	1
23	50
23	102
23	12
23	78
23	81
23	70
23	51
23	92
23	85
23	46
23	24
23	39
23	87
23	116
23	59
23	40
23	105
23	9
23	4
23	47
23	119
23	110
23	64
23	2
23	75
23	79
23	28
23	56
23	61
23	37
23	42
23	67
23	74
23	104
23	96
23	60
23	6
23	48
23	27
23	13
23	84
23	53
24	35
24	54
24	100
24	40
24	15
24	101
24	77
24	110
24	94
24	42
24	91
24	119
24	80
24	63
24	51
24	82
24	93
24	67
24	73
24	53
24	7
24	84
24	71
24	44
24	83
24	14
24	112
24	75
24	36
24	17
24	49
24	103
24	118
24	43
24	58
24	74
24	34
24	121
24	76
24	18
24	97
24	1
24	62
24	30
24	70
24	55
24	50
24	87
24	107
24	31
24	68
24	90
24	33
24	38
24	32
24	88
24	98
24	12
24	57
24	3
24	19
24	113
24	64
24	21
24	104
24	20
24	52
24	95
24	56
24	26
24	16
24	29
24	10
24	120
25	69
25	19
25	67
25	58
25	35
25	43
25	121
25	63
25	49
25	40
25	112
25	64
25	12
25	100
25	30
25	98
25	83
25	36
25	94
25	102
25	107
25	44
25	80
25	84
25	62
25	56
25	75
25	74
25	53
25	82
25	15
25	86
25	73
25	110
25	39
25	88
25	23
25	117
25	68
25	66
25	70
25	85
25	28
25	8
25	42
25	113
25	7
25	103
25	37
25	26
25	101
25	54
25	17
25	104
25	21
25	47
25	78
25	114
25	50
25	77
25	87
25	109
25	97
26	73
26	112
26	40
26	49
26	47
26	74
26	12
26	35
26	71
26	10
26	90
26	119
26	94
26	110
26	15
26	54
26	37
26	18
26	29
26	67
26	50
26	95
26	46
26	88
26	51
26	66
26	2
26	28
26	79
26	25
26	23
26	58
26	82
26	1
26	80
26	52
26	44
26	65
26	53
26	13
26	103
26	63
26	16
26	43
27	6
27	86
27	80
27	112
27	66
27	40
27	17
27	70
27	90
27	67
27	31
27	84
27	41
27	53
27	58
27	26
27	1
27	63
27	49
27	62
27	92
27	36
27	104
27	74
27	101
27	2
27	109
27	54
27	97
27	103
27	43
27	88
27	69
27	22
27	21
27	71
27	108
27	100
27	51
27	35
27	73
27	52
27	75
27	76
27	42
27	11
27	12
27	24
27	8
27	16
27	59
27	94
27	57
27	15
27	120
27	10
27	107
27	64
27	121
28	25
28	85
28	100
28	70
28	54
28	74
28	80
28	35
28	107
28	115
28	48
28	62
28	55
28	106
28	40
28	121
28	110
28	75
28	79
28	64
28	18
28	78
28	65
28	73
28	108
28	51
28	49
28	112
28	99
28	94
28	67
28	72
28	30
28	23
28	22
28	119
28	66
28	120
28	8
28	101
28	13
28	118
28	17
28	87
28	10
28	15
28	71
28	45
28	103
28	46
28	88
28	96
28	12
28	24
28	84
28	86
29	58
29	62
29	112
29	12
29	2
29	80
29	37
29	1
29	46
29	109
29	60
29	50
29	114
29	51
29	6
29	18
29	39
29	43
29	70
29	81
29	56
29	102
29	119
29	116
29	95
29	31
29	67
29	90
29	47
29	84
29	65
29	104
29	78
30	112
30	90
30	12
30	18
30	43
30	28
30	87
30	2
30	109
30	59
30	56
30	62
30	46
30	102
30	119
30	51
30	39
30	47
30	48
30	85
30	78
30	89
30	80
30	4
30	111
30	79
30	81
30	40
30	70
30	35
30	60
30	1
30	53
31	67
31	86
31	70
31	40
31	35
31	15
31	55
31	76
31	107
31	75
31	64
31	108
31	42
31	101
31	63
31	20
31	92
31	43
31	84
31	49
31	56
31	112
31	4
31	37
31	34
31	74
31	66
31	110
31	80
31	46
31	53
31	93
31	109
31	103
31	58
31	52
31	12
31	17
31	94
31	29
31	99
31	98
31	81
31	22
31	19
31	62
31	73
31	120
31	121
31	36
31	16
31	24
31	59
31	45
31	90
31	23
31	68
31	7
31	54
31	97
31	50
31	21
31	72
31	30
31	106
31	119
31	78
31	9
31	41
31	8
31	14
31	18
31	38
31	57
31	102
31	87
31	47
31	26
31	3
31	69
31	104
32	67
32	40
32	73
32	15
32	12
32	42
32	66
32	34
32	76
32	112
32	62
32	49
32	108
32	63
32	28
32	71
32	110
32	36
32	47
32	84
32	43
32	23
32	56
32	54
32	80
32	102
32	35
32	22
32	4
32	53
32	94
32	18
32	9
32	7
32	46
32	97
32	48
32	1
32	107
32	75
32	58
32	29
32	17
33	3
33	40
33	44
33	7
33	62
33	78
33	84
33	67
33	36
33	90
33	66
33	86
33	100
33	59
33	15
33	97
33	45
33	63
33	54
33	87
33	4
33	99
33	73
33	46
33	35
33	49
33	103
33	85
33	112
33	58
33	80
33	88
33	12
33	18
33	51
33	47
33	10
33	94
33	121
33	42
33	43
34	43
34	117
34	12
34	66
34	95
34	93
34	46
34	94
34	112
34	18
34	50
34	47
34	88
34	1
34	80
34	119
34	54
34	26
34	109
34	102
34	87
34	101
34	37
34	121
34	32
34	16
34	62
34	79
34	21
34	73
34	107
34	56
34	35
34	71
34	4
34	15
34	83
34	7
34	77
34	82
34	90
34	75
34	85
34	74
34	10
34	13
34	6
34	49
34	19
34	116
34	3
34	2
34	84
34	76
34	68
34	110
34	99
34	58
34	28
34	86
34	30
34	67
34	113
34	115
34	40
34	60
34	104
34	118
34	24
34	29
35	112
35	56
35	95
35	70
35	1
35	28
35	47
35	25
35	116
35	40
35	119
35	102
35	18
35	59
35	46
35	65
35	60
35	39
35	62
35	58
35	75
35	61
35	90
35	51
35	76
35	2
35	16
35	80
35	67
35	64
35	17
35	36
35	37
35	99
35	3
35	13
35	105
35	53
35	78
35	23
35	96
35	77
35	71
35	12
35	43
35	4
35	110
35	73
35	49
35	74
35	24
35	100
35	9
35	87
35	63
35	30
35	68
35	81
35	92
35	15
35	50
35	113
35	118
35	42
35	41
35	109
35	93
35	27
35	104
35	108
35	84
35	103
35	33
35	94
35	101
35	6
36	7
36	112
36	8
36	2
36	12
36	80
36	43
36	50
36	49
36	47
36	87
36	97
36	1
36	109
36	62
36	58
36	56
36	20
36	45
36	84
36	18
36	39
36	88
36	119
36	114
36	19
36	71
36	28
36	46
36	95
36	116
36	37
36	83
36	73
36	26
36	110
36	86
36	74
36	90
36	99
36	51
36	54
36	81
36	100
36	75
36	67
36	107
36	70
36	76
36	69
36	4
36	66
36	82
36	21
36	6
36	35
36	108
36	93
36	92
36	102
36	89
36	103
36	79
36	85
36	72
36	29
36	104
36	60
36	59
36	10
36	40
36	27
37	108
37	86
37	66
37	93
37	12
37	62
37	44
37	63
37	43
37	112
37	16
37	40
37	107
37	84
37	80
37	8
37	100
37	15
37	42
37	9
37	11
37	36
37	35
37	1
37	58
37	69
37	73
37	109
37	54
37	4
37	87
37	67
37	72
37	34
37	7
37	94
37	88
37	49
37	26
37	121
37	117
37	22
37	21
37	46
37	97
37	71
37	24
37	17
37	113
37	119
37	92
37	68
37	51
37	81
37	41
37	18
37	110
37	101
37	70
37	32
37	10
37	104
37	90
37	82
37	57
37	27
37	53
37	115
37	106
37	19
38	112
38	63
38	42
38	58
38	34
38	100
38	35
38	87
38	37
38	77
38	40
38	71
38	74
38	24
38	75
38	102
38	56
38	93
38	15
38	80
38	110
38	55
38	11
38	81
38	30
38	20
38	99
38	13
38	54
38	62
38	86
38	90
38	2
38	46
38	61
38	9
38	95
38	68
38	21
38	92
38	43
38	88
38	121
38	70
38	82
38	47
38	60
38	19
38	44
38	57
38	16
38	50
38	41
38	101
38	97
38	1
38	66
39	42
39	74
39	108
39	112
39	20
39	107
39	97
39	22
39	35
39	59
39	40
39	98
39	73
39	43
39	103
39	45
39	63
39	24
39	110
39	15
39	17
39	100
39	67
39	121
39	49
39	12
39	47
39	93
39	83
39	66
39	99
39	64
39	80
39	96
39	26
39	71
39	62
39	70
39	44
39	54
39	116
39	32
39	94
39	36
39	86
39	84
39	28
39	53
39	69
39	56
39	113
39	7
39	60
39	68
39	106
39	18
39	90
39	21
39	8
39	58
39	101
39	34
39	117
39	120
39	30
39	29
39	16
39	19
39	23
39	82
39	88
39	119
39	2
39	13
39	52
39	95
39	38
39	46
39	37
39	50
39	102
39	61
39	76
39	75
39	41
39	81
39	1
39	11
39	14
40	112
40	87
40	69
40	86
40	95
40	62
40	49
40	45
40	115
40	73
40	38
40	90
40	80
40	84
40	67
40	15
40	47
40	119
40	12
40	50
40	22
40	20
40	1
40	43
40	30
40	29
40	54
40	92
40	58
40	117
40	110
40	35
40	63
40	44
40	34
40	102
40	18
40	16
40	74
40	28
40	51
40	56
40	77
40	109
40	7
40	116
40	88
40	31
40	107
40	36
40	37
40	81
40	103
40	108
40	46
40	97
40	101
40	3
40	14
40	71
40	94
40	60
40	70
40	33
40	121
40	113
40	6
40	23
40	19
40	83
40	78
40	99
40	93
40	106
40	39
40	24
40	2
40	82
40	120
40	13
40	59
40	91
40	9
40	66
40	64
40	42
40	61
40	114
40	52
40	32
40	26
40	55
40	8
40	76
40	79
40	75
40	100
40	17
40	41
40	48
40	89
40	21
40	68
40	53
40	4
40	98
40	105
40	57
40	118
40	111
40	85
40	25
40	65
40	96
40	104
40	27
40	11
41	74
41	67
41	23
41	112
41	12
41	18
41	35
41	40
41	75
41	54
41	102
41	73
41	85
41	61
41	116
41	101
41	47
41	49
41	32
41	3
41	120
41	43
41	110
41	86
41	100
41	30
41	121
41	70
41	84
41	53
41	44
41	94
41	71
41	92
41	7
41	62
41	109
41	90
41	80
41	119
41	6
41	51
41	65
41	56
41	60
41	52
41	22
41	19
41	38
41	9
41	63
41	66
41	118
41	42
41	99
41	72
41	24
41	1
42	35
42	87
42	54
42	43
42	12
42	50
42	62
42	28
42	112
42	92
42	29
42	100
42	83
42	77
42	51
42	109
42	73
42	80
42	49
42	3
42	101
42	117
42	7
42	74
42	1
42	37
42	88
42	95
42	86
42	30
42	119
42	97
42	15
42	82
42	116
42	84
42	47
42	76
42	103
42	66
42	94
42	99
42	70
42	33
42	32
42	36
42	46
42	121
42	114
42	13
42	56
42	55
42	79
42	18
42	24
42	2
42	81
42	102
42	90
42	67
42	34
42	44
42	93
42	85
42	41
42	107
42	71
42	11
42	75
42	4
42	110
42	21
42	20
42	16
42	40
42	65
42	61
42	64
42	19
42	8
42	58
42	68
42	60
42	23
42	26
42	39
42	118
42	6
42	17
42	104
42	59
42	27
42	14
42	89
42	9
42	10
43	66
43	15
43	67
43	84
43	8
43	40
43	97
43	81
43	38
43	35
43	22
43	61
43	108
43	63
43	112
43	12
43	72
43	24
43	17
43	106
43	73
43	50
43	80
43	88
43	14
43	20
43	47
43	87
43	101
43	41
43	19
43	74
43	113
43	36
43	30
43	92
43	98
43	103
43	1
43	107
43	117
43	32
43	93
43	82
43	42
43	54
43	53
43	46
43	99
43	26
43	55
43	110
43	49
43	18
43	60
43	77
43	86
43	45
43	75
43	83
43	23
43	64
43	71
43	28
43	70
43	21
43	109
43	94
43	90
43	10
43	68
43	121
43	39
43	115
43	58
43	76
43	34
43	52
43	9
43	48
43	69
43	116
43	62
43	13
43	44
43	33
43	6
43	56
43	100
43	57
43	11
43	16
43	95
43	37
43	29
43	119
43	89
43	2
43	85
43	102
43	3
43	7
43	114
43	51
43	31
43	91
43	111
43	27
43	25
43	59
43	104
44	12
44	112
44	54
44	70
44	117
44	32
44	62
44	80
44	43
44	51
44	46
44	119
44	26
44	58
44	109
44	40
44	1
44	7
44	95
44	13
44	18
44	86
44	3
44	90
44	69
44	50
44	47
44	102
44	84
44	105
44	110
44	107
44	74
44	36
44	8
44	23
44	29
44	71
44	35
44	4
44	116
44	78
44	114
44	27
44	67
44	25
44	88
45	73
45	35
45	61
45	74
45	76
45	42
45	49
45	40
45	77
45	99
45	81
45	15
45	71
45	47
45	110
45	60
45	56
45	112
45	100
45	54
45	75
45	95
45	55
45	83
45	10
45	88
45	63
45	93
45	33
45	121
45	92
45	117
45	30
45	9
45	23
45	53
45	43
45	111
45	91
46	118
46	91
46	96
46	8
46	48
46	6
46	63
46	79
46	25
46	67
46	53
46	87
46	84
46	43
46	3
46	80
46	40
46	33
46	66
46	71
46	31
46	64
46	110
46	35
46	42
46	50
46	83
46	39
46	70
46	17
46	99
46	107
46	14
46	86
46	12
46	74
46	75
47	1
47	2
47	37
47	99
47	77
47	80
47	50
47	90
48	67
48	40
48	62
48	73
48	66
48	109
48	55
48	43
48	35
48	20
48	9
48	80
48	103
48	36
48	42
48	63
48	86
48	46
48	112
48	22
48	44
48	56
48	82
48	39
48	121
48	24
48	74
48	98
48	49
48	97
48	84
48	59
48	100
48	83
48	17
48	50
48	101
48	15
48	53
48	41
48	54
48	76
48	70
48	12
48	45
48	107
48	58
48	110
48	95
48	71
48	4
48	93
48	92
48	34
48	119
48	11
48	64
48	7
48	88
48	91
48	116
48	108
48	6
48	23
48	106
48	96
48	94
48	1
48	57
48	75
49	63
49	12
49	112
49	40
49	119
49	73
49	62
49	77
49	43
49	18
49	37
49	61
49	16
49	121
49	46
49	102
49	90
49	103
49	109
49	110
49	80
49	71
49	84
49	74
49	92
49	24
49	116
49	50
49	70
49	96
49	28
49	33
49	60
49	95
49	56
49	101
49	67
49	81
49	120
49	114
49	99
49	1
49	42
49	65
49	82
49	51
49	39
49	23
49	35
49	9
49	4
49	59
49	75
49	85
49	87
49	100
49	105
49	47
49	53
49	2
49	15
49	54
49	94
49	31
49	66
49	36
49	86
49	68
49	6
49	52
49	3
49	97
49	7
49	27
49	115
49	89
49	78
49	76
49	104
50	66
50	108
50	86
50	20
50	40
50	38
50	43
50	34
50	73
50	69
50	88
50	45
50	16
50	103
50	60
50	84
50	63
50	35
50	112
50	75
50	19
50	61
50	74
50	100
50	36
50	53
50	8
50	83
50	80
50	72
50	15
50	42
50	22
50	81
50	110
50	107
50	67
50	49
50	57
50	120
50	24
50	97
50	109
50	21
50	99
50	46
50	93
50	101
50	44
50	58
50	82
50	54
50	26
50	56
50	121
50	12
50	70
50	62
50	106
50	113
50	68
50	37
50	94
50	64
50	102
50	9
50	28
50	1
50	115
50	18
50	10
50	92
51	48
51	35
51	40
51	87
51	108
51	79
51	36
51	25
51	6
51	86
51	91
51	58
51	3
51	31
51	66
51	43
51	76
51	65
51	112
51	118
51	88
51	1
51	96
51	8
52	112
52	87
52	84
52	97
52	58
52	80
52	103
52	101
52	55
52	88
52	12
52	18
52	62
52	29
52	66
52	4
52	30
52	83
52	47
52	67
52	7
52	28
52	119
52	70
52	42
52	37
52	117
52	34
52	35
52	94
52	19
52	95
52	43
52	13
52	68
52	106
52	110
52	90
52	82
52	61
52	73
52	22
52	46
52	41
52	3
52	54
52	8
52	77
52	56
52	1
52	108
52	63
52	100
52	109
52	104
52	121
52	69
52	15
52	49
52	76
52	9
52	36
52	21
52	2
52	99
53	67
53	49
53	121
53	87
53	97
53	12
53	112
53	50
53	58
53	18
53	80
53	62
53	42
53	43
53	88
53	16
53	35
53	84
53	1
53	117
53	93
53	39
53	55
53	119
53	99
53	66
53	34
53	13
53	7
53	26
53	109
53	56
53	82
53	73
53	102
53	114
53	107
53	54
53	76
53	70
53	59
53	90
53	75
53	28
53	23
53	101
53	46
53	71
53	110
53	95
53	15
53	41
53	86
53	83
53	51
53	45
53	94
53	19
53	74
53	47
53	30
53	78
53	36
53	29
53	2
53	63
53	9
53	77
53	4
53	21
53	64
53	81
53	100
53	85
53	120
53	116
53	68
53	103
53	92
53	8
53	61
53	106
53	37
53	118
53	24
53	108
53	104
53	22
53	44
53	20
53	33
53	40
53	14
53	115
53	27
53	6
53	111
53	89
54	112
54	46
54	70
54	109
54	51
54	18
54	90
54	28
54	116
54	47
54	30
54	40
54	86
54	44
54	80
54	77
54	12
54	62
54	53
54	1
54	95
54	37
54	42
54	102
54	119
54	59
54	39
54	2
54	56
54	71
54	60
54	89
54	73
54	35
54	110
54	58
54	16
54	67
54	105
54	74
54	84
54	25
54	3
54	96
54	43
54	64
54	94
54	7
54	85
54	87
54	50
54	115
54	101
55	37
55	1
55	56
55	73
55	84
55	36
55	35
55	121
55	101
55	72
55	112
55	49
55	47
55	102
55	110
55	16
55	87
55	116
55	74
55	94
55	99
55	100
55	80
55	63
55	71
55	108
55	60
55	15
55	75
55	117
55	77
55	43
55	109
55	18
55	23
55	67
55	58
55	28
55	29
55	119
55	24
55	106
55	2
55	53
55	9
55	46
55	97
55	76
55	62
55	12
55	54
55	44
55	92
55	40
55	57
55	66
55	83
55	13
56	65
56	66
56	54
56	86
56	73
56	79
56	84
56	67
56	23
56	93
56	85
56	71
56	53
56	35
56	42
56	96
56	33
56	40
56	17
56	74
56	15
56	80
56	112
56	110
56	49
56	83
56	101
56	94
56	6
56	113
56	115
56	8
56	120
56	36
56	30
56	31
56	29
56	75
56	9
56	25
56	43
56	87
56	41
56	70
56	26
56	76
56	104
56	44
56	107
56	118
56	91
56	121
56	69
56	12
57	110
57	100
57	66
57	40
57	58
57	73
57	43
57	42
57	35
57	120
57	72
57	99
57	36
57	121
57	86
57	62
57	7
57	38
57	84
57	46
57	63
57	15
57	53
57	1
57	90
57	8
57	49
57	26
57	61
57	98
57	28
57	23
57	103
57	18
57	68
57	95
57	113
57	20
57	80
57	12
57	21
57	33
57	37
57	108
57	97
57	54
57	52
57	92
57	88
57	17
57	91
57	11
57	112
57	74
57	59
57	71
57	101
57	109
57	67
57	106
58	62
58	87
58	12
58	112
58	43
58	80
58	50
58	1
58	107
58	77
58	109
58	39
58	7
58	119
58	8
58	26
58	84
58	114
58	35
58	69
58	18
58	95
58	46
58	74
58	115
58	13
58	9
58	47
58	102
58	99
58	19
58	92
58	51
58	90
58	86
58	2
58	4
58	85
58	31
58	37
58	29
58	49
58	28
58	56
58	120
58	116
58	117
58	73
58	75
58	83
58	110
58	82
58	68
58	89
58	66
58	10
58	105
58	81
58	121
58	104
58	21
58	3
58	41
58	111
59	106
59	66
59	84
59	86
59	107
59	82
59	47
59	43
59	112
59	8
59	56
59	80
59	62
59	12
59	7
59	29
59	95
59	38
59	101
59	77
59	50
59	30
59	108
59	109
59	117
59	22
59	54
59	20
59	120
59	113
59	94
59	81
59	24
59	9
59	75
59	35
59	46
59	90
59	69
59	61
59	40
59	73
59	92
59	110
59	49
59	21
59	23
59	52
59	121
59	99
59	72
59	67
59	26
59	74
59	18
59	83
59	37
59	88
59	100
59	76
59	87
59	2
59	71
60	40
60	54
60	111
60	49
60	100
60	110
60	56
60	89
60	35
60	67
60	86
60	29
60	17
60	62
60	75
60	42
60	80
60	94
60	59
60	104
60	74
60	53
60	73
60	12
60	70
60	23
60	44
60	103
60	120
60	8
61	73
61	42
61	40
61	101
61	110
61	15
61	36
61	54
61	67
61	30
61	49
61	34
61	71
61	44
61	35
61	41
61	18
61	103
61	28
61	32
61	53
61	100
61	84
61	17
61	74
61	75
61	12
61	112
61	76
61	43
61	88
61	66
61	1
61	95
61	64
61	56
61	63
61	77
61	50
61	47
61	4
61	80
61	99
61	45
61	83
61	29
61	94
61	82
61	65
61	13
61	33
61	23
61	21
61	70
61	22
61	55
61	97
61	46
61	7
61	113
61	86
61	52
61	79
61	37
61	62
61	117
61	109
61	38
62	108
62	86
62	8
62	84
62	40
62	66
62	112
62	37
62	49
62	87
62	67
62	110
62	20
62	90
62	107
62	22
62	35
62	44
62	71
62	93
62	68
62	88
62	119
62	111
62	103
62	58
62	43
62	98
62	109
62	82
62	77
62	54
62	24
62	12
62	106
62	38
62	51
62	55
62	73
62	21
62	57
62	63
62	59
62	69
62	36
62	45
62	76
62	61
62	19
62	83
62	23
62	46
62	15
62	95
62	13
62	34
62	9
62	72
62	53
62	41
62	7
62	99
62	70
62	80
62	60
62	120
62	97
62	28
62	42
62	100
62	17
62	81
62	14
62	56
62	47
62	114
62	26
62	94
62	29
62	30
62	101
62	3
62	11
62	92
62	113
62	75
62	4
62	74
62	117
62	121
62	32
62	1
62	116
62	33
62	10
62	52
62	16
62	2
62	64
62	50
62	104
62	18
62	118
63	95
63	62
63	80
63	112
63	12
63	35
63	73
63	84
63	3
63	90
63	43
63	56
63	46
63	50
63	119
63	19
63	18
63	94
63	34
63	109
63	2
63	7
63	76
63	42
63	24
63	37
63	66
63	101
63	87
63	77
63	58
63	93
63	28
63	107
63	102
63	51
63	60
63	69
63	54
63	110
63	114
63	108
63	47
63	1
63	67
63	49
63	30
63	39
63	64
63	13
63	15
63	97
63	92
63	29
63	9
63	21
63	71
63	115
63	83
63	75
63	4
63	55
63	88
63	82
63	99
63	100
63	70
63	32
63	86
63	116
63	89
63	106
63	85
63	33
63	8
63	41
63	121
63	40
63	78
63	26
63	31
63	105
63	104
63	23
63	74
63	103
63	27
63	117
63	25
64	80
64	12
64	112
64	43
64	62
64	47
64	82
64	50
64	87
64	7
64	109
64	1
64	22
64	84
64	114
64	73
64	95
64	4
64	18
64	119
64	101
64	106
64	38
64	13
64	46
64	92
64	113
64	28
64	49
64	89
64	115
64	58
64	104
64	54
64	90
64	86
64	10
64	85
64	88
64	67
64	40
65	40
65	67
65	35
65	112
65	15
65	86
65	107
65	58
65	63
65	17
65	9
65	99
65	98
65	73
65	108
65	44
65	45
65	43
65	90
65	41
65	49
65	62
65	66
65	95
65	42
65	84
65	80
65	54
65	7
65	37
65	114
65	97
65	50
65	53
65	29
65	57
65	12
65	103
65	36
65	109
65	94
65	56
65	110
65	14
65	71
65	21
65	101
65	69
65	74
65	121
65	28
65	8
65	4
65	88
65	59
65	34
65	83
65	2
65	70
65	119
65	113
65	76
65	26
65	87
65	64
65	91
65	104
65	18
65	10
65	3
65	61
65	92
66	35
66	112
66	95
66	1
66	49
66	18
66	46
66	55
66	110
66	74
66	56
66	115
66	119
66	111
66	11
66	15
66	75
66	30
66	87
66	54
66	3
66	71
66	73
66	2
66	40
66	76
66	117
66	85
66	70
66	12
66	47
66	63
66	29
66	6
66	88
66	33
66	32
66	80
66	121
66	37
66	89
66	91
66	102
66	90
66	93
66	13
66	41
66	39
66	14
66	62
66	114
66	94
66	36
66	109
66	84
66	42
66	101
66	79
66	23
66	67
66	43
66	17
66	65
66	45
66	44
66	51
66	16
66	77
66	68
66	82
66	116
66	53
66	28
66	105
66	21
66	97
66	4
66	31
66	19
66	100
66	118
66	5
66	25
66	78
66	50
66	59
66	34
66	60
66	96
66	113
66	48
66	104
66	103
66	27
66	58
66	57
66	120
66	10
66	106
66	64
67	87
67	112
67	77
67	56
67	1
67	28
67	95
67	90
67	62
67	18
67	46
67	110
67	71
67	2
67	119
67	51
67	102
67	85
67	117
67	47
67	59
67	78
67	43
67	80
67	31
67	40
67	12
67	50
67	54
67	109
67	116
67	39
67	70
67	3
67	30
67	37
67	118
67	114
67	29
67	35
67	15
67	53
67	49
67	60
67	115
67	44
67	33
67	66
67	105
67	6
67	73
67	41
67	86
67	4
67	58
67	94
67	75
67	89
67	103
67	25
67	34
67	79
67	65
67	107
67	23
67	63
67	61
67	26
67	84
67	24
67	42
67	76
67	14
67	113
67	13
67	96
67	48
67	98
67	101
67	104
67	36
67	27
67	17
68	5
68	63
68	84
68	97
68	46
68	91
68	109
68	39
68	50
68	87
68	79
68	31
68	6
68	70
68	4
68	85
68	1
68	12
68	40
68	96
68	105
68	108
68	15
68	80
68	34
68	93
68	67
68	43
68	18
68	42
68	90
68	16
68	92
68	118
68	7
68	112
68	3
68	48
68	115
68	27
68	104
68	47
68	121
68	28
69	76
69	15
69	40
69	63
69	49
69	51
69	46
69	3
69	119
69	85
69	18
69	9
69	6
69	33
69	80
69	74
69	56
69	77
69	79
69	31
69	58
69	37
69	82
69	73
69	67
69	75
69	84
69	54
69	36
69	95
69	113
69	35
69	11
69	48
69	30
69	94
69	12
69	47
69	88
69	10
69	101
69	112
69	116
69	118
69	100
69	23
69	43
70	66
70	12
70	35
70	20
70	43
70	80
70	9
70	24
70	106
70	86
70	117
70	84
70	62
70	107
70	73
70	87
70	22
70	10
70	88
70	119
70	61
70	26
70	7
70	95
70	25
70	54
70	92
70	8
70	112
70	50
70	13
70	101
70	81
70	72
70	71
70	109
70	18
70	74
70	57
70	113
70	69
70	99
70	85
70	76
70	4
70	23
70	120
70	77
70	21
70	82
70	121
70	40
70	97
70	49
70	94
70	30
70	1
70	79
70	19
70	63
70	116
70	67
70	44
70	47
70	110
70	52
70	38
70	28
70	46
70	78
70	105
70	100
70	36
70	83
70	56
70	102
70	65
70	58
70	51
70	32
70	31
70	115
70	104
70	90
70	75
70	27
70	108
70	11
70	37
71	112
71	18
71	87
71	9
71	43
71	12
71	90
71	80
71	62
71	81
71	70
71	46
71	78
71	102
71	114
71	95
71	119
71	109
71	1
71	51
71	39
71	30
71	59
71	47
71	92
71	120
71	4
71	37
71	50
71	105
71	24
71	61
71	40
71	56
71	89
71	116
71	2
71	104
71	84
71	27
71	28
72	81
72	44
72	24
72	61
72	85
72	120
72	43
72	99
72	112
72	17
72	67
72	92
72	49
72	73
72	82
72	53
72	32
72	47
72	11
72	84
72	9
72	52
72	23
72	83
72	20
72	97
72	94
72	101
72	75
72	35
72	88
72	110
72	55
72	40
72	42
72	115
72	74
72	113
72	15
72	54
72	116
72	37
72	10
72	100
72	41
72	95
72	63
73	109
73	62
73	12
73	90
73	112
73	80
73	43
73	18
73	78
73	95
73	89
73	35
73	102
73	46
73	50
73	87
73	2
73	1
73	70
73	119
73	59
73	56
73	51
73	28
73	39
73	114
73	115
73	37
73	116
73	13
73	85
73	6
73	47
73	40
73	77
73	67
73	79
73	84
73	31
73	60
73	44
73	4
73	65
73	105
73	16
73	25
73	49
73	17
73	103
73	66
73	71
73	97
73	75
73	96
73	88
73	42
73	104
73	64
73	27
73	61
73	53
73	30
73	15
73	33
74	87
74	112
74	12
74	80
74	62
74	18
74	28
74	90
74	43
74	3
74	50
74	46
74	109
74	47
74	116
74	1
74	89
74	119
74	102
74	37
74	95
74	114
74	39
74	115
74	67
74	2
74	78
74	56
74	66
74	79
74	17
74	85
74	70
74	40
74	13
74	4
74	60
74	51
74	6
74	59
74	71
74	49
74	63
74	73
74	75
74	111
74	45
74	105
74	84
74	110
74	16
74	35
74	104
74	92
74	10
74	27
74	100
74	118
75	112
75	70
75	12
75	80
75	43
75	109
75	46
75	67
75	1
75	90
75	40
75	56
75	28
75	62
75	115
75	95
75	119
75	51
75	102
75	54
75	18
75	39
75	37
75	50
75	35
75	4
75	59
75	2
75	87
75	3
75	89
75	13
75	105
75	60
76	80
76	8
76	63
76	15
76	49
76	40
76	94
76	3
76	69
76	7
76	36
76	88
76	22
76	46
76	20
76	113
76	74
76	73
76	62
76	42
76	112
76	12
76	71
76	45
76	110
76	95
76	108
76	86
76	66
76	43
76	75
76	54
76	35
76	44
76	114
76	32
76	87
76	84
76	120
76	68
76	18
76	78
76	67
76	85
76	102
76	70
76	81
76	51
76	99
76	109
76	24
76	116
76	28
76	58
76	90
76	98
76	101
76	117
76	1
76	52
76	61
77	95
77	110
77	112
77	80
77	22
77	43
77	40
77	17
77	73
77	62
77	15
77	74
77	66
77	21
77	60
77	49
77	71
77	44
77	42
77	84
77	35
77	13
77	86
77	55
77	7
77	12
77	106
77	109
77	88
77	75
77	108
77	38
77	79
77	90
77	101
77	32
77	45
77	14
77	114
77	83
77	54
77	36
77	94
77	63
77	67
77	53
77	34
77	30
77	56
77	4
77	82
77	117
77	8
77	19
77	92
77	28
77	120
77	102
77	97
77	18
77	51
77	50
77	46
77	81
77	104
77	107
77	3
77	41
77	29
77	89
78	53
78	34
78	40
78	73
78	101
78	76
78	86
78	70
78	85
78	109
78	79
78	55
78	49
78	16
78	64
78	65
78	20
78	84
78	115
78	87
78	120
78	92
78	112
78	42
78	41
78	43
78	13
78	94
78	35
78	3
78	15
78	54
78	1
78	60
78	56
78	38
78	98
78	50
78	103
78	66
78	107
78	26
78	22
78	93
78	31
78	37
78	47
78	71
78	100
78	67
78	82
79	40
79	3
79	67
79	43
79	8
79	74
79	97
79	55
79	34
79	98
79	70
79	49
79	76
79	36
79	63
79	84
79	66
79	12
79	112
79	68
79	64
79	77
79	39
79	71
79	15
79	26
79	73
79	110
79	108
79	38
79	106
79	35
79	101
79	94
79	80
79	42
79	100
79	107
79	41
79	62
79	22
79	53
79	20
79	90
79	86
79	88
79	103
79	32
79	28
79	99
79	9
79	54
79	30
79	59
79	17
79	82
79	50
79	109
79	45
79	121
79	37
79	47
79	7
79	81
79	58
79	102
79	11
79	69
79	18
79	113
79	46
79	1
79	51
79	95
79	44
79	93
79	23
79	24
80	22
80	35
80	20
80	86
80	84
80	112
80	6
80	38
80	119
80	108
80	40
80	73
80	88
80	77
80	76
80	15
80	43
80	53
80	107
80	8
80	98
80	87
80	14
80	34
80	42
80	49
80	66
80	12
80	93
80	64
80	106
80	121
80	69
80	54
80	109
80	46
80	110
80	70
80	117
80	36
80	82
80	68
80	103
80	63
80	67
80	101
80	81
80	44
80	58
80	57
80	18
80	99
80	28
80	120
80	75
80	33
80	24
80	97
80	61
80	19
80	72
80	114
80	55
80	90
80	45
80	17
80	95
80	13
80	118
80	100
80	26
80	79
80	71
80	92
80	62
80	1
80	37
80	74
80	83
80	113
80	16
80	60
80	94
80	7
80	4
80	48
80	30
80	23
80	11
80	10
80	51
80	32
80	41
80	31
80	89
80	29
80	52
80	9
80	21
80	2
80	105
80	91
80	56
80	115
80	3
80	47
80	104
80	102
80	116
81	110
81	40
81	73
81	49
81	74
81	101
81	67
81	44
81	100
81	83
81	54
81	35
81	38
81	94
81	53
81	121
81	71
81	112
81	36
81	15
81	58
81	46
81	42
81	75
81	63
81	37
81	12
81	8
81	29
81	84
81	56
81	77
81	43
81	41
81	21
81	7
81	18
81	70
81	76
81	23
81	13
81	62
81	88
81	4
81	1
81	47
81	103
81	80
81	34
81	14
81	98
81	68
81	59
81	57
81	26
81	113
81	99
81	52
81	30
81	19
81	97
81	118
81	33
81	50
81	117
81	90
81	51
81	120
81	20
81	104
81	64
81	107
81	111
81	82
81	86
82	86
82	84
82	71
82	55
82	117
82	83
82	33
82	56
82	40
82	77
82	53
82	80
82	12
82	30
82	93
82	110
82	112
82	32
82	35
82	66
82	60
82	26
82	74
82	65
82	6
82	99
82	78
82	121
82	49
82	8
82	75
82	72
82	31
82	1
82	43
82	19
82	7
82	54
82	29
82	47
82	44
82	25
82	62
82	13
82	104
82	73
82	58
82	108
82	45
83	112
83	18
83	119
83	80
83	59
83	56
83	50
83	51
83	1
83	60
83	13
83	62
83	70
83	90
83	12
83	39
83	43
83	52
83	47
83	86
83	46
83	78
83	116
83	72
83	82
83	84
83	9
83	89
83	109
83	66
83	95
83	7
83	87
84	66
84	12
84	8
84	38
84	20
84	49
84	108
84	43
84	109
84	46
84	72
84	73
84	45
84	94
84	81
84	98
84	86
84	97
84	110
84	36
84	23
84	26
84	63
84	106
84	69
84	76
84	22
84	15
84	112
84	61
84	75
84	18
84	95
84	24
84	92
84	67
84	101
84	44
84	40
84	33
84	35
84	56
84	83
84	99
84	117
84	74
84	107
84	80
84	87
84	79
84	55
84	54
84	119
84	31
84	78
84	121
84	115
84	9
84	53
84	47
84	19
84	52
84	71
84	42
84	60
84	1
84	116
84	120
84	3
84	29
84	64
84	90
84	85
84	113
84	41
84	68
84	58
84	51
84	2
84	100
84	62
84	102
84	103
84	30
84	118
84	37
84	59
84	28
84	10
84	105
84	88
84	93
84	48
84	104
84	114
84	91
84	77
84	16
85	49
85	69
85	98
85	108
85	84
85	20
85	40
85	35
85	44
85	42
85	54
85	94
85	119
85	109
85	70
85	63
85	22
85	15
85	97
85	17
85	8
85	80
85	36
85	74
85	101
85	103
85	110
85	58
85	1
85	53
85	72
85	61
85	73
85	112
85	67
85	30
85	86
85	107
85	64
85	23
85	116
85	93
85	121
85	66
85	7
85	46
85	76
85	75
85	24
85	120
85	71
85	41
85	12
85	43
85	100
85	55
85	106
85	99
85	87
85	83
85	16
85	34
85	47
85	45
85	13
85	37
85	95
85	26
85	88
85	11
85	52
85	104
85	19
85	27
86	40
86	110
86	33
86	112
86	80
86	85
86	74
86	67
86	56
86	21
86	119
86	3
86	35
86	71
86	77
86	15
86	49
86	46
86	76
86	82
86	60
86	42
86	96
86	87
86	73
86	54
86	75
86	100
86	83
86	7
86	90
86	101
86	89
86	30
86	88
86	31
86	13
86	11
86	79
86	29
86	23
86	1
86	19
86	65
86	120
86	51
86	44
86	28
86	6
86	53
86	62
86	4
86	55
86	32
86	115
86	84
86	36
86	107
86	17
86	50
86	2
86	64
86	37
86	117
86	61
86	121
86	48
86	58
86	93
86	92
86	18
86	81
86	34
86	109
86	102
86	47
86	113
86	78
86	24
86	104
86	114
86	94
86	10
86	63
86	27
87	20
87	38
87	22
87	81
87	80
87	112
87	12
87	29
87	40
87	24
87	107
87	73
87	66
87	67
87	70
87	49
87	68
87	86
87	35
87	9
87	28
87	63
87	30
87	8
87	84
87	54
87	58
87	52
87	92
87	47
87	71
87	110
87	34
87	53
87	97
87	15
87	103
87	42
87	45
87	74
87	14
87	43
87	62
87	95
87	83
87	94
87	99
87	75
87	64
87	109
87	23
87	55
87	76
87	3
87	57
87	101
87	17
87	102
87	108
87	121
87	82
87	36
87	5
87	18
87	98
87	100
87	32
87	46
87	93
87	1
87	4
87	16
87	61
87	106
87	89
87	88
87	59
87	2
87	77
87	7
87	119
87	44
87	72
87	120
87	79
87	26
87	41
87	113
87	117
87	116
87	21
87	56
87	11
87	104
87	33
88	73
88	67
88	54
88	8
88	112
88	121
88	35
88	20
88	12
88	49
88	119
88	80
88	9
88	47
88	110
88	57
88	18
88	66
88	24
88	109
88	1
88	62
88	102
88	114
88	3
88	99
88	13
88	56
88	92
88	43
88	101
88	94
88	45
88	74
88	28
88	15
88	23
88	84
88	81
88	61
88	44
88	30
88	22
88	40
88	2
88	46
88	63
88	90
88	72
88	108
88	4
88	86
88	75
88	70
88	116
88	29
88	106
88	37
88	36
88	77
88	83
88	97
88	120
88	117
88	115
88	87
88	78
88	60
88	95
88	71
88	51
88	7
88	93
88	59
88	76
88	42
88	38
88	104
88	10
88	27
88	53
88	113
88	107
88	103
88	58
88	26
88	69
88	34
89	63
89	40
89	110
89	59
89	67
89	36
89	66
89	58
89	32
89	101
89	45
89	44
89	84
89	20
89	109
89	76
89	54
89	86
89	62
89	15
89	112
89	90
89	22
89	121
89	80
89	33
89	49
89	53
89	75
89	35
89	60
89	107
89	43
89	7
89	87
89	81
89	68
89	120
89	95
89	8
89	41
89	98
89	74
89	106
89	103
89	94
89	42
89	37
89	1
89	38
89	73
89	100
89	14
89	108
89	97
89	85
89	12
89	21
90	59
90	54
90	35
90	100
90	89
90	33
90	47
90	106
90	40
90	23
90	102
90	12
90	66
90	80
90	2
90	49
90	67
90	62
90	86
90	15
90	60
90	107
90	22
90	32
90	110
90	101
90	68
90	11
90	42
90	57
90	73
90	70
90	112
90	8
90	83
90	119
90	111
90	69
90	43
90	84
90	121
90	46
90	9
90	26
90	94
90	75
90	98
90	20
90	92
90	76
90	38
90	97
90	1
90	88
90	108
90	44
90	24
90	30
90	63
90	87
90	72
90	14
90	51
91	93
91	101
91	97
91	66
91	63
91	103
91	12
91	40
91	86
91	58
91	49
91	15
91	84
91	35
91	112
91	38
91	34
91	107
91	67
91	98
91	102
91	109
91	53
91	43
91	64
91	73
91	36
91	114
91	100
91	113
91	68
91	5
91	20
91	42
91	76
91	95
91	52
91	59
91	47
91	110
91	99
91	4
91	61
91	85
91	62
91	18
91	121
91	71
91	46
91	30
91	106
91	9
91	75
91	70
91	57
91	29
91	69
91	87
91	72
91	16
91	54
91	6
91	37
91	26
91	19
91	104
91	80
91	92
91	120
91	41
91	14
91	27
91	44
91	77
91	56
91	94
91	74
91	21
91	108
91	24
91	10
92	95
92	43
92	40
92	3
92	62
92	54
92	48
92	34
92	94
92	49
92	63
92	101
92	84
92	42
92	71
92	46
92	67
92	110
92	44
92	29
92	35
92	36
92	73
92	77
92	32
92	45
92	93
92	80
92	15
92	87
92	23
92	83
92	100
92	57
92	58
92	112
92	74
92	102
92	76
92	68
92	30
92	53
92	41
92	18
92	14
92	33
92	90
92	97
92	8
92	12
92	55
92	98
92	117
92	56
92	47
92	89
92	119
92	31
92	37
92	103
92	17
92	121
92	75
92	113
92	38
92	70
92	7
92	79
92	2
92	66
92	59
92	81
92	1
92	28
92	19
92	16
92	64
92	52
92	114
92	88
92	10
92	111
92	108
92	51
93	80
93	12
93	112
93	62
93	43
93	50
93	10
93	87
93	20
93	109
93	1
93	22
93	85
93	72
93	7
93	39
93	28
93	18
93	114
93	46
93	73
93	113
93	95
93	33
93	106
93	32
93	84
93	119
93	82
93	37
93	47
93	104
93	40
93	121
93	27
93	11
94	12
94	112
94	119
94	50
94	62
94	18
94	46
94	43
94	37
94	59
94	102
94	16
94	1
94	90
94	39
94	95
94	80
94	70
94	115
94	28
94	67
94	51
94	85
94	2
94	40
94	47
94	4
94	84
94	105
94	60
94	116
94	35
94	87
94	23
94	42
94	56
94	104
94	27
94	109
94	52
94	89
95	66
95	57
95	80
95	12
95	20
95	14
95	83
95	53
95	84
95	108
95	86
95	40
95	112
95	73
95	69
95	62
95	7
95	42
95	74
95	8
95	59
95	49
95	35
95	45
95	44
95	82
95	63
95	36
95	116
95	15
95	71
95	110
95	54
95	114
95	100
95	106
95	97
95	72
95	102
95	67
95	103
95	13
95	18
95	26
95	55
95	22
95	19
95	77
95	28
95	76
95	60
95	88
95	99
95	33
95	58
95	29
95	68
95	120
95	21
95	107
95	43
95	113
95	92
95	9
95	47
95	3
95	85
95	90
95	101
95	52
95	94
95	121
95	23
95	25
95	93
95	89
95	61
95	117
95	81
95	51
95	56
95	1
95	24
95	10
95	11
95	109
95	75
96	67
96	66
96	17
96	40
96	29
96	62
96	70
96	35
96	100
96	44
96	95
96	71
96	36
96	1
96	103
96	72
96	80
96	42
96	49
96	83
96	12
96	86
96	119
96	64
96	110
96	108
96	26
96	43
96	15
96	4
96	63
96	112
96	94
96	75
96	73
96	55
96	56
96	101
96	37
96	54
96	88
96	68
96	58
96	50
96	53
96	84
96	121
96	60
96	23
96	9
96	102
96	13
96	8
96	7
96	34
96	98
96	106
96	109
97	12
97	8
97	43
97	112
97	62
97	84
97	66
97	87
97	13
97	92
97	7
97	109
97	24
97	18
97	80
97	35
97	119
97	50
97	89
97	1
97	6
97	95
97	54
97	110
97	115
97	75
97	88
97	36
97	37
97	52
97	67
97	29
97	94
97	56
97	101
97	85
97	2
97	51
97	26
97	23
97	111
97	60
97	102
97	73
97	46
97	32
97	47
97	49
97	19
97	39
97	107
97	31
97	71
97	99
97	10
97	3
97	90
97	72
97	96
97	77
97	21
97	78
97	28
97	55
97	27
97	100
97	63
97	121
97	11
97	103
97	76
98	67
98	63
98	47
98	73
98	103
98	43
98	34
98	84
98	117
98	97
98	112
98	42
98	95
98	101
98	87
98	58
98	54
98	16
98	93
98	76
98	45
98	70
98	49
98	12
98	37
98	102
98	15
98	109
98	29
98	94
98	66
98	46
98	71
98	13
98	19
98	6
98	7
98	44
98	62
98	80
98	21
98	18
98	99
98	68
98	77
98	60
98	110
98	105
98	74
98	107
98	121
98	91
98	108
98	2
98	64
98	59
98	40
98	3
98	56
98	104
98	35
98	75
98	48
98	115
98	50
98	88
98	111
98	23
98	1
98	82
98	69
99	22
99	73
99	40
99	94
99	93
99	16
99	43
99	109
99	84
99	45
99	110
99	34
99	35
99	12
99	15
99	49
99	54
99	38
99	17
99	95
99	74
99	1
99	62
99	20
99	8
99	71
99	7
99	80
99	101
99	28
99	76
99	75
99	67
99	18
99	32
99	112
99	72
99	121
99	42
99	103
99	53
99	63
99	87
99	100
99	44
99	19
99	46
99	58
99	97
99	90
99	50
99	68
99	61
99	113
99	36
99	14
99	70
99	30
99	37
99	106
99	85
99	104
99	21
99	56
99	86
99	88
99	10
100	51
100	112
100	119
100	102
100	116
100	18
100	47
100	62
100	59
100	90
100	46
100	1
100	70
100	37
100	40
100	78
100	56
100	95
100	49
100	67
100	87
100	89
100	118
100	53
100	66
100	84
100	27
100	85
100	15
100	31
100	16
101	62
101	12
101	16
101	50
101	18
101	119
101	80
101	87
101	112
101	43
101	37
101	70
101	90
101	102
101	3
101	46
101	40
101	59
101	95
101	114
101	36
101	54
101	56
101	118
101	85
101	116
101	74
101	17
101	51
101	67
101	84
101	79
101	47
101	60
101	1
101	110
101	78
101	9
101	42
101	7
101	39
101	98
101	33
101	53
101	94
101	28
101	105
101	104
101	49
101	115
101	27
101	109
101	69
101	15
101	2
101	106
102	111
102	108
102	40
102	60
102	42
102	101
102	66
102	89
102	19
102	63
102	90
102	75
102	62
102	84
102	9
102	68
102	7
102	15
102	43
102	92
102	12
102	8
102	112
102	54
102	58
102	22
102	53
102	36
102	20
102	52
102	28
102	49
102	74
103	87
103	12
103	43
103	21
103	67
103	58
103	49
103	62
103	112
103	35
103	37
103	95
103	80
103	94
103	84
103	109
103	66
103	18
103	46
103	121
103	110
103	115
103	50
103	7
103	55
103	54
103	19
103	102
103	86
103	73
103	63
103	36
103	1
103	8
103	33
103	82
103	88
103	117
103	92
103	32
103	26
103	100
103	74
103	40
103	116
103	81
103	3
103	85
103	106
103	72
103	23
103	119
103	76
103	99
103	47
103	10
103	113
103	77
103	39
103	9
103	97
103	30
103	51
103	71
103	75
103	114
103	13
103	2
103	27
103	90
103	14
103	101
103	17
104	27
104	70
104	42
104	86
104	54
104	20
104	99
104	107
104	38
104	40
104	67
104	120
104	101
104	91
104	98
104	109
104	81
104	73
104	74
104	80
104	49
104	112
104	36
104	21
104	6
104	35
104	84
104	82
104	29
104	15
104	88
104	57
104	1
104	62
104	22
104	24
104	10
104	66
104	103
104	12
104	53
104	97
104	56
104	64
104	76
104	63
104	121
104	43
104	108
104	41
104	44
104	59
104	9
104	46
104	87
104	100
104	71
104	8
104	69
104	119
105	112
105	56
105	40
105	44
105	74
105	80
105	23
105	29
105	42
105	60
105	62
105	49
105	35
105	15
105	64
105	36
105	67
105	71
105	84
105	43
105	110
105	53
105	86
105	94
105	63
105	12
105	101
105	22
105	98
105	76
105	54
105	14
105	8
105	70
105	73
105	108
105	7
105	66
105	13
105	69
105	121
105	58
105	97
105	95
105	47
105	103
105	59
105	120
105	18
105	83
105	28
105	34
105	51
105	104
105	20
105	75
105	24
105	2
105	90
106	35
106	40
106	60
106	47
106	112
106	82
106	11
106	88
106	80
106	62
106	110
106	36
106	67
106	17
106	30
106	32
106	49
106	90
106	74
106	84
106	77
106	94
106	117
106	33
106	53
106	43
106	71
106	12
106	66
106	23
106	93
106	15
106	85
106	92
106	75
106	48
106	41
106	1
106	68
106	55
106	121
106	56
106	103
106	97
106	73
106	8
106	19
106	99
106	42
106	59
106	116
106	101
106	27
106	9
106	109
106	63
107	73
107	71
107	110
107	44
107	35
107	47
107	112
107	49
107	32
107	67
107	40
107	74
107	54
107	114
107	29
107	87
107	90
107	80
107	36
107	45
107	102
107	31
107	50
107	2
107	83
107	13
107	85
107	23
107	55
107	56
107	63
107	11
107	60
107	77
107	101
107	62
107	33
107	51
107	1
107	30
107	78
107	88
107	119
107	76
107	18
107	15
107	103
107	43
107	100
107	104
107	84
107	53
107	115
107	41
107	52
107	58
107	117
107	109
108	35
108	49
108	112
108	75
108	87
108	28
108	110
108	15
108	73
108	1
108	91
108	40
108	46
108	18
108	117
108	47
108	67
108	100
108	102
108	51
108	74
108	103
108	71
108	119
108	30
108	77
108	56
108	54
108	88
108	10
108	42
108	62
108	37
108	65
108	94
108	41
108	43
108	63
108	2
108	80
108	70
108	90
108	12
108	32
108	39
108	79
108	55
108	31
108	44
108	13
108	68
108	84
108	101
108	53
108	57
108	116
108	36
108	52
108	23
108	121
108	17
109	40
109	72
109	45
109	81
109	110
109	10
109	66
109	49
109	33
109	100
109	26
109	35
109	106
109	84
109	42
109	38
109	20
109	30
109	92
109	22
109	112
109	107
109	8
109	14
109	15
109	55
109	17
109	76
109	77
109	90
109	102
109	36
109	21
109	86
109	61
109	73
109	12
109	108
109	94
109	103
109	63
109	16
109	80
109	57
109	74
109	59
109	47
109	114
109	44
109	83
109	53
109	117
109	99
109	93
109	24
109	48
109	121
109	54
109	70
109	88
109	43
109	67
109	98
109	19
109	13
109	60
109	68
109	52
109	62
109	32
109	58
109	11
109	87
109	69
109	18
109	71
109	51
109	56
109	101
109	6
109	41
109	37
109	31
109	23
109	113
109	97
109	2
109	34
109	82
109	95
109	111
109	75
110	112
110	18
110	95
110	70
110	51
110	9
110	56
110	43
110	47
110	62
110	61
110	24
110	80
110	120
110	46
110	119
110	81
110	92
110	102
110	90
110	12
110	28
110	60
110	59
110	1
110	93
110	33
110	16
110	96
110	36
110	64
110	37
110	50
110	115
110	40
110	109
110	39
110	13
110	78
110	54
110	2
110	15
110	76
110	3
110	53
110	34
110	67
110	113
110	99
110	49
111	84
111	80
111	40
111	108
111	67
111	112
111	38
111	36
111	20
111	26
111	24
111	62
111	42
111	46
111	107
111	43
111	45
111	16
111	64
111	18
111	57
111	59
111	1
111	71
111	15
111	35
111	54
111	17
111	90
111	103
111	74
111	47
111	12
111	119
111	100
111	86
111	73
111	6
111	102
111	41
111	121
111	49
111	63
111	66
111	10
111	99
111	9
111	97
111	109
111	94
111	101
111	28
111	58
111	53
111	92
111	19
111	69
111	37
111	72
111	70
111	44
111	56
111	33
112	118
112	40
112	67
112	60
112	33
112	5
112	85
112	65
112	64
112	115
112	48
112	89
112	3
112	35
112	8
112	87
112	69
112	96
112	78
112	25
112	31
112	110
112	58
112	6
112	79
112	50
112	97
112	73
112	71
112	59
112	49
112	70
112	111
112	91
112	38
112	62
112	63
112	101
112	100
112	84
112	15
112	108
112	103
112	86
112	37
112	42
112	74
112	7
112	17
112	54
112	80
112	44
112	120
112	76
112	53
112	28
112	56
112	30
112	36
112	39
112	75
112	77
112	119
112	121
112	82
112	20
112	117
112	88
112	18
112	12
112	43
112	29
112	107
112	22
112	4
112	90
112	52
112	66
112	41
112	23
112	94
112	98
112	109
112	68
112	51
112	81
112	95
112	1
112	106
112	46
112	21
112	57
112	19
112	99
112	27
112	24
112	72
112	47
112	102
112	34
112	9
112	10
112	83
112	104
112	92
112	93
112	113
113	15
113	110
113	112
113	43
113	73
113	109
113	18
113	35
113	121
113	63
113	103
113	34
113	80
113	117
113	46
113	84
113	87
113	76
113	40
113	12
113	58
113	93
113	95
113	101
113	85
113	70
113	1
113	68
113	39
113	94
113	74
113	45
113	97
113	105
113	82
113	37
113	28
113	8
113	26
113	66
113	49
113	42
113	67
113	62
113	88
113	99
113	111
113	104
113	13
113	41
113	32
114	98
114	86
114	20
114	40
114	43
114	76
114	35
114	58
114	117
114	73
114	94
114	82
114	103
114	93
114	112
114	34
114	44
114	22
114	64
114	74
114	71
114	67
114	38
114	107
114	80
114	60
114	120
114	70
114	88
114	83
114	84
114	49
114	110
114	61
114	15
114	99
114	29
114	62
114	121
114	109
114	97
114	1
114	45
114	102
114	63
114	9
114	42
114	100
114	18
114	66
114	85
114	119
114	75
114	57
114	12
114	53
114	106
114	19
114	11
115	80
115	42
115	103
115	20
115	84
115	38
115	40
115	66
115	64
115	53
115	67
115	70
115	54
115	45
115	8
115	83
115	37
115	94
115	97
115	36
115	18
115	112
115	35
115	12
115	17
115	24
115	58
115	50
115	30
115	107
115	119
115	86
115	74
115	43
115	106
115	72
115	23
115	1
115	75
115	3
115	88
115	46
115	49
115	52
115	10
115	21
115	34
115	41
115	15
116	16
116	93
116	71
116	15
116	108
116	86
116	35
116	110
116	69
116	47
116	101
116	121
116	40
116	50
116	67
116	66
116	54
116	62
116	37
116	117
116	80
116	8
116	106
116	49
116	43
116	74
116	88
116	46
116	21
116	94
116	73
116	12
116	19
116	18
116	109
116	42
116	84
116	112
116	76
116	87
116	63
117	50
117	108
117	76
117	34
117	66
117	109
117	43
117	113
117	97
117	112
117	67
117	46
117	95
117	58
117	9
117	18
117	74
117	119
117	84
117	21
117	15
117	62
117	102
117	12
117	73
117	40
117	1
117	42
117	70
117	82
117	68
117	47
117	49
117	63
117	39
117	35
117	86
117	107
117	106
117	103
117	23
117	7
117	30
117	80
117	54
117	53
117	45
117	110
117	71
117	22
117	93
117	100
117	8
117	56
117	75
117	64
117	44
117	33
117	20
117	94
117	51
117	26
117	28
117	101
117	41
117	90
117	111
117	69
117	10
117	24
117	2
117	27
117	29
117	13
117	19
117	88
118	67
118	30
118	40
118	101
118	70
118	62
118	42
118	78
118	15
118	66
118	108
118	107
118	71
118	112
118	43
118	35
118	36
118	80
118	49
118	58
118	99
118	12
118	9
118	113
118	93
118	84
118	37
118	24
118	11
118	63
118	54
118	21
118	26
118	86
118	64
118	82
118	73
118	29
118	20
118	95
118	120
118	22
118	53
118	17
118	121
118	97
118	57
118	88
118	76
118	74
118	109
118	103
118	23
118	1
118	111
118	100
118	32
118	110
119	33
119	6
119	96
119	91
119	48
119	42
119	118
119	79
119	112
119	67
119	87
119	40
119	31
119	100
119	23
119	86
119	35
119	70
119	3
119	65
119	25
119	83
119	49
119	66
119	8
119	14
119	26
119	84
119	73
119	24
119	80
119	27
119	43
119	64
120	73
120	23
120	110
120	101
120	40
120	67
120	71
120	35
120	49
120	70
120	100
120	15
120	112
120	84
120	121
120	28
120	1
120	77
120	54
120	94
120	30
120	57
120	74
120	32
120	31
120	75
120	52
120	90
120	33
120	53
120	80
120	87
120	41
120	83
120	42
120	50
120	17
120	20
120	21
120	7
121	112
121	70
121	80
121	12
121	43
121	116
121	37
121	50
121	1
121	119
121	95
121	62
121	16
121	109
121	51
121	46
121	102
121	59
121	28
121	90
121	47
121	94
121	67
121	18
121	39
121	114
121	2
121	40
121	4
121	3
121	31
121	87
121	105
121	85
121	7
121	79
121	65
121	104
121	13
121	56
121	89
121	27
121	41
121	78
121	66
