1	92
1	41
1	126
1	8
1	114
1	77
1	115
1	131
1	36
1	74
1	21
1	42
1	88
1	110
1	39
1	95
1	37
1	147
1	51
1	58
1	132
1	80
1	82
1	78
1	98
1	125
1	133
1	48
1	106
1	101
1	146
1	34
1	15
1	40
1	70
1	29
1	134
1	3
1	57
1	25
1	84
1	23
1	35
1	7
1	97
1	104
1	130
1	149
1	13
1	90
1	139
1	45
1	73
1	24
1	17
1	49
1	94
1	19
1	27
1	46
1	143
1	118
1	52
1	83
1	66
1	136
1	18
1	30
1	16
1	20
1	47
1	91
1	61
1	75
1	11
1	28
1	85
1	87
1	65
1	53
1	26
1	107
1	55
1	86
1	79
1	60
1	81
1	123
1	121
1	68
1	145
1	67
1	142
1	100
1	93
1	14
1	103
1	89
2	29
2	95
2	80
2	78
2	136
2	1
2	108
2	49
2	60
2	88
2	6
2	81
2	139
2	38
2	114
2	130
2	133
2	143
2	102
2	35
2	20
2	110
2	13
2	132
2	92
2	131
2	107
2	37
2	24
2	90
2	39
2	16
2	75
2	66
2	36
2	34
2	104
2	41
2	126
2	121
2	115
2	94
2	113
2	26
2	57
2	89
2	73
2	128
2	8
2	10
2	47
2	137
2	14
2	149
2	55
2	31
2	146
2	28
2	30
2	22
2	18
2	23
2	96
2	45
2	19
2	40
2	44
2	138
2	3
2	87
2	25
2	118
2	68
2	91
2	70
2	82
2	7
2	77
2	83
2	71
2	17
2	145
2	134
2	109
2	142
2	11
2	74
2	123
2	106
2	93
2	147
2	97
2	46
3	103
3	63
3	12
3	64
3	39
3	30
3	32
3	115
3	69
3	95
3	89
3	29
4	27
4	8
4	39
4	78
4	95
4	81
4	149
4	110
4	73
4	7
4	99
4	115
4	128
4	18
4	91
4	49
4	136
4	25
4	80
4	148
4	40
4	60
4	41
4	66
4	34
4	35
4	54
4	55
4	132
4	21
4	16
4	30
4	104
4	92
4	142
4	89
4	114
4	133
4	108
4	74
4	29
4	140
4	102
4	75
4	47
4	116
4	38
4	139
4	13
4	48
4	107
4	98
4	131
4	23
4	2
4	71
4	12
4	94
4	147
4	77
4	26
4	68
4	146
5	29
5	15
5	20
5	10
5	107
5	113
5	34
5	88
5	95
5	6
5	59
5	1
5	49
5	109
5	137
5	106
5	44
5	16
5	45
5	31
5	37
5	80
5	39
5	19
5	25
5	18
5	38
5	92
5	115
5	81
5	26
5	110
5	8
5	21
5	30
5	78
5	133
5	99
5	13
5	114
5	60
5	66
5	139
5	76
5	147
5	89
5	132
5	14
5	22
5	130
5	58
5	24
5	98
5	55
5	70
5	108
5	117
5	75
5	48
5	74
5	136
5	131
5	124
5	125
5	27
5	41
5	104
5	143
5	36
5	56
5	87
5	82
5	2
5	146
5	35
5	64
5	72
5	46
5	91
5	97
5	96
5	65
5	93
5	17
5	85
5	68
6	66
6	96
6	131
6	39
6	110
6	53
6	29
6	37
6	1
6	77
6	98
6	92
6	55
6	31
6	95
6	81
6	86
6	85
6	25
6	89
6	140
6	133
6	60
6	94
6	142
6	41
6	80
6	49
6	132
6	16
6	23
6	136
6	82
6	122
6	101
6	30
6	42
6	59
6	26
6	75
6	147
6	116
6	125
6	14
6	83
6	15
6	114
6	34
6	145
6	115
6	121
6	99
6	70
6	97
6	3
6	18
6	146
6	141
6	35
6	13
6	47
6	143
6	71
6	68
6	93
6	149
6	22
6	91
6	65
6	36
6	2
6	103
6	107
6	148
7	110
7	29
7	78
7	39
7	116
7	74
7	23
7	82
7	31
7	142
7	68
7	146
7	92
7	134
7	42
7	53
7	36
7	95
7	66
7	77
7	8
7	98
7	11
7	51
7	132
7	25
7	57
7	34
7	16
7	85
7	133
7	91
7	65
7	136
7	1
7	72
7	131
7	96
7	27
7	55
7	143
7	41
7	70
7	130
7	94
7	3
7	115
7	60
7	101
7	43
7	140
7	30
7	24
7	13
7	49
7	124
7	44
7	18
7	59
7	107
7	119
7	75
7	147
7	100
7	114
7	79
7	17
7	127
7	139
7	38
7	26
8	73
8	88
8	39
8	137
8	13
8	130
8	41
8	60
8	10
8	95
8	87
8	113
8	109
8	29
8	75
8	94
8	91
8	124
8	135
8	12
8	78
8	89
8	49
8	144
8	82
8	36
8	6
8	139
8	44
8	24
8	34
8	143
8	80
8	18
8	42
8	38
8	146
8	16
8	115
8	131
8	1
8	117
8	123
8	147
8	66
8	45
8	104
8	125
8	37
8	26
8	54
8	110
8	52
8	128
8	55
8	46
8	133
8	68
8	97
8	121
8	35
8	106
8	126
8	107
8	114
8	67
8	20
8	81
8	142
8	132
8	102
8	145
8	136
8	31
8	7
8	5
8	149
8	92
8	25
8	30
8	70
8	40
8	59
8	90
8	100
8	28
8	76
8	134
8	118
8	65
8	98
8	3
8	74
8	15
8	86
8	23
8	116
8	108
8	79
8	51
8	84
8	17
8	53
8	11
8	83
8	93
8	50
8	14
8	77
8	96
8	140
9	95
9	14
9	59
9	29
9	136
9	49
9	102
9	115
9	60
9	37
9	130
9	133
9	57
9	47
9	66
9	38
9	104
9	36
9	70
9	48
9	92
9	81
9	12
9	134
9	149
9	13
9	132
9	23
9	78
9	8
9	53
9	80
9	39
9	35
9	31
9	41
9	118
9	110
9	142
9	1
9	54
9	40
9	131
9	94
9	55
9	113
9	18
9	68
9	96
9	65
9	26
9	24
9	75
9	34
9	45
9	98
9	30
9	25
9	21
9	114
9	20
9	73
9	90
9	19
9	11
9	76
9	93
9	117
9	140
9	139
9	89
9	101
9	74
9	91
9	77
9	16
9	46
9	121
9	83
9	88
10	51
10	39
10	49
10	36
10	130
10	139
10	13
10	87
10	115
10	80
10	143
10	125
10	94
10	46
10	29
10	27
10	42
10	95
10	28
10	37
10	131
10	75
10	25
10	78
10	129
10	11
10	146
10	41
10	16
10	119
10	57
10	14
10	83
10	73
10	66
10	118
10	47
10	106
10	147
10	99
10	23
10	74
10	45
10	20
10	70
10	123
10	97
10	126
10	34
10	17
10	35
10	88
10	56
10	24
10	19
10	112
10	30
10	38
10	116
10	93
10	68
10	8
10	5
10	136
10	4
10	89
10	128
10	60
11	115
11	39
11	26
11	133
11	14
11	13
11	107
11	131
11	49
11	37
11	86
11	110
11	136
11	36
11	122
11	29
11	74
11	85
11	41
11	34
11	119
11	149
11	20
11	78
11	25
11	79
11	99
11	46
11	19
11	45
11	1
11	142
11	87
11	146
11	94
11	108
11	23
11	95
11	28
11	73
11	114
11	5
11	130
11	144
11	75
11	66
11	44
11	80
11	35
11	91
11	96
11	30
11	59
11	132
11	134
11	3
11	98
11	7
11	70
11	43
11	147
11	24
11	113
11	68
11	93
11	100
11	31
11	84
11	60
11	106
12	78
12	15
12	26
12	41
12	29
12	125
12	16
12	147
12	23
12	13
12	130
12	106
12	80
12	149
12	46
12	75
12	115
12	34
12	118
12	24
12	66
12	42
12	139
12	36
12	35
12	71
12	131
12	1
12	28
12	95
12	134
12	128
12	87
12	57
12	98
12	110
12	44
12	49
12	19
12	84
12	47
12	11
12	94
12	112
12	25
12	27
12	38
12	50
12	20
13	115
13	44
13	39
13	131
13	34
13	20
13	87
13	74
13	94
13	65
13	36
13	15
13	25
13	149
13	146
13	68
13	98
13	3
13	86
13	79
13	84
13	134
13	24
13	43
13	144
13	78
13	122
13	16
13	73
13	110
13	83
13	5
14	113
14	88
14	34
14	49
14	74
14	114
14	137
14	89
14	60
14	66
14	39
14	21
14	76
14	131
14	8
14	115
14	95
14	78
14	146
14	107
14	13
14	77
14	109
14	81
14	133
14	73
14	16
14	40
14	55
14	92
14	48
14	136
14	132
14	41
14	104
14	142
14	29
14	130
14	96
14	24
14	80
14	110
14	30
14	36
14	108
14	1
14	68
14	38
14	26
14	59
14	58
14	75
14	44
14	25
14	87
14	37
14	134
14	128
14	90
14	106
14	98
14	139
14	15
14	20
14	67
14	121
14	143
14	10
14	18
14	47
14	82
14	31
14	102
14	35
14	19
14	70
14	100
14	91
14	117
14	85
14	6
14	84
14	23
14	140
14	3
14	126
14	94
14	65
14	149
14	124
14	53
14	72
14	120
14	123
14	118
14	97
14	28
14	64
14	71
14	61
14	147
14	93
14	46
14	45
14	50
15	111
15	56
15	14
15	22
15	27
15	129
15	53
15	120
15	62
15	131
15	130
15	99
15	83
15	42
15	43
15	50
15	114
15	38
15	95
15	1
16	139
16	2
16	37
16	101
16	41
16	19
16	112
16	105
16	99
16	78
16	94
16	36
16	58
16	67
16	79
16	148
16	106
16	130
16	33
16	147
16	59
16	95
16	60
16	71
16	26
16	49
16	131
16	81
16	66
16	128
16	39
16	91
16	15
16	87
16	27
16	103
16	10
16	34
16	20
16	143
16	65
16	44
16	115
16	1
16	68
16	45
16	117
16	74
16	13
16	25
16	56
16	29
16	133
16	132
16	18
16	80
16	38
16	23
16	90
16	11
16	46
16	98
17	78
17	29
17	110
17	95
17	68
17	52
17	86
17	98
17	25
17	1
17	42
17	58
17	46
17	123
17	60
17	30
17	94
17	114
17	105
17	139
17	41
17	79
17	133
17	67
17	34
17	142
17	23
17	36
17	66
17	81
17	126
17	131
17	74
17	38
17	77
17	39
17	75
17	130
17	15
17	96
17	35
17	115
17	13
17	125
17	8
17	92
17	61
17	97
17	107
17	136
17	72
17	80
17	21
17	44
17	148
17	64
17	63
17	134
17	100
17	132
17	102
17	89
17	147
17	88
17	70
17	73
17	20
17	5
17	59
17	24
17	146
17	56
17	106
17	101
17	7
17	55
17	99
17	93
17	10
17	85
17	145
17	116
17	127
17	26
17	14
17	28
17	65
17	49
17	83
17	129
17	45
17	16
17	4
17	118
18	94
18	1
18	80
18	14
18	115
18	49
18	97
18	75
18	96
18	131
18	37
18	55
18	110
18	15
18	20
18	23
18	30
18	101
18	16
18	86
18	34
18	41
18	39
18	141
18	13
18	112
18	142
18	44
18	28
18	119
18	107
18	26
18	133
18	59
18	66
18	65
18	60
18	68
18	140
18	36
18	29
18	73
18	24
18	132
18	31
18	136
18	143
18	11
18	74
18	146
18	116
18	79
18	92
18	71
18	130
18	149
18	106
18	121
18	5
18	98
18	85
18	25
18	61
18	100
18	139
18	114
18	87
18	78
18	47
18	91
18	147
18	51
18	134
18	89
18	46
18	8
18	122
18	123
18	7
18	93
18	10
18	88
18	84
18	35
18	57
18	118
18	83
18	33
18	27
18	45
18	4
18	70
18	95
18	82
18	145
18	113
19	34
19	146
19	149
19	97
19	3
19	13
19	116
19	14
19	134
19	112
19	132
19	8
19	84
19	44
19	125
19	98
19	115
19	39
19	131
19	142
19	42
19	47
19	36
19	68
19	49
19	144
19	79
19	65
19	139
19	103
19	41
19	127
19	71
19	28
19	80
19	95
19	25
19	122
19	35
19	4
19	94
19	147
20	56
20	27
20	62
20	120
20	129
20	22
20	53
20	73
20	111
20	28
20	78
20	24
20	14
20	39
20	99
20	83
20	36
20	6
20	87
20	50
20	2
20	95
20	107
20	92
20	81
20	13
20	91
20	18
20	55
20	98
20	70
20	137
20	29
20	113
20	4
20	26
20	49
20	75
20	128
20	16
20	149
21	89
21	41
21	81
21	58
21	48
21	137
21	54
21	19
21	95
21	35
21	38
21	34
21	67
21	110
21	142
21	13
21	68
21	133
21	29
21	78
21	42
21	49
21	57
21	136
21	30
21	75
21	16
21	114
21	70
21	25
21	26
21	83
21	98
21	1
21	149
21	130
21	87
21	15
21	28
21	66
21	61
21	134
21	117
21	11
21	131
21	10
21	24
21	125
21	88
21	80
21	73
21	116
22	26
22	60
22	95
22	39
22	8
22	16
22	88
22	6
22	86
22	38
22	98
22	89
22	78
22	128
22	119
22	45
22	58
22	3
22	81
22	48
22	80
22	143
22	18
22	73
22	1
22	34
22	101
22	5
22	11
22	94
22	92
22	115
22	136
22	30
22	29
22	133
22	53
22	41
22	104
22	110
22	21
22	66
22	107
22	35
22	36
22	126
22	91
22	49
22	19
22	131
22	10
22	31
22	114
22	25
22	105
22	108
22	24
22	90
22	147
22	113
22	15
22	27
22	121
22	40
22	79
22	20
22	82
22	109
22	28
22	75
22	123
22	93
23	27
23	127
23	110
23	105
23	144
23	84
23	49
23	73
23	148
23	95
23	78
23	123
23	28
23	128
23	38
23	143
23	24
23	106
23	9
23	75
23	115
24	27
24	148
24	105
24	29
24	127
24	144
24	80
24	13
24	95
24	78
24	123
24	9
24	90
24	71
24	131
24	84
24	16
24	25
24	23
24	143
24	37
24	60
24	28
24	101
24	49
24	130
24	139
24	146
24	42
24	111
24	35
24	26
24	34
24	107
24	110
24	59
24	136
24	73
24	133
24	66
24	39
24	113
24	41
24	81
24	89
24	45
24	38
24	96
24	40
24	117
24	114
24	18
24	76
24	140
24	142
24	83
24	46
25	109
25	104
25	60
25	136
25	50
25	111
25	133
25	102
25	124
25	114
25	42
25	94
25	57
25	120
25	119
25	108
25	92
25	116
25	78
25	12
25	14
25	27
25	125
25	115
25	29
25	97
25	70
25	17
25	30
25	83
25	5
25	41
25	39
25	131
25	46
25	51
25	16
25	35
25	45
25	80
25	8
25	66
25	99
25	123
25	65
25	95
25	98
25	143
25	22
25	31
25	53
25	93
25	117
25	110
25	106
25	77
25	81
26	114
26	136
26	117
26	107
26	41
26	54
26	40
26	113
26	102
26	92
26	58
26	135
26	77
26	12
26	8
26	132
26	115
26	39
26	95
26	74
26	42
26	78
26	131
26	84
26	48
26	50
26	25
26	112
26	21
26	34
26	55
26	142
26	13
26	47
26	30
26	29
26	66
26	20
26	70
26	49
26	23
26	16
26	139
26	38
26	18
26	19
26	116
26	149
26	24
26	126
26	35
26	45
26	80
26	3
26	83
26	99
26	133
26	75
26	85
26	130
26	15
26	44
26	91
26	17
26	98
26	36
26	134
26	65
26	88
26	87
26	145
26	118
26	94
26	59
26	28
26	52
26	14
26	119
26	11
26	147
26	93
26	89
26	73
26	68
26	51
26	67
27	95
27	29
27	78
27	3
27	139
27	87
27	80
27	106
27	16
27	39
27	24
27	26
27	73
27	136
27	110
27	149
27	10
27	60
27	13
27	38
27	15
27	14
27	133
27	94
27	115
27	49
27	31
27	81
27	55
27	117
27	107
27	113
27	90
27	66
27	108
27	85
27	30
27	92
27	138
27	134
27	44
27	37
27	34
27	98
27	40
27	128
27	131
27	123
27	130
27	35
27	41
27	1
27	74
27	75
27	18
27	121
27	142
27	132
27	8
27	84
27	143
27	28
27	102
27	68
27	47
27	88
27	89
27	5
27	76
27	25
27	116
27	91
27	124
27	109
27	20
27	96
27	99
27	54
27	12
27	147
27	114
27	97
27	64
27	36
27	19
27	21
27	57
27	83
27	6
27	45
27	58
27	93
28	78
28	87
28	41
28	95
28	73
28	29
28	131
28	146
28	35
28	36
28	133
28	49
28	143
28	11
28	86
28	74
28	136
28	13
28	113
28	59
28	39
28	75
28	64
28	130
28	34
28	114
28	16
28	84
28	1
28	80
28	115
28	67
28	145
28	44
28	25
28	66
28	57
28	128
28	139
28	47
28	23
28	99
28	5
28	79
28	92
28	141
28	14
28	94
28	26
28	51
28	96
28	123
28	15
28	144
28	110
28	124
28	98
28	91
28	20
28	61
28	18
28	82
28	21
28	40
28	38
28	3
28	88
28	134
28	112
28	71
28	65
28	149
28	24
28	45
28	8
28	30
28	132
28	116
28	89
28	118
28	37
28	81
29	131
29	20
29	115
29	146
29	8
29	149
29	87
29	25
29	116
29	44
29	113
29	94
29	112
29	144
29	95
29	67
29	3
29	97
29	99
29	34
29	41
29	60
29	134
29	36
29	14
29	84
29	98
29	74
29	15
29	65
29	86
29	129
29	132
29	52
29	138
29	91
29	32
29	130
29	122
29	79
29	68
29	119
29	24
29	62
29	126
29	92
29	78
29	16
29	39
29	80
29	107
29	142
29	37
29	145
29	143
29	71
29	77
29	40
29	38
29	21
29	48
29	43
29	76
29	26
29	18
29	49
29	13
29	5
29	58
29	101
29	28
29	139
29	27
29	61
29	33
29	42
29	141
29	83
29	63
29	66
29	100
29	30
29	93
29	73
29	123
29	124
29	4
29	90
29	45
29	133
29	114
29	35
30	1
30	34
30	96
30	100
30	110
30	142
30	131
30	115
30	59
30	86
30	14
30	136
30	134
30	39
30	55
30	17
30	132
30	138
30	25
30	15
30	36
30	37
30	24
30	20
30	94
30	68
30	71
30	149
30	13
30	74
30	65
30	3
30	84
30	33
30	73
30	146
30	98
30	44
30	108
30	75
30	78
30	79
30	87
30	144
30	116
30	97
30	35
30	4
30	80
30	16
30	47
30	124
30	106
31	110
31	100
31	34
31	115
31	1
31	39
31	131
31	37
31	94
31	96
31	26
31	3
31	25
31	98
31	49
31	24
31	17
31	60
31	61
31	65
31	15
31	138
31	20
31	13
31	132
31	80
31	133
31	144
31	87
31	8
31	134
31	143
31	42
31	36
31	78
31	11
31	84
31	51
31	142
31	66
31	29
31	130
31	19
31	74
31	149
31	141
31	68
31	38
31	139
31	5
31	55
31	136
31	146
31	41
31	59
31	57
31	91
31	116
31	16
31	35
31	14
31	47
31	75
31	73
31	95
31	30
31	77
31	89
31	71
31	88
31	119
31	93
31	85
31	10
31	53
31	21
31	106
31	124
32	10
32	95
32	123
32	29
32	91
32	49
32	149
32	16
32	143
32	60
32	110
32	78
32	133
32	41
32	115
32	80
32	34
32	107
32	137
32	109
32	136
32	108
32	106
32	12
32	3
32	114
32	94
32	47
32	73
32	130
32	1
32	37
32	81
32	71
32	146
32	13
32	101
32	59
32	113
32	36
32	75
32	92
32	131
32	142
32	139
32	118
32	96
32	66
32	18
32	46
32	31
32	35
32	30
32	55
32	39
32	48
32	102
32	20
32	24
32	90
32	7
32	65
32	84
32	74
32	121
32	38
32	147
32	54
32	23
32	40
32	70
32	87
32	128
32	125
32	104
32	97
32	58
32	57
32	132
32	126
32	98
32	89
32	26
32	88
32	112
32	21
32	25
32	76
32	140
32	68
33	107
33	27
33	18
33	95
33	35
33	2
33	80
33	111
33	31
33	36
33	41
33	24
33	37
33	136
33	78
33	113
33	103
33	139
33	92
33	34
33	1
33	47
33	115
33	14
33	75
33	46
33	131
33	39
33	142
33	26
33	89
33	60
33	110
33	58
33	114
33	102
33	30
33	120
33	50
33	29
33	28
33	100
33	94
33	62
33	13
33	68
33	66
33	133
33	88
33	12
33	49
33	16
33	132
33	98
33	128
33	40
33	85
33	143
33	44
33	10
33	70
33	38
33	134
33	69
33	73
33	90
33	101
33	22
33	81
33	99
33	23
33	141
33	116
33	93
34	144
34	24
34	95
34	41
34	148
34	27
34	16
34	66
34	78
34	29
34	105
34	111
34	121
34	9
34	28
34	118
34	117
34	137
34	130
34	127
34	8
34	13
34	31
34	110
34	71
34	35
34	54
34	89
34	142
34	116
34	47
34	70
34	49
34	143
34	80
34	58
34	39
34	106
34	42
34	60
34	75
34	126
34	136
34	52
34	139
34	125
34	149
34	83
34	123
34	132
34	19
34	73
34	18
34	107
34	74
34	23
34	11
34	26
34	133
34	25
34	102
34	14
34	115
34	1
34	38
34	53
34	82
34	113
34	146
34	64
34	120
34	21
34	84
34	112
34	59
34	101
34	88
34	37
34	114
34	12
34	91
34	131
34	7
34	124
34	128
34	140
34	147
34	81
34	2
34	36
34	109
35	116
35	115
35	34
35	112
35	39
35	37
35	131
35	57
35	84
35	36
35	8
35	68
35	25
35	20
35	94
35	97
35	24
35	78
35	149
35	32
35	50
35	87
35	3
35	44
35	47
35	65
35	15
35	119
35	71
35	98
35	130
35	132
35	16
35	80
35	134
35	114
35	142
35	146
35	148
35	79
35	95
35	63
35	101
35	2
35	5
35	73
35	60
35	144
35	14
35	74
35	100
35	75
35	113
35	99
35	43
35	93
35	141
35	110
35	4
35	58
35	18
36	67
36	95
36	78
36	2
36	27
36	33
36	39
36	10
36	29
36	111
36	22
36	16
36	62
36	30
36	24
36	73
36	124
36	19
36	99
36	60
36	147
36	50
36	114
36	56
36	120
36	129
36	35
36	113
36	14
36	89
36	146
36	115
36	106
36	46
36	75
36	80
36	41
36	107
36	130
36	59
36	49
36	126
36	139
36	1
36	20
36	42
36	13
36	92
36	40
36	47
36	26
36	48
36	133
36	34
36	45
36	28
36	145
36	55
36	70
36	81
36	71
36	66
36	105
36	128
36	44
36	131
36	83
36	8
36	142
36	104
36	144
36	15
36	64
36	88
36	101
36	21
36	110
36	93
36	77
36	132
36	136
36	90
36	140
36	118
36	18
36	38
36	58
37	89
37	41
37	95
37	88
37	14
37	10
37	107
37	92
37	114
37	137
37	24
37	113
37	21
37	6
37	104
37	36
37	81
37	124
37	42
37	40
37	77
37	80
37	8
37	108
37	34
37	136
37	96
37	115
37	109
37	64
37	149
37	16
37	39
37	143
37	78
37	58
37	75
37	110
37	106
37	131
37	139
37	49
37	45
37	55
37	1
37	38
37	142
37	146
37	94
37	48
37	74
37	13
37	20
37	76
37	118
37	19
37	147
37	60
37	132
37	87
37	25
37	133
37	125
37	98
37	101
37	123
37	3
37	29
37	121
37	126
37	35
37	85
37	44
37	26
37	28
37	12
37	68
37	73
37	84
37	66
37	130
37	30
37	61
37	134
37	91
37	65
37	102
37	18
37	51
37	17
37	11
37	145
38	115
38	39
38	1
38	37
38	88
38	110
38	26
38	51
38	49
38	14
38	55
38	131
38	84
38	132
38	146
38	98
38	34
38	96
38	25
38	20
38	30
38	59
38	15
38	57
38	149
38	68
38	13
38	138
38	142
38	133
38	119
38	116
38	41
38	71
38	60
38	29
38	134
38	78
38	74
38	70
38	135
38	31
38	143
38	3
38	94
38	61
38	145
38	85
38	147
38	5
38	97
38	10
38	44
38	100
38	66
38	79
38	106
38	87
38	36
38	80
38	139
38	8
38	75
38	122
38	65
38	89
38	11
38	24
38	46
38	107
38	73
38	130
38	112
38	28
38	35
38	90
38	93
38	141
38	47
38	4
38	91
38	81
38	83
38	21
38	136
39	50
39	28
39	111
39	95
39	83
39	61
39	125
39	56
39	147
39	8
39	99
39	120
39	14
39	53
39	27
39	78
39	41
39	22
39	116
39	62
39	86
39	73
39	124
39	60
39	52
39	13
39	23
39	31
39	16
39	19
39	139
39	10
39	80
39	35
39	29
39	42
39	123
39	47
39	20
39	146
39	49
39	90
39	46
39	115
39	131
39	126
39	1
39	91
39	130
39	38
39	74
39	66
39	143
39	12
39	121
39	24
39	68
39	109
39	37
39	75
39	136
39	92
39	132
39	34
39	94
39	7
39	81
39	17
39	133
39	107
39	55
39	70
39	110
39	142
39	76
39	118
39	88
39	30
39	82
39	64
39	21
39	25
39	87
39	113
39	57
39	108
39	128
39	26
39	114
39	149
39	102
39	18
39	96
39	65
39	106
39	4
39	11
39	129
39	85
39	51
39	135
39	140
40	95
40	39
40	104
40	20
40	121
40	34
40	82
40	115
40	7
40	131
40	126
40	38
40	102
40	52
40	125
40	41
40	12
40	64
40	29
40	24
40	47
40	36
40	78
40	88
40	97
40	25
40	110
40	94
40	108
40	42
40	1
40	13
40	48
40	96
40	18
40	49
40	16
40	26
40	136
40	109
40	35
40	28
40	139
40	99
40	60
40	73
40	149
40	8
40	130
41	36
41	112
41	8
41	25
41	131
41	20
41	95
41	94
41	28
41	143
41	78
41	97
41	107
41	60
41	115
41	15
41	32
41	37
41	108
41	77
41	66
41	3
41	98
41	83
41	81
41	40
41	39
41	92
41	34
41	144
41	79
41	24
41	31
41	65
41	89
41	87
41	117
41	146
41	58
41	109
41	104
41	137
41	30
41	132
41	119
41	50
41	18
41	12
41	52
41	10
41	27
41	113
41	29
41	16
41	73
41	54
41	74
41	116
41	142
41	114
41	124
41	86
41	128
41	47
41	49
41	26
41	102
41	99
41	122
41	130
41	126
41	88
41	42
41	121
41	38
41	14
41	2
41	141
41	64
41	149
41	68
41	44
41	69
41	139
41	100
41	13
41	84
41	21
41	111
41	71
41	134
41	145
41	110
41	75
41	125
41	35
41	82
41	59
41	67
41	80
41	63
41	93
41	147
41	148
41	55
41	101
41	136
41	4
41	96
41	51
41	57
41	45
42	126
42	78
42	36
42	29
42	47
42	124
42	96
42	8
42	51
42	110
42	131
42	39
42	13
42	88
42	113
42	139
42	3
42	77
42	40
42	98
42	80
42	1
42	41
42	94
42	143
42	61
42	133
42	73
42	24
42	52
42	132
42	66
42	28
42	116
42	92
42	65
42	115
42	60
42	136
42	95
42	142
42	15
42	70
42	75
42	16
42	34
42	25
42	106
42	57
42	45
42	119
42	83
42	58
42	38
42	97
42	91
42	67
42	26
42	84
42	107
42	44
42	20
42	140
42	147
42	149
42	104
42	33
42	18
42	130
42	23
42	21
42	134
42	49
42	14
42	37
42	74
42	27
42	11
42	123
42	85
42	117
42	87
42	144
42	100
42	19
42	30
42	118
42	68
42	46
42	64
42	5
42	35
42	59
42	129
42	146
42	101
42	55
42	82
42	12
42	102
42	89
42	72
42	111
42	31
42	48
42	112
42	79
42	114
42	128
42	71
42	76
42	43
42	6
42	81
42	99
42	127
42	22
42	105
42	93
43	39
43	36
43	76
43	95
43	143
43	139
43	49
43	45
43	106
43	38
43	25
43	46
43	110
43	60
43	123
43	66
43	80
43	1
43	29
43	34
43	133
43	109
43	131
43	130
43	79
43	87
43	41
43	142
43	78
43	92
43	75
43	16
43	13
43	18
43	147
43	149
43	35
43	11
43	115
43	136
43	26
43	24
43	8
43	107
43	113
43	50
43	116
43	102
43	81
43	99
43	2
43	10
43	59
43	91
43	70
43	30
43	12
43	104
43	73
43	96
43	37
43	69
43	94
43	98
43	88
43	55
43	89
43	108
43	44
43	101
43	23
43	97
43	114
43	31
43	74
43	135
43	20
44	27
44	144
44	127
44	28
44	105
44	49
44	95
44	148
44	42
44	83
44	29
44	9
44	41
44	46
44	132
44	39
44	102
44	139
44	133
44	55
44	59
44	78
44	118
44	80
45	115
45	112
45	149
45	8
45	32
45	44
45	116
45	87
45	86
45	65
45	14
45	15
45	39
45	34
45	73
45	119
45	97
45	134
45	98
45	142
45	132
45	20
45	36
45	68
45	37
45	25
45	79
45	84
45	146
45	78
45	131
45	26
45	122
45	71
45	5
45	60
45	3
45	43
45	120
45	69
45	94
45	74
45	24
45	93
45	144
45	4
46	105
46	29
46	145
46	136
46	97
46	34
46	33
46	133
46	107
46	58
46	131
46	39
46	67
46	132
46	41
46	21
46	100
46	74
46	142
46	8
46	113
46	141
46	48
46	27
46	115
46	95
46	77
46	116
46	65
46	148
46	56
46	99
46	98
46	40
46	37
46	16
46	38
46	128
46	110
46	78
46	13
46	24
46	20
46	4
46	14
46	15
46	52
47	14
47	116
47	115
47	97
47	65
47	3
47	16
47	112
47	20
47	39
47	34
47	60
47	78
47	8
47	131
47	37
47	138
47	149
47	142
47	98
47	44
47	119
47	79
47	71
47	84
47	132
47	36
47	49
47	90
47	73
47	25
47	15
47	146
47	87
47	24
47	95
47	134
47	5
47	137
47	122
47	68
47	94
47	43
47	74
47	93
47	41
47	67
47	147
48	49
48	89
48	41
48	37
48	58
48	29
48	59
48	54
48	81
48	97
48	95
48	45
48	137
48	78
48	47
48	24
48	36
48	42
48	147
48	110
48	46
48	67
48	1
48	26
48	34
48	28
48	79
48	16
48	35
48	92
48	134
48	123
48	139
48	25
48	13
48	75
48	80
48	91
48	57
48	83
49	58
49	39
49	137
49	113
49	114
49	34
49	92
49	115
49	88
49	10
49	41
49	6
49	40
49	131
49	109
49	8
49	108
49	74
49	42
49	107
49	104
49	21
49	81
49	36
49	145
49	142
49	80
49	13
49	89
49	95
49	77
49	132
49	139
49	96
49	133
49	14
49	16
49	51
49	78
49	85
49	126
49	116
49	66
49	87
49	47
49	20
49	48
49	17
49	130
49	143
49	149
49	64
49	70
49	29
49	54
49	110
49	19
49	125
49	147
49	73
49	27
49	55
49	141
49	136
49	75
49	26
49	28
49	23
49	129
49	24
49	25
49	98
49	57
49	52
49	123
49	83
49	44
49	100
49	68
49	46
49	121
49	90
49	45
49	35
49	67
49	106
49	94
49	91
49	84
49	134
49	15
49	18
49	43
49	146
49	60
49	76
49	38
49	65
49	53
49	128
49	61
49	30
50	95
50	16
50	20
50	78
50	49
50	101
50	73
50	57
50	34
50	24
50	59
50	146
50	136
50	138
50	124
50	35
50	75
50	131
50	119
50	66
50	104
50	142
50	115
50	133
50	13
50	128
50	38
50	26
50	60
50	81
50	55
50	90
50	1
50	36
50	29
50	130
50	39
50	30
50	107
50	37
50	25
50	143
50	109
50	47
50	19
50	144
50	41
50	112
50	80
50	92
50	106
50	139
50	76
50	84
50	18
50	114
50	94
50	14
50	123
50	132
50	137
50	96
50	65
50	100
50	116
50	113
50	3
50	110
50	91
50	44
50	89
50	88
50	23
50	98
50	12
50	147
50	45
50	31
50	118
50	93
50	141
50	149
50	148
51	130
51	38
51	20
51	87
51	29
51	57
51	110
51	78
51	24
51	41
51	68
51	66
51	49
51	94
51	13
51	15
51	16
51	36
51	95
51	18
51	96
51	139
51	118
51	45
51	115
51	133
51	144
51	19
51	39
51	25
51	28
51	123
51	131
51	73
51	80
51	146
51	107
51	34
51	50
51	132
51	106
51	149
51	142
51	136
51	56
51	14
51	5
51	47
51	30
51	1
51	35
51	65
51	74
51	126
51	75
51	79
51	134
51	27
51	46
51	88
51	43
51	31
51	89
51	3
51	23
51	44
51	91
51	26
51	114
51	143
51	60
51	58
51	61
51	97
51	77
52	146
52	39
52	143
52	80
52	73
52	36
52	133
52	131
52	20
52	142
52	100
52	24
52	70
52	34
52	95
52	66
52	29
52	49
52	115
52	75
52	94
52	74
52	114
52	78
52	81
52	16
52	51
52	41
52	13
52	38
52	3
52	130
52	144
52	25
52	28
52	92
52	15
52	99
52	44
52	79
52	50
52	18
52	97
52	26
52	91
52	118
52	139
52	87
52	98
52	88
52	1
52	61
52	82
52	57
52	149
52	140
52	147
52	17
52	60
52	35
52	46
52	110
53	72
53	30
53	147
53	116
53	92
53	1
53	95
53	49
53	60
53	89
53	21
53	80
53	75
53	11
53	29
53	134
53	73
53	132
53	133
53	115
53	78
53	110
53	85
53	113
53	24
53	88
53	19
53	139
53	38
53	94
53	104
53	146
53	114
53	39
53	55
53	81
53	98
53	82
53	5
53	106
53	25
53	131
53	18
53	2
53	10
53	137
53	31
53	44
53	149
53	107
53	96
53	130
53	28
53	8
53	51
53	36
53	142
53	13
53	14
53	61
53	15
53	27
53	100
53	41
53	91
53	77
53	48
53	136
53	74
53	138
53	34
53	3
53	93
53	121
53	140
53	128
53	101
53	16
53	97
53	47
53	148
53	90
53	70
53	26
53	68
53	108
53	46
53	143
53	57
53	76
53	124
53	35
53	40
53	102
54	149
54	61
54	125
54	88
54	126
54	34
54	78
54	131
54	24
54	42
54	41
54	29
54	28
54	39
54	95
54	133
54	130
54	83
54	36
54	26
54	57
54	71
54	124
54	35
54	145
54	115
54	80
54	91
54	73
54	66
54	15
54	128
54	94
54	77
54	98
54	118
54	74
54	136
54	102
54	13
54	65
54	51
54	70
54	49
54	75
54	139
54	119
54	147
54	93
54	112
54	110
54	16
54	44
54	45
55	81
55	10
55	117
55	41
56	95
56	78
56	75
56	66
56	13
56	16
56	81
56	49
56	51
56	24
56	110
56	88
56	73
56	34
56	74
56	92
56	60
56	36
56	77
56	8
56	133
56	113
56	114
56	6
56	115
56	11
56	38
56	136
56	89
56	107
56	20
56	21
56	85
56	39
56	108
56	121
56	29
56	84
56	131
56	143
56	55
56	1
56	90
56	132
56	46
56	30
56	139
56	102
56	25
56	80
56	42
56	41
56	59
56	10
56	138
56	146
56	128
56	37
56	142
56	64
56	15
56	65
56	3
56	87
56	149
56	47
56	137
56	98
56	40
56	18
56	70
56	23
56	5
56	31
56	123
56	96
56	109
56	79
56	116
56	72
56	126
56	101
56	19
56	53
56	141
56	26
56	68
56	45
56	54
56	94
56	86
56	93
56	14
56	104
56	106
56	35
56	130
57	49
57	106
57	34
57	25
57	74
57	130
57	133
57	36
57	123
57	115
57	13
57	95
57	80
57	1
57	136
57	110
57	149
57	84
57	38
57	29
57	59
57	122
57	41
57	139
57	45
57	96
57	119
57	88
57	142
57	66
57	104
57	47
57	37
57	39
57	124
57	26
57	92
57	60
57	146
57	132
57	147
57	75
57	65
57	81
57	148
57	128
57	35
57	118
57	101
57	131
57	143
57	109
57	113
57	94
57	78
57	16
57	5
57	114
57	87
57	54
57	70
57	91
57	98
57	31
57	15
57	21
57	24
57	117
57	102
57	27
57	44
57	125
57	12
57	3
57	134
57	77
57	107
57	20
57	51
57	71
57	116
57	53
57	93
57	68
57	145
57	55
57	144
57	89
57	18
57	19
57	14
57	126
57	46
58	137
58	12
58	89
58	131
58	95
58	81
58	98
58	42
58	94
58	24
58	64
58	57
58	41
58	80
58	78
58	10
58	104
58	73
58	117
58	52
58	54
58	109
58	16
58	145
58	102
58	39
58	139
58	17
58	108
58	84
58	146
58	34
58	74
58	126
58	125
58	19
58	38
58	115
58	36
58	13
58	55
58	15
58	67
58	143
58	49
58	83
59	58
59	115
59	88
59	34
59	92
59	89
59	137
59	77
59	8
59	74
59	41
59	39
59	107
59	95
59	78
59	132
59	142
59	114
59	131
59	104
59	13
59	113
59	126
59	80
59	27
59	29
59	20
59	6
59	48
59	21
59	121
59	15
59	94
59	23
59	42
59	52
59	36
59	109
59	40
59	136
59	73
59	133
59	81
59	139
59	12
59	106
59	19
59	75
59	46
59	45
59	49
59	24
59	147
59	10
59	130
59	25
59	44
59	35
60	102
60	113
60	81
60	107
60	10
60	48
60	89
60	149
60	92
60	130
60	137
60	117
60	40
60	8
60	139
60	54
60	104
60	39
60	21
60	1
60	114
60	108
60	58
60	96
60	110
60	77
60	37
60	34
60	115
60	44
60	73
60	74
60	142
60	131
60	109
60	41
60	82
60	36
60	128
60	12
60	132
60	13
60	29
60	126
60	24
60	49
60	98
60	71
60	78
60	19
60	16
60	35
60	15
60	59
60	80
60	95
60	135
60	25
60	5
60	133
60	79
60	17
60	88
60	3
60	75
60	146
60	94
60	14
60	87
60	141
60	121
60	65
60	20
60	64
60	18
60	143
60	63
60	83
60	66
60	45
60	7
60	134
60	26
60	100
60	106
60	84
60	101
60	112
60	61
60	38
60	119
60	55
60	124
60	90
60	140
60	93
60	31
60	123
61	16
61	1
61	145
61	31
61	133
61	30
61	17
61	98
61	136
61	91
61	146
61	110
61	144
61	92
61	34
61	39
61	25
61	74
61	134
61	77
61	79
61	85
61	115
61	49
61	132
61	142
61	78
61	35
61	81
61	126
61	80
61	65
61	88
61	47
61	15
61	96
61	95
61	101
61	97
61	38
61	72
61	53
61	3
61	60
61	82
61	23
61	139
61	52
61	94
61	51
61	24
61	86
61	20
61	114
61	70
61	131
61	37
61	44
61	26
61	116
61	36
61	84
61	29
61	107
61	71
61	66
61	8
61	90
61	124
61	89
61	18
61	13
61	127
61	46
61	14
61	4
61	41
61	75
61	105
62	113
62	110
62	78
62	49
62	106
62	31
62	16
62	34
62	107
62	109
62	95
62	45
62	131
62	8
62	24
62	39
62	81
62	10
62	1
62	133
62	80
62	92
62	65
62	55
62	66
62	123
62	114
62	26
62	142
62	75
62	38
62	73
62	146
62	108
62	115
62	13
62	89
62	149
62	83
62	41
62	29
62	60
62	25
62	48
62	44
62	90
62	28
62	14
62	21
62	30
62	88
62	40
62	3
62	91
62	82
62	53
62	35
62	134
62	64
62	94
62	77
62	96
62	130
62	116
62	18
62	104
62	11
62	85
62	136
62	139
62	36
62	100
62	46
62	102
62	132
63	38
63	78
63	66
63	95
63	55
63	104
63	90
63	16
63	106
63	49
63	115
63	24
63	86
63	39
63	110
63	80
63	44
63	108
63	73
63	26
63	149
63	13
63	81
63	143
63	101
63	142
63	113
63	37
63	34
63	89
63	144
63	139
63	41
63	91
63	25
63	136
63	15
63	20
63	133
63	132
63	29
63	10
63	82
63	92
63	84
63	5
63	87
63	42
63	36
63	75
63	70
63	47
63	131
63	137
63	146
63	59
63	35
63	109
63	60
63	18
63	130
63	1
63	31
63	76
63	61
63	30
63	124
63	94
63	27
63	12
63	128
63	77
63	68
63	83
63	134
63	107
63	45
63	85
63	96
63	71
63	54
63	58
63	88
63	93
63	123
63	46
63	57
64	97
64	55
64	25
64	78
64	29
64	38
64	49
64	16
64	133
64	73
64	95
64	24
64	39
64	20
64	90
64	92
64	139
64	45
64	80
64	10
64	143
64	50
64	60
64	23
64	116
64	98
64	34
64	149
64	18
64	87
64	142
64	66
64	148
64	42
64	134
64	3
64	79
64	115
64	131
64	15
64	68
64	89
64	59
64	13
64	41
64	106
64	65
64	125
64	76
64	136
64	140
64	44
64	8
65	103
65	63
65	129
65	141
65	69
65	113
65	130
65	32
65	136
65	13
66	50
66	111
66	99
66	27
66	47
66	53
66	28
66	22
66	125
66	20
66	42
66	56
66	14
66	120
66	78
66	73
66	62
66	16
66	49
66	95
66	29
66	146
66	24
66	83
66	68
66	124
66	39
66	51
66	80
66	4
66	139
66	127
67	58
67	24
67	107
67	131
67	98
67	134
67	21
67	139
67	36
67	10
67	39
67	29
67	95
67	74
67	75
67	70
67	133
67	14
67	66
67	57
67	8
67	80
67	13
67	132
67	115
67	113
67	128
67	136
67	77
67	34
67	16
67	78
67	38
67	44
67	88
67	42
67	110
67	92
67	83
67	60
67	20
67	35
67	112
67	49
67	94
67	30
67	11
67	41
67	55
67	126
67	51
67	116
67	90
67	147
67	61
67	118
67	130
67	23
67	125
67	89
67	46
68	60
68	78
68	133
68	130
68	17
68	57
68	24
68	29
68	136
68	16
68	101
68	73
68	23
68	80
68	45
68	110
68	35
68	41
69	95
69	39
69	34
69	29
69	110
69	82
69	18
69	81
69	78
69	107
69	60
69	10
69	49
69	13
69	101
69	144
69	104
69	24
69	41
69	1
69	139
69	115
69	80
69	146
69	131
69	31
69	142
69	16
69	37
69	25
69	148
69	92
69	38
69	26
69	94
69	75
69	136
69	143
69	35
69	73
69	113
69	135
69	45
69	109
69	36
69	91
69	30
69	89
69	133
69	76
69	132
69	88
69	100
69	8
69	106
69	79
69	47
69	68
69	55
69	21
69	140
69	46
69	130
69	19
69	114
69	43
69	66
69	134
69	57
69	12
69	90
69	93
69	83
69	137
69	44
69	117
70	49
70	136
70	133
70	25
70	115
70	29
70	23
70	30
70	131
70	21
70	109
70	85
70	78
70	86
70	95
70	24
70	13
70	75
70	89
70	1
70	138
70	73
70	38
70	98
70	134
70	26
70	12
70	39
70	142
70	87
70	34
70	80
70	110
70	149
70	104
70	74
70	14
70	107
70	143
70	36
70	3
70	139
70	113
70	5
70	65
70	96
70	41
70	123
70	146
70	18
70	126
70	16
70	37
70	45
70	47
70	31
70	44
70	122
70	92
70	60
70	130
70	102
70	81
70	54
70	59
70	66
70	10
70	15
70	28
70	99
70	105
70	63
70	19
70	94
70	17
70	68
70	132
70	61
70	91
70	116
70	88
70	83
71	74
71	54
71	95
71	34
71	58
71	102
71	12
71	117
71	142
71	110
71	92
71	133
71	40
71	107
71	39
71	135
71	60
71	113
71	78
71	42
71	84
71	49
71	35
71	79
71	115
71	8
71	96
71	136
71	143
71	114
71	29
71	126
71	24
71	94
71	1
71	36
71	21
71	48
71	90
71	77
71	41
71	101
71	149
71	131
71	104
71	38
71	13
71	130
71	116
71	132
71	66
71	28
71	47
71	30
71	70
71	10
71	75
71	23
72	14
72	94
72	88
72	98
72	8
72	95
72	89
72	113
72	49
72	55
72	34
72	39
72	60
72	75
72	109
72	133
72	29
72	21
72	108
72	131
72	48
72	66
72	41
72	107
72	115
72	132
72	137
72	85
72	47
72	80
72	81
72	15
72	104
72	10
72	92
72	25
72	79
72	142
72	110
72	31
72	7
72	74
72	19
72	38
72	123
72	126
72	35
72	146
72	13
72	91
72	78
72	26
72	143
72	65
72	45
72	58
72	97
72	76
72	24
72	130
72	70
72	36
72	16
72	68
72	20
72	3
72	124
72	96
72	6
72	149
72	139
72	37
72	73
72	71
72	1
72	59
72	40
72	23
72	67
72	114
72	100
72	12
72	77
72	144
72	90
72	51
72	18
72	136
72	30
72	101
72	128
72	106
72	102
72	5
72	117
72	28
72	11
72	140
72	121
72	118
72	82
72	64
72	134
72	87
72	147
72	53
72	63
72	61
72	99
72	125
72	116
72	112
72	83
72	57
72	69
72	105
72	84
73	83
73	62
73	99
73	14
73	50
73	27
73	111
73	120
73	28
73	146
73	95
73	13
73	124
73	78
73	129
73	53
73	56
73	49
73	60
73	22
73	92
73	55
73	81
73	75
73	102
73	142
73	8
73	91
73	112
73	107
73	4
73	114
73	5
73	23
73	108
74	88
74	62
74	56
74	14
74	6
74	137
74	135
74	69
74	10
74	133
74	131
74	115
74	19
74	117
74	34
74	108
74	24
74	142
74	29
74	104
74	89
74	146
74	120
74	111
74	30
74	110
74	91
74	136
74	95
74	32
74	109
74	121
74	81
74	92
74	52
74	41
74	83
74	39
74	82
74	63
74	1
74	129
74	85
74	99
74	70
74	73
74	139
74	80
74	7
74	53
74	17
74	145
74	78
74	13
74	84
74	12
74	55
74	54
74	67
74	60
74	50
74	66
74	3
74	23
74	42
74	36
74	87
74	94
74	132
74	16
74	38
74	103
74	102
75	24
75	115
75	26
75	14
75	110
75	74
75	49
75	36
75	39
75	131
75	1
75	94
75	73
75	34
75	86
75	20
75	96
75	59
75	44
75	132
75	37
75	68
75	116
75	87
75	91
75	30
75	130
75	142
75	80
75	97
75	119
75	13
75	15
75	100
75	66
75	8
75	78
75	47
75	149
75	88
75	40
75	29
75	41
75	112
75	84
75	113
75	146
75	3
75	16
75	99
75	79
75	25
75	107
75	89
75	5
75	98
75	134
75	137
75	71
75	114
75	35
75	23
75	106
75	65
75	139
75	144
75	43
75	109
75	145
75	93
75	129
75	55
75	81
75	4
75	92
75	118
75	46
75	147
75	18
75	22
75	27
75	56
75	136
76	14
76	115
76	49
76	26
76	77
76	145
76	110
76	113
76	91
76	79
76	138
76	119
76	39
76	37
76	131
76	34
76	42
76	132
76	66
76	1
76	142
76	59
76	107
76	29
76	87
76	5
76	128
76	24
76	139
76	16
76	149
76	133
76	96
76	130
76	136
76	41
76	65
76	36
76	38
76	71
76	20
76	93
76	81
76	73
76	51
76	146
76	80
76	23
76	83
77	131
77	31
77	82
77	42
77	34
77	115
77	64
77	121
77	52
77	88
77	139
77	25
77	95
77	41
77	78
77	126
77	39
77	7
77	102
77	29
77	110
77	104
77	11
77	80
77	108
77	49
77	1
77	24
77	94
77	145
77	13
77	73
77	92
77	18
77	65
77	60
77	66
77	36
77	91
77	118
77	136
77	47
77	146
77	26
77	45
77	133
77	130
77	142
77	81
77	12
77	125
77	109
77	114
77	28
77	6
77	143
77	147
77	116
78	115
78	14
78	131
78	57
78	25
78	149
78	44
78	65
78	20
78	116
78	3
78	134
78	97
78	15
78	132
78	74
78	98
78	29
78	34
78	1
78	146
78	28
78	8
78	87
78	143
78	52
78	38
78	144
78	39
78	99
78	60
78	48
78	35
78	95
78	142
78	55
78	47
78	77
78	92
78	84
78	86
78	124
78	122
78	138
78	16
78	49
78	50
78	145
78	21
78	100
78	119
78	63
78	40
78	123
78	37
78	129
78	113
78	32
78	107
78	68
78	45
78	27
78	13
78	9
78	130
78	127
78	41
78	19
78	69
78	80
78	103
78	83
78	43
78	66
78	36
78	62
78	23
78	128
78	10
78	56
78	139
78	5
78	46
78	109
78	141
78	42
78	114
78	120
78	26
78	117
78	24
78	30
78	31
78	64
78	136
78	75
78	102
78	2
78	111
78	93
78	133
78	18
78	101
78	4
78	73
78	81
78	90
78	51
78	22
79	38
79	92
79	41
79	95
79	115
79	88
79	8
79	20
79	74
79	13
79	6
79	60
79	113
79	117
79	29
79	51
79	102
79	68
79	81
79	136
79	110
79	133
79	18
79	25
79	35
79	114
79	107
79	26
79	34
79	78
79	54
79	7
79	10
79	16
79	142
79	80
79	118
79	75
79	71
79	130
79	36
79	31
79	134
79	148
79	131
79	144
79	66
79	90
79	141
79	30
79	106
79	49
79	21
79	109
79	1
79	58
79	39
79	24
79	135
79	104
79	139
79	137
79	76
79	91
79	27
79	94
79	146
79	119
79	47
79	143
79	73
79	12
79	98
79	89
79	44
79	132
79	121
79	149
79	46
79	11
79	128
79	14
79	140
79	85
79	96
79	55
79	70
79	82
79	15
79	19
79	123
79	61
79	147
79	77
79	5
79	126
79	125
79	64
79	99
79	108
79	23
79	145
79	100
79	97
79	45
79	65
79	116
79	112
79	37
79	59
79	57
79	138
79	40
79	124
80	39
80	115
80	131
80	136
80	67
80	133
80	65
80	34
80	146
80	149
80	77
80	58
80	8
80	97
80	116
80	40
80	103
80	87
80	142
80	100
80	3
80	98
80	134
80	20
80	15
80	36
80	145
80	86
80	84
80	52
80	44
80	132
80	112
80	94
80	113
80	24
80	41
80	37
80	74
80	91
80	144
80	25
80	71
80	95
80	68
80	122
80	48
80	60
80	55
80	78
80	114
80	79
80	107
80	73
80	99
80	5
80	29
80	21
80	92
80	27
80	43
80	14
80	45
80	138
80	141
80	18
80	128
80	56
80	119
80	35
80	101
80	16
80	4
80	23
80	70
80	93
81	29
81	55
81	68
81	115
81	42
81	85
81	66
81	25
81	70
81	49
81	15
81	11
81	133
81	130
81	20
81	39
81	74
81	35
81	8
81	131
81	16
81	57
81	78
81	87
81	3
81	65
81	126
81	41
81	19
81	80
81	37
81	98
81	47
81	139
81	110
81	95
81	97
81	116
81	75
81	17
81	51
81	125
81	123
81	28
81	14
81	13
81	36
81	94
81	86
81	129
81	128
81	61
81	23
81	147
81	45
81	100
81	83
81	73
81	92
81	142
81	24
81	106
81	118
81	88
81	34
81	146
81	43
81	46
81	136
81	27
81	145
81	21
81	5
81	30
81	60
81	124
81	99
81	107
81	89
81	59
81	104
81	18
81	2
81	149
81	38
81	132
81	141
81	93
81	119
81	50
81	52
81	22
81	90
81	4
81	53
81	72
82	97
82	41
82	139
82	75
82	24
82	34
82	145
82	100
82	52
82	116
82	91
82	107
82	61
82	14
82	17
82	25
82	1
82	114
82	74
82	66
82	146
82	36
82	16
82	132
82	42
82	125
82	94
82	29
82	115
82	39
82	130
82	80
82	147
82	8
82	73
82	78
82	51
82	70
82	133
82	3
82	131
82	118
82	44
82	15
82	88
82	83
82	30
82	95
82	46
82	110
82	18
82	55
83	95
83	1
83	132
83	49
83	133
83	136
83	78
83	128
83	80
83	23
83	39
83	16
83	107
83	38
83	29
83	41
83	13
83	130
83	19
83	94
83	67
83	30
83	131
83	139
83	36
83	7
83	64
83	73
83	88
83	15
83	147
83	3
83	115
83	25
83	110
83	52
83	98
83	35
83	96
83	126
83	61
83	24
83	97
83	66
83	37
83	85
83	26
83	28
83	51
83	92
83	42
83	18
83	89
83	113
83	55
83	108
83	90
83	102
83	142
83	71
83	40
83	101
83	60
83	34
83	53
83	91
83	116
83	75
83	14
83	47
83	81
83	140
83	143
83	87
83	84
83	46
83	68
84	111
84	105
84	16
84	127
84	13
84	75
84	27
84	42
84	144
84	95
84	146
84	148
84	131
84	92
84	28
84	9
84	102
84	29
85	115
85	15
85	59
85	92
85	17
85	110
85	1
85	132
85	21
85	37
85	143
85	100
85	142
85	98
85	26
85	39
85	7
85	96
85	25
85	49
85	77
85	34
85	114
85	20
85	44
85	81
85	31
85	87
85	48
85	8
85	40
85	134
85	16
85	70
85	52
85	131
85	121
85	88
85	14
85	72
85	91
85	75
85	141
85	149
85	65
85	102
85	74
85	58
85	24
85	29
85	66
85	41
85	61
85	146
85	93
85	68
85	127
85	82
85	30
85	133
85	113
85	51
85	116
85	147
85	83
85	55
85	4
86	109
86	88
86	20
86	6
86	107
86	18
86	39
86	95
86	137
86	136
86	29
86	98
86	60
86	113
86	27
86	37
86	121
86	8
86	34
86	89
86	147
86	110
86	128
86	92
86	13
86	115
86	31
86	96
86	41
86	55
86	78
86	49
86	80
86	25
86	149
86	106
86	1
86	117
86	44
86	138
86	131
86	114
86	74
86	79
86	119
86	21
86	75
86	134
86	36
86	38
86	81
86	73
86	104
86	40
86	143
86	26
86	66
86	85
86	133
86	68
86	142
86	15
86	94
86	24
86	14
86	93
87	103
87	63
87	69
87	129
87	141
87	64
87	8
87	78
87	76
87	58
87	18
87	32
87	95
87	107
87	130
87	28
87	49
87	92
87	80
88	133
88	136
88	31
88	49
88	29
88	142
88	101
88	60
88	66
88	96
88	30
88	37
88	98
88	41
88	55
88	51
88	75
88	95
88	110
88	53
88	39
88	14
88	114
88	64
88	72
88	78
88	25
88	121
88	107
88	144
88	92
88	85
88	77
88	131
88	15
88	81
88	23
88	115
88	80
88	1
88	89
88	26
88	13
88	11
88	16
88	132
88	86
88	82
88	74
88	91
88	119
88	35
88	70
88	79
88	3
88	97
88	7
88	34
88	20
88	19
88	18
88	147
88	61
88	125
88	42
88	139
88	24
88	140
88	65
88	17
88	145
88	141
88	59
88	27
88	116
88	36
88	90
88	68
88	83
88	57
88	146
88	143
88	2
88	8
88	134
88	5
88	100
88	47
88	46
88	94
88	149
88	73
88	87
88	58
88	43
88	130
88	45
88	138
88	103
88	93
88	118
88	56
88	106
88	105
88	148
88	99
88	28
89	48
89	88
89	24
89	126
89	131
89	139
89	115
89	125
89	36
89	147
89	42
89	61
89	144
89	95
89	60
89	15
89	20
89	92
89	145
89	141
89	73
89	130
89	39
89	78
89	28
89	133
89	98
89	34
89	25
89	116
89	90
89	13
89	94
89	51
89	41
89	44
89	74
89	128
89	87
89	29
89	1
89	3
89	17
89	136
89	80
89	23
89	45
89	5
89	134
89	143
89	97
89	43
89	83
89	132
89	8
89	68
89	112
89	118
89	16
89	77
89	146
89	113
89	75
89	142
89	18
89	38
89	57
89	65
89	149
89	107
89	124
89	59
89	70
89	49
89	66
89	47
89	14
89	37
89	19
89	84
89	30
89	81
89	140
90	136
90	140
90	29
90	110
90	80
90	78
90	36
90	114
90	16
90	59
90	2
90	24
90	73
90	87
90	139
90	103
90	144
90	94
90	30
90	39
90	13
90	130
90	83
90	108
90	20
90	91
90	41
90	25
90	35
90	131
90	75
90	60
90	115
90	28
90	34
90	81
90	107
90	133
90	113
90	149
90	15
90	3
90	1
90	38
90	8
90	84
90	106
90	49
90	66
90	48
90	126
90	100
90	142
90	98
90	68
90	132
90	146
90	63
90	44
90	93
90	118
90	67
90	92
90	124
90	88
90	97
90	46
90	55
91	26
91	1
91	96
91	34
91	39
91	37
91	49
91	115
91	110
91	132
91	142
91	146
91	138
91	71
91	25
91	131
91	59
91	65
91	119
91	94
91	92
91	124
91	11
91	74
91	107
91	79
91	3
91	36
91	5
91	24
91	134
91	15
91	98
91	55
91	77
91	87
91	20
91	14
91	44
91	72
91	141
91	48
91	149
91	40
91	68
91	53
91	47
91	29
91	84
91	116
91	104
91	114
91	100
91	93
91	17
91	4
92	51
92	40
92	39
92	109
92	102
92	104
92	34
92	21
92	8
92	48
92	131
92	107
92	76
92	42
92	128
92	115
92	77
92	132
92	113
92	29
92	12
92	108
92	142
92	125
92	121
92	28
92	87
92	126
92	15
92	74
92	145
92	20
92	13
92	41
92	7
92	35
92	95
92	16
92	88
92	136
92	82
92	6
92	17
92	70
92	141
92	49
92	133
92	78
92	45
92	64
92	47
92	67
92	110
92	1
92	18
92	94
92	135
92	130
92	53
93	4
93	60
93	55
93	8
93	109
93	6
93	95
93	88
93	113
93	10
93	74
93	36
93	81
93	115
93	107
93	53
93	110
93	39
93	34
93	139
93	114
93	132
93	35
93	80
93	49
93	78
93	137
93	47
93	92
93	136
93	13
93	26
93	85
93	27
93	37
93	46
93	38
93	41
93	29
93	66
93	58
93	146
93	143
93	82
93	73
93	25
93	91
93	15
93	128
93	17
93	89
93	131
93	130
93	30
93	16
93	18
93	140
93	117
93	133
93	83
93	142
93	108
93	94
93	147
93	20
93	96
94	32
94	78
94	103
94	24
94	69
94	10
94	124
94	63
94	95
94	33
94	41
94	141
94	130
94	60
94	129
94	113
94	107
94	29
94	80
94	16
94	73
94	75
94	13
94	88
94	19
94	139
94	64
94	90
94	65
94	106
94	136
94	46
94	85
94	81
94	147
94	45
94	131
94	28
94	49
94	110
94	30
94	104
94	92
94	114
94	132
94	101
94	26
94	133
95	131
95	115
95	14
95	49
95	136
95	100
95	133
95	24
95	34
95	39
95	29
95	80
95	149
95	130
95	60
95	146
95	31
95	78
95	73
95	87
95	107
95	26
95	142
95	41
95	8
95	96
95	110
95	19
95	1
95	134
95	37
95	20
95	85
95	30
95	44
95	36
95	23
95	116
95	94
95	97
95	82
95	25
95	143
95	3
95	74
95	16
95	139
95	55
95	113
95	66
95	54
95	57
95	56
95	88
95	40
95	13
95	68
95	58
95	106
95	59
95	91
95	101
95	98
95	92
95	75
95	71
95	109
95	132
95	35
95	46
95	144
95	147
95	89
95	135
95	84
95	86
95	15
95	140
95	77
95	65
95	61
95	79
95	138
95	124
95	122
95	145
95	38
95	70
95	18
95	45
95	28
95	7
95	114
95	119
95	47
95	118
95	141
95	123
95	137
95	83
95	104
95	27
95	81
95	126
95	12
95	11
95	112
95	48
95	117
95	42
95	99
95	121
95	125
95	21
95	5
95	50
95	10
95	128
95	148
95	43
95	52
95	105
95	120
95	102
95	64
95	67
95	63
95	93
95	33
95	53
95	76
95	4
95	51
95	90
95	108
96	41
96	131
96	58
96	29
96	13
96	51
96	74
96	130
96	66
96	123
96	39
96	24
96	68
96	70
96	35
96	34
96	73
96	65
96	78
96	98
96	47
96	19
96	115
96	36
96	3
96	95
96	84
96	80
96	149
97	95
97	55
97	18
97	94
97	1
97	49
97	80
97	149
97	128
97	17
97	34
97	42
97	96
97	118
97	24
97	39
97	146
97	29
97	68
97	26
97	123
97	78
97	13
97	16
97	124
97	110
97	60
97	98
97	41
97	85
97	38
97	134
97	66
97	40
97	141
97	3
97	136
97	130
97	47
97	45
97	75
97	139
97	119
97	73
97	25
97	36
97	133
97	131
97	35
97	8
97	90
97	144
97	72
97	115
97	142
97	61
97	147
97	140
97	15
97	143
97	92
97	114
97	64
97	145
97	106
97	104
97	107
97	71
97	30
97	79
97	7
97	81
97	132
97	101
97	76
97	65
97	125
97	74
97	11
97	19
97	53
97	27
97	77
97	113
97	57
97	2
97	100
97	59
97	5
97	99
97	102
97	91
97	82
97	69
97	43
97	111
97	84
97	54
97	46
97	88
97	89
97	87
97	70
97	28
97	31
97	23
97	116
97	120
97	93
97	56
97	37
98	53
98	56
98	111
98	27
98	129
98	120
98	62
98	22
98	14
98	81
98	42
98	99
98	55
98	80
98	95
98	113
98	83
98	79
98	26
98	38
98	39
98	50
98	29
98	96
99	78
99	16
99	24
99	117
99	60
99	115
99	107
99	130
99	133
99	73
99	41
99	44
99	75
99	113
99	95
99	131
99	19
99	139
99	96
99	88
99	80
99	132
99	47
99	38
99	39
99	110
99	81
99	116
99	92
99	11
99	21
99	10
99	98
99	49
99	15
99	8
99	26
99	5
99	136
99	31
99	55
99	29
99	74
99	149
99	54
99	37
99	147
99	102
99	77
99	6
99	76
99	18
99	108
99	1
99	85
99	48
99	25
99	146
99	13
99	114
99	137
99	94
99	46
99	34
99	91
99	70
99	109
99	89
99	90
99	59
99	66
99	82
99	35
99	20
99	45
99	104
99	23
99	30
99	143
99	135
99	118
99	87
99	121
99	124
99	72
99	64
99	128
99	28
99	93
100	109
100	10
100	131
100	1
100	75
100	133
100	114
100	40
100	92
100	77
100	95
100	19
100	136
100	115
100	94
100	13
100	49
100	110
100	38
100	130
100	36
100	149
100	21
100	39
100	66
100	142
100	34
100	16
100	30
100	108
100	41
100	134
100	59
100	135
100	78
100	132
100	8
100	5
100	143
100	31
100	18
100	14
100	61
100	81
100	80
100	26
100	113
100	48
100	107
100	85
100	106
100	124
100	118
100	46
100	98
100	147
100	35
100	29
100	96
100	90
100	87
100	146
100	73
100	88
100	70
100	140
100	20
100	74
100	68
100	139
100	37
100	93
100	104
100	97
100	55
100	138
100	117
100	47
100	83
100	116
101	113
101	1
101	142
101	49
101	81
101	102
101	10
101	132
101	37
101	34
101	14
101	26
101	137
101	138
101	119
101	117
101	59
101	39
101	110
101	115
101	131
101	96
101	94
101	36
101	107
101	40
101	17
101	8
101	145
101	15
101	98
101	104
101	71
101	5
101	95
101	106
101	84
101	100
101	74
101	54
101	77
101	3
101	92
101	43
101	141
101	114
101	25
101	65
101	12
101	58
101	149
101	44
101	79
101	24
101	109
101	144
101	93
101	134
101	78
101	4
102	66
102	42
102	118
102	139
102	57
102	34
102	13
102	112
102	41
102	25
102	78
102	127
102	24
102	51
102	75
102	23
102	126
102	80
102	130
102	133
102	134
102	71
102	74
102	16
102	28
102	73
102	29
102	125
102	84
102	143
102	149
102	45
102	47
102	110
102	131
102	26
102	15
102	88
102	39
102	46
102	27
102	94
102	65
102	18
102	136
102	115
102	95
102	145
102	91
102	147
102	96
102	89
102	53
102	1
102	36
102	20
102	9
102	101
102	35
102	3
102	98
102	49
102	141
102	38
102	44
102	61
102	123
102	17
102	83
102	105
102	144
102	19
102	70
102	30
103	78
103	95
103	117
103	14
103	6
103	142
103	113
103	133
103	85
103	19
103	96
103	39
103	24
103	37
103	49
103	134
103	16
103	31
103	10
103	109
103	61
103	139
103	29
103	48
103	55
103	73
103	13
103	80
103	92
103	38
103	104
103	75
103	110
103	131
103	8
103	18
103	88
103	60
103	21
103	57
103	94
103	87
103	59
103	89
103	30
103	12
103	26
103	107
103	54
103	15
103	66
103	34
103	115
103	118
103	136
103	35
103	147
103	106
103	128
103	11
103	132
103	81
103	41
103	65
103	137
103	74
103	114
103	102
103	3
103	44
103	90
103	25
103	46
103	1
103	93
103	101
103	140
103	20
104	28
104	13
104	98
104	15
104	3
104	125
104	30
104	75
104	45
104	94
104	36
104	48
104	131
104	42
104	78
104	139
104	29
104	79
104	80
104	130
104	35
104	70
104	110
104	126
104	146
104	16
104	73
104	39
104	115
104	19
104	25
104	95
104	90
104	66
104	46
104	92
104	41
104	68
104	129
104	88
104	57
104	74
104	8
104	142
104	128
104	14
104	20
104	83
104	87
104	47
104	89
104	106
104	133
104	136
104	65
104	37
104	147
104	99
104	118
104	17
104	100
105	25
105	95
105	37
105	143
105	128
105	113
105	29
105	90
105	80
105	82
105	102
105	136
105	16
105	19
105	76
105	133
105	107
105	138
105	34
105	142
105	12
105	110
105	78
105	24
105	49
105	139
105	106
105	60
105	39
105	46
105	13
105	66
105	38
105	1
105	18
105	81
105	70
105	98
105	26
105	35
105	73
105	84
105	30
105	75
105	8
105	21
105	132
105	115
105	54
105	3
105	96
105	88
105	41
105	44
105	131
105	61
105	123
105	124
105	20
105	77
105	114
105	92
105	83
105	118
105	55
106	131
106	133
106	34
106	142
106	39
106	136
106	115
106	94
106	97
106	8
106	100
106	20
106	84
106	44
106	59
106	112
106	71
106	107
106	25
106	37
106	74
106	15
106	36
106	16
106	146
106	48
106	65
106	101
106	49
106	29
106	21
106	24
106	116
106	75
106	3
106	134
106	87
106	92
106	41
106	83
106	93
106	67
106	132
106	98
106	78
106	90
106	110
107	41
107	95
107	123
107	117
107	81
107	26
107	58
107	10
107	13
107	49
107	78
107	136
107	67
107	139
107	125
107	29
107	45
107	28
107	24
107	87
107	15
107	66
107	76
107	39
107	47
107	83
107	55
107	35
107	80
107	118
107	16
107	131
107	38
107	70
107	34
107	149
107	143
107	75
107	142
107	133
107	114
107	18
107	23
107	42
107	130
107	115
107	91
107	73
107	44
107	37
107	51
107	104
107	1
107	90
107	11
107	36
108	95
108	139
108	115
108	74
108	39
108	73
108	131
108	29
108	23
108	42
108	147
108	17
108	36
108	13
108	66
108	144
108	80
108	16
108	75
108	94
108	24
108	110
108	125
108	130
108	30
108	78
108	68
108	47
108	19
108	37
108	98
108	41
108	15
108	133
108	136
108	28
108	146
108	14
108	65
108	83
108	118
108	96
108	126
108	45
108	38
108	57
108	46
108	3
108	107
108	8
108	35
108	34
108	116
108	145
108	4
108	128
108	70
108	140
108	51
109	39
109	70
109	28
109	130
109	36
109	95
109	94
109	139
109	78
109	66
109	57
109	147
109	41
109	26
109	80
109	13
109	49
109	115
109	131
109	126
109	125
109	11
109	20
109	42
109	128
109	129
109	29
109	87
109	45
109	75
109	8
109	16
109	98
109	74
109	99
109	30
109	56
109	68
109	17
109	25
109	143
109	35
109	34
109	18
109	47
109	83
109	146
109	37
109	88
109	119
110	142
110	121
110	8
110	77
110	48
110	92
110	39
110	115
110	40
110	21
110	133
110	35
110	145
110	82
110	131
110	51
110	114
110	29
110	7
110	147
110	17
110	95
110	52
110	34
110	37
110	36
110	45
110	49
110	42
110	80
110	74
110	47
110	98
110	78
110	104
110	44
110	73
110	126
110	68
110	25
110	130
110	144
110	106
110	87
110	79
110	19
110	13
110	41
110	94
110	88
110	53
110	38
110	76
110	116
110	129
110	134
110	58
110	139
110	43
110	72
110	27
110	91
110	65
110	67
110	75
110	146
110	24
110	23
110	83
110	66
110	84
110	64
110	3
110	149
110	96
110	15
110	16
110	123
110	50
110	26
110	70
110	122
110	55
110	100
110	18
110	56
110	30
110	124
110	20
111	78
111	81
111	57
111	133
111	143
111	29
111	95
111	114
111	16
111	13
111	60
111	24
111	101
111	47
111	73
111	38
111	49
111	104
111	23
111	136
111	80
111	92
111	18
111	138
111	59
111	55
111	34
111	132
111	41
111	109
111	39
111	128
111	44
111	1
111	142
111	110
111	146
111	113
111	119
111	25
111	66
111	26
111	108
111	139
111	35
111	106
111	130
111	42
111	30
111	131
111	64
111	37
111	85
111	75
111	19
111	115
111	10
111	36
111	141
111	82
111	90
111	61
111	91
111	123
111	94
111	54
111	14
111	149
111	102
111	12
111	124
111	134
111	70
111	88
111	46
111	118
111	140
111	28
111	45
111	77
111	97
111	145
111	3
111	107
111	89
112	74
112	95
112	136
112	133
112	13
112	26
112	49
112	88
112	80
112	29
112	132
112	149
112	34
112	92
112	16
112	78
112	24
112	12
112	35
112	118
112	60
112	147
112	39
112	66
112	75
112	128
112	41
112	110
112	115
112	94
112	38
112	73
112	85
112	139
112	113
112	107
112	55
112	1
112	18
112	36
112	143
112	106
112	131
112	130
112	146
112	23
112	144
112	47
112	20
112	31
112	114
112	84
112	10
112	142
112	117
112	91
112	25
112	125
112	45
112	44
112	3
112	37
112	134
112	28
112	89
112	104
112	102
112	59
112	137
112	65
112	111
112	76
112	145
112	98
112	81
112	87
112	96
112	101
112	30
112	124
112	93
112	135
112	46
112	17
112	68
112	8
112	14
112	123
113	66
113	41
113	130
113	102
113	135
113	109
113	13
113	57
113	125
113	52
113	29
113	95
113	94
113	78
113	39
113	49
113	34
113	139
113	42
113	104
113	126
113	131
113	23
113	47
113	149
113	143
113	16
113	88
113	45
113	36
113	35
113	108
113	24
113	128
113	80
113	120
113	51
113	73
113	48
113	121
113	26
113	75
113	115
113	98
113	110
113	19
113	133
113	25
113	90
113	30
113	101
113	28
113	14
113	91
113	12
113	18
113	46
113	38
113	145
113	8
113	136
113	123
113	112
113	64
114	10
114	137
114	58
114	81
114	41
114	117
114	54
114	89
114	19
114	125
114	78
114	134
114	128
114	42
114	145
114	136
114	48
114	16
114	28
114	1
114	141
114	67
114	37
114	39
114	29
114	133
114	49
114	15
115	2
115	95
115	72
115	36
115	33
115	94
115	59
115	137
115	89
115	42
115	35
115	78
115	80
115	49
115	58
115	117
115	54
115	28
115	19
115	124
115	29
115	66
115	131
115	125
115	73
115	81
115	13
115	139
115	41
115	75
115	133
115	146
115	24
115	130
115	45
115	16
115	96
115	147
115	143
115	67
115	98
115	1
115	68
115	38
115	34
115	37
115	116
115	142
115	46
115	149
115	26
115	92
115	91
115	76
115	48
115	118
115	136
115	88
115	60
115	47
115	110
115	107
115	128
115	79
115	108
115	114
115	40
115	39
116	21
116	38
116	110
116	95
116	30
116	34
116	60
116	55
116	61
116	128
116	124
116	131
116	94
116	29
116	16
116	73
116	36
116	98
116	147
116	65
116	24
116	133
116	13
116	15
116	107
116	75
116	39
116	91
116	66
116	80
116	26
116	3
116	101
116	49
116	18
116	17
116	115
116	89
116	92
116	97
116	78
116	139
116	96
116	130
116	51
116	64
116	41
116	146
116	1
116	84
116	25
116	86
116	134
116	142
116	149
116	35
116	132
116	76
116	53
116	136
116	68
116	5
116	48
116	143
116	10
116	85
116	72
116	145
116	144
116	45
116	122
116	46
116	11
116	71
116	14
116	74
116	82
116	121
116	102
116	104
116	106
116	114
116	126
116	63
116	88
116	81
116	31
116	44
116	12
116	77
116	112
116	47
116	59
116	140
116	37
116	113
116	108
116	127
116	90
116	8
116	23
116	20
116	40
116	87
116	93
117	149
117	13
117	130
117	139
117	11
117	30
117	42
117	29
117	75
117	49
117	80
117	23
117	34
117	19
117	66
117	47
117	41
117	115
117	78
117	16
117	95
117	24
117	118
117	36
117	26
117	57
117	84
117	46
117	70
117	28
117	27
117	123
117	113
117	125
117	88
117	44
117	35
117	133
117	94
117	126
117	134
117	20
117	131
117	73
117	141
117	119
117	112
117	39
118	24
118	39
118	87
118	115
118	36
118	65
118	131
118	34
118	84
118	134
118	98
118	8
118	44
118	144
118	112
118	146
118	97
118	94
118	3
118	68
118	37
118	116
118	20
118	74
118	15
118	25
119	38
119	18
119	107
119	113
119	88
119	95
119	110
119	1
119	6
119	41
119	29
119	23
119	34
119	13
119	10
119	7
119	131
119	8
119	137
119	114
119	85
119	20
119	31
119	74
119	109
119	115
119	26
119	49
119	80
119	60
119	139
119	116
119	130
119	73
119	55
119	143
119	144
119	24
119	39
119	35
119	146
119	92
119	78
119	75
119	106
119	87
119	66
119	82
119	70
119	132
119	98
119	133
119	30
119	47
119	19
119	134
119	2
119	22
119	149
119	21
119	136
119	46
119	58
119	15
119	101
119	44
119	45
119	89
119	142
119	135
119	25
119	138
119	54
119	124
119	36
120	95
120	49
120	73
120	114
120	68
120	136
120	29
120	13
120	110
120	8
120	75
120	116
120	28
120	142
120	60
120	34
120	23
120	80
120	78
120	81
120	70
120	113
120	10
120	85
120	25
120	18
120	1
120	132
120	31
120	107
120	14
120	36
120	137
120	26
120	139
120	92
120	35
120	108
120	133
120	24
120	51
120	66
120	41
120	146
120	130
120	131
120	89
120	101
120	16
120	39
120	38
120	77
120	109
120	19
120	54
120	46
120	147
120	48
120	15
120	134
120	86
120	144
120	87
120	123
120	6
120	88
120	104
120	30
120	47
120	55
120	141
120	124
120	117
120	45
120	21
120	118
120	44
120	76
120	135
120	149
120	115
120	96
120	74
120	69
120	91
120	128
120	3
120	59
120	58
120	102
120	98
120	65
120	12
120	140
120	90
120	94
120	71
120	40
120	143
120	83
120	148
120	106
121	146
121	116
121	25
121	29
121	39
121	131
121	23
121	78
121	73
121	132
121	28
121	125
121	80
121	66
121	24
121	95
121	34
121	75
121	115
121	41
121	142
121	1
121	8
121	36
121	130
121	111
121	76
121	42
121	74
121	17
121	13
121	144
121	15
121	3
121	134
121	48
121	20
121	44
121	94
121	133
121	128
121	46
121	118
121	89
121	55
121	147
121	110
121	87
121	65
121	16
121	57
121	139
121	97
122	95
122	88
122	107
122	10
122	109
122	131
122	34
122	8
122	6
122	47
122	1
122	81
122	128
122	139
122	16
122	25
122	143
122	75
122	123
122	92
122	29
122	55
122	38
122	39
122	78
122	13
122	66
122	113
122	45
122	135
122	49
122	80
122	101
122	35
122	26
122	133
122	115
122	59
122	89
122	60
122	110
122	48
122	18
122	70
122	46
122	117
122	100
122	27
122	106
122	124
122	24
122	41
122	136
122	118
122	58
122	147
122	137
122	102
122	98
122	20
122	146
122	12
122	104
122	132
122	130
122	31
122	71
122	142
122	36
122	87
122	21
122	54
122	73
122	19
122	44
122	94
122	114
122	7
122	149
122	148
122	23
122	116
122	86
122	37
122	79
122	91
123	115
123	39
123	15
123	97
123	34
123	131
123	134
123	65
123	3
123	132
123	112
123	44
123	98
123	116
123	20
123	37
123	86
123	36
123	138
123	142
123	95
123	14
123	25
123	8
123	68
123	94
123	16
123	66
123	29
123	84
123	143
123	60
123	5
123	71
123	146
123	74
123	149
123	87
123	41
123	102
123	24
123	78
123	43
123	93
124	50
124	36
124	29
124	41
124	94
124	114
124	78
124	115
124	95
124	133
124	34
124	131
124	110
124	2
124	60
124	55
124	3
124	49
124	19
124	16
124	10
124	146
124	80
124	13
124	66
124	139
124	136
124	101
124	142
124	39
124	128
124	62
124	47
124	71
124	48
124	106
124	38
124	87
124	15
124	149
124	75
124	84
124	130
124	25
124	134
124	20
124	23
124	72
124	1
124	45
124	28
124	63
124	37
124	24
124	31
124	88
124	18
124	113
124	73
124	91
124	116
124	65
124	35
124	14
124	107
124	98
124	44
124	81
124	126
124	30
124	67
124	57
124	74
124	143
124	68
124	92
124	111
124	99
124	26
124	104
124	89
124	137
124	42
124	93
124	4
124	70
124	140
124	96
124	90
124	97
124	51
124	5
124	132
124	17
124	147
124	53
124	54
124	141
124	118
124	58
124	109
124	144
124	46
125	16
125	95
125	78
125	39
125	131
125	110
125	34
125	29
125	30
125	38
125	136
125	133
125	66
125	123
125	139
125	36
125	45
125	115
125	97
125	25
125	84
125	13
125	65
125	119
125	132
125	35
125	91
125	80
125	47
125	24
125	41
125	75
125	14
125	1
125	87
125	55
125	130
125	15
125	113
125	143
125	3
125	94
125	44
125	73
125	98
125	60
125	142
125	134
125	149
125	21
125	23
125	18
125	58
125	49
125	106
125	51
125	57
125	48
125	8
125	92
125	20
125	64
125	128
125	126
125	100
125	70
125	114
125	146
125	79
125	6
125	59
125	107
125	68
125	74
125	71
125	89
125	37
125	52
125	31
125	7
125	26
125	82
125	88
125	118
125	46
125	140
125	112
125	4
125	101
125	81
126	95
126	100
126	131
126	115
126	20
126	85
126	36
126	29
126	25
126	11
126	114
126	80
126	15
126	16
126	73
126	41
126	19
126	34
126	42
126	24
126	39
126	75
126	70
126	78
126	94
126	139
126	13
126	149
126	125
126	35
126	49
126	45
126	23
126	110
126	104
126	79
126	8
126	52
126	143
126	66
126	81
126	92
126	133
126	87
126	118
126	59
126	37
126	146
126	76
126	57
126	5
126	31
126	84
126	91
126	44
126	99
126	38
126	72
126	116
126	144
126	130
126	98
126	65
126	28
126	128
126	18
126	68
126	55
126	60
126	88
126	47
126	132
126	26
126	97
126	71
126	142
126	74
126	145
126	134
126	3
126	147
126	46
126	27
126	51
126	53
126	83
126	96
126	136
126	106
127	110
127	78
127	95
127	80
127	16
127	39
127	130
127	24
127	29
127	60
127	8
127	49
127	20
127	132
127	92
127	102
127	7
127	26
127	133
127	115
127	18
127	27
127	98
127	41
127	107
127	13
127	94
127	84
127	3
127	34
127	131
127	47
127	142
127	75
127	1
127	36
127	90
127	74
127	113
127	55
127	66
127	139
127	87
127	114
127	118
127	144
127	73
127	148
127	117
127	109
127	38
127	76
127	128
127	112
127	149
127	44
127	134
127	25
127	35
127	140
127	136
127	85
127	30
127	23
127	46
127	96
127	83
127	106
127	40
127	68
127	143
128	19
128	36
128	91
128	116
128	41
128	39
128	16
128	124
128	78
128	29
128	131
128	97
128	15
128	3
128	115
128	20
128	87
128	103
128	139
128	34
128	123
128	13
128	80
128	94
128	113
128	144
128	24
128	27
128	83
128	28
128	2
128	134
128	73
128	106
128	35
128	25
128	98
128	92
128	145
128	8
128	126
128	129
128	23
128	56
128	45
128	66
128	50
128	38
128	105
128	112
128	84
128	142
128	68
128	44
128	146
128	95
128	74
128	60
128	101
128	130
128	93
128	132
128	9
128	110
128	118
128	141
129	95
129	13
129	16
129	49
129	26
129	18
129	41
129	68
129	104
129	24
129	39
129	74
129	90
129	59
129	78
129	92
129	85
129	36
129	80
129	113
129	55
129	73
129	38
129	130
129	1
129	11
129	96
129	131
129	142
129	61
129	34
129	81
129	94
129	146
129	29
129	107
129	147
129	47
129	21
129	37
129	110
129	128
129	35
129	66
129	45
129	139
129	101
129	48
129	77
129	60
129	44
129	114
129	133
129	132
129	89
129	23
129	31
129	30
129	27
129	8
129	136
129	70
129	108
129	83
129	124
129	117
129	25
129	75
129	115
130	131
130	34
130	39
130	149
130	146
130	115
130	15
130	97
130	20
130	8
130	37
130	84
130	95
130	87
130	116
130	98
130	132
130	44
130	138
130	65
130	94
130	60
130	24
130	112
130	134
130	3
130	36
130	25
130	73
130	74
130	142
130	78
130	68
130	71
130	144
130	122
130	119
130	79
130	5
130	43
130	32
130	14
130	86
130	16
130	93
130	145
130	4
131	32
131	103
131	74
131	69
131	63
131	29
131	95
131	10
131	28
131	124
131	129
131	8
131	75
131	64
131	38
131	66
131	35
131	47
131	73
131	52
131	78
131	80
131	115
131	39
131	104
131	90
131	141
131	139
131	13
131	82
131	61
131	110
131	17
131	41
131	121
131	116
131	81
131	130
131	18
131	24
131	16
131	94
131	87
131	136
131	70
131	109
131	60
131	1
131	143
131	114
131	126
131	89
131	92
131	113
131	49
131	37
131	133
131	34
131	42
131	7
131	76
131	118
131	101
131	107
131	19
131	12
131	88
131	146
131	85
131	91
131	26
131	149
131	123
131	132
131	59
131	83
131	21
131	43
132	80
132	94
132	36
132	92
132	34
132	40
132	89
132	131
132	98
132	78
132	38
132	95
132	13
132	19
132	48
132	39
132	51
132	42
132	144
132	86
132	41
132	142
132	139
132	74
132	108
132	81
132	116
132	29
132	115
132	8
132	137
132	134
132	97
132	114
132	113
132	55
132	14
132	31
132	73
132	118
132	88
132	52
132	149
132	126
132	25
132	133
132	90
132	24
132	82
132	145
132	136
132	58
132	35
132	54
132	75
132	121
132	146
132	130
132	60
132	66
132	143
132	47
132	16
132	18
132	17
132	147
132	85
132	102
132	26
132	1
132	123
132	135
132	61
132	59
132	44
132	15
132	49
132	87
132	57
132	106
132	28
132	72
132	91
132	70
132	110
132	10
132	79
132	27
132	53
132	45
132	93
132	84
132	67
132	23
132	37
132	100
132	56
132	125
132	124
132	140
132	127
132	30
132	83
133	131
133	34
133	39
133	100
133	25
133	24
133	115
133	146
133	8
133	142
133	110
133	1
133	14
133	96
133	78
133	102
133	132
133	98
133	55
133	30
133	20
133	77
133	134
133	3
133	15
133	44
133	76
133	86
133	149
133	35
133	40
133	74
133	116
133	68
133	21
133	138
133	97
133	87
133	65
133	107
133	13
133	119
133	31
133	92
133	141
133	82
133	73
133	48
133	128
133	113
133	84
133	108
133	104
133	29
133	16
133	114
133	130
133	88
133	5
133	145
133	144
133	52
133	42
133	57
133	122
133	126
133	46
133	121
133	80
133	7
133	99
133	43
133	12
133	61
133	95
133	36
133	93
133	49
133	10
133	91
133	75
133	137
133	140
133	4
133	106
133	143
133	41
133	47
133	124
133	28
133	38
134	1
134	27
134	144
134	127
134	42
134	105
134	113
134	13
134	95
134	148
134	28
134	83
134	45
134	78
134	26
134	118
134	104
134	139
134	149
134	48
134	117
135	115
135	51
135	101
135	29
135	55
135	133
135	132
135	81
135	11
135	138
135	1
135	30
135	70
135	39
135	85
135	143
135	136
135	110
135	79
135	60
135	134
135	31
135	49
135	34
135	59
135	131
135	26
135	46
135	66
135	114
135	92
135	17
135	140
135	23
135	82
135	15
135	5
135	74
135	98
135	142
135	105
135	14
135	7
135	89
135	53
135	25
135	139
135	41
135	80
135	19
135	149
135	3
135	35
135	145
135	95
135	113
135	100
135	121
135	8
135	93
135	103
135	148
135	94
136	49
136	37
136	26
136	41
136	71
136	29
136	54
136	81
136	59
136	70
136	36
136	79
136	112
136	94
136	89
136	58
136	106
136	137
136	66
136	34
136	139
136	23
136	10
136	74
136	19
136	11
136	109
136	39
137	24
137	126
137	42
137	125
137	94
137	88
137	147
137	95
137	46
137	36
137	144
137	73
137	29
137	34
137	13
137	118
137	51
137	130
137	139
137	57
137	41
137	80
137	28
137	78
137	141
137	49
137	45
137	145
137	39
137	70
137	66
137	131
137	115
137	37
137	44
137	87
137	23
137	16
137	133
137	79
137	47
137	26
137	20
137	83
137	128
137	65
137	75
137	19
137	146
137	136
137	35
138	41
138	86
138	95
138	29
138	28
138	134
138	6
138	109
138	114
138	89
138	146
138	10
138	49
138	137
138	60
138	74
138	8
138	59
138	96
138	13
138	88
138	110
138	73
138	144
138	115
138	38
138	113
138	107
138	101
138	92
138	91
138	98
138	14
138	117
138	7
138	40
138	66
138	80
138	133
138	15
138	39
138	31
138	34
138	81
138	130
138	44
138	24
138	106
138	132
138	131
138	135
138	27
138	75
138	94
138	20
138	16
138	147
138	2
138	68
139	34
139	131
139	115
139	14
139	97
139	44
139	112
139	8
139	20
139	142
139	149
139	146
139	116
139	78
139	39
139	98
139	36
139	24
139	132
139	3
139	37
139	84
139	138
139	74
139	87
139	86
139	136
139	25
139	94
139	95
139	73
139	15
139	100
139	119
139	79
139	144
139	68
139	71
139	134
139	60
139	122
139	65
139	16
139	5
139	28
139	13
139	43
139	93
139	53
139	2
139	4
139	35
139	140
139	133
139	80
140	53
140	98
140	131
140	110
140	28
140	78
140	42
140	61
140	35
140	44
140	25
140	18
140	80
140	38
140	132
140	1
140	135
140	36
140	13
140	14
140	39
140	123
140	3
140	134
140	73
140	49
140	41
140	75
140	24
140	34
140	23
140	88
140	115
140	29
140	142
140	56
140	65
140	136
140	66
140	16
140	47
140	118
140	130
140	139
140	95
140	81
140	125
140	46
140	108
140	133
141	80
141	92
141	60
141	139
141	49
141	114
141	115
141	2
141	13
141	16
141	57
141	73
141	36
141	29
141	106
141	87
141	95
141	143
141	78
141	18
141	128
141	66
141	41
141	59
141	99
141	25
141	75
141	40
141	81
141	24
141	70
141	96
141	107
141	130
141	8
141	140
141	136
141	38
141	90
141	123
141	28
141	48
141	51
141	39
141	108
141	30
141	17
141	132
141	94
142	121
142	92
142	114
142	41
142	130
142	95
142	80
142	104
142	118
142	34
142	78
142	74
142	88
142	123
142	77
142	21
142	144
142	26
142	52
142	39
142	139
142	132
142	108
142	38
142	36
142	89
142	42
142	60
142	8
142	7
142	30
142	18
142	126
142	137
142	131
142	24
142	28
142	146
142	115
142	73
142	45
142	47
142	16
142	31
142	94
142	102
142	25
142	87
142	125
142	58
142	110
142	98
142	13
142	75
142	29
142	128
142	35
142	70
142	90
142	149
142	66
142	133
142	12
142	147
142	136
142	57
142	82
142	49
142	143
142	17
142	113
142	106
142	55
142	61
142	27
142	19
142	23
142	54
142	68
142	96
142	20
142	107
142	85
142	71
142	81
142	105
142	91
142	48
142	44
142	51
142	32
142	59
142	63
142	97
142	65
142	101
142	100
142	53
142	116
142	145
142	14
142	46
142	10
142	11
142	127
142	33
142	67
142	83
142	140
143	29
143	66
143	23
143	41
143	11
144	78
144	29
144	36
144	127
144	27
144	41
144	80
144	39
144	24
144	94
144	148
144	66
144	115
144	90
144	95
144	54
144	8
144	13
144	74
144	107
144	105
144	16
144	123
144	38
144	9
144	113
144	131
144	75
144	37
144	60
144	111
144	96
144	139
144	18
144	89
144	117
144	47
144	118
144	45
144	138
144	1
144	114
145	92
145	78
145	80
145	60
145	29
145	30
145	52
145	38
145	7
145	49
145	13
145	126
145	55
145	143
145	35
145	139
145	24
145	45
145	18
145	111
145	95
145	16
145	66
145	113
145	133
145	114
145	25
145	73
145	136
145	88
145	132
145	84
145	47
145	65
145	1
145	41
145	91
145	19
145	146
145	98
145	68
145	110
145	71
145	26
145	142
145	131
145	2
145	46
145	39
145	23
145	34
145	81
145	31
145	59
146	25
146	39
146	67
146	100
146	74
146	27
146	15
146	98
146	20
146	46
146	115
146	138
146	41
146	75
146	29
146	79
146	2
146	130
146	95
146	81
146	78
146	37
146	36
146	33
146	136
146	113
146	66
146	10
146	49
146	122
146	43
146	16
146	144
146	55
146	143
146	80
146	19
146	99
146	120
146	38
146	147
146	89
146	118
146	21
146	107
146	126
146	62
146	90
146	92
146	134
146	44
146	45
146	104
146	108
146	96
146	94
146	109
146	124
146	114
146	101
146	8
146	35
146	139
146	131
146	60
146	133
147	34
147	146
147	39
147	29
147	36
147	24
147	131
147	110
147	95
147	115
147	104
147	139
147	81
147	48
147	94
147	80
147	78
147	73
147	98
147	123
147	66
147	13
147	38
147	65
147	149
147	84
147	23
147	41
147	19
147	83
147	144
147	44
147	35
147	1
147	45
147	130
147	143
147	133
147	47
147	126
147	132
147	109
147	136
147	107
147	75
147	26
147	57
147	25
147	16
147	22
147	15
147	49
147	96
147	122
147	8
147	82
147	92
147	55
147	14
147	53
147	113
147	3
147	87
147	30
147	68
147	89
147	116
147	114
147	91
147	102
147	20
147	134
147	97
147	117
147	142
147	61
147	46
147	60
147	106
147	127
147	74
147	18
148	117
148	95
148	10
148	60
148	113
148	107
148	135
148	39
148	49
148	102
148	92
148	130
148	143
148	78
148	133
148	105
148	73
148	16
148	26
148	90
148	24
148	115
148	80
148	25
148	18
148	35
148	47
148	41
148	34
148	8
148	136
148	123
148	29
148	149
148	37
148	109
148	5
148	144
148	38
148	110
148	139
148	128
148	28
148	134
148	27
148	76
148	19
148	131
148	13
148	97
148	83
148	46
148	85
148	59
148	96
148	77
148	142
148	55
148	104
148	23
148	2
148	54
148	75
148	68
148	116
148	98
148	1
148	20
148	114
148	84
148	36
148	100
148	132
148	70
148	93
148	81
148	146
148	74
148	127
148	88
148	66
148	40
148	31
148	33
148	14
148	57
148	30
148	94
148	12
148	89
148	108
148	147
149	34
149	144
149	94
149	13
149	95
149	104
149	44
149	1
149	27
149	24
149	84
149	134
149	12
149	102
149	78
149	148
149	19
149	117
149	105
149	115
149	123
149	16
149	29
149	75
149	49
149	139
149	41
149	106
149	113
149	39
149	60
149	20
149	58
149	36
149	124
149	133
149	136
149	26
149	15
149	147
149	74
149	77
149	46
149	35
149	142
149	55
149	118
149	110
149	92
149	131
149	127
149	40
149	54
149	38
149	135
149	116
149	8
149	107
149	30
149	73
149	68
149	47
149	45
149	66
149	132
149	114
149	25
149	143
149	18
149	140
149	17
149	80
149	67
149	21
