1	142
1	82
1	52
1	144
1	46
1	63
1	8
1	121
1	147
1	103
1	29
1	99
1	38
1	64
1	146
1	59
1	53
1	88
1	127
1	118
1	26
1	10
1	23
1	48
1	89
1	12
1	133
1	109
1	41
1	36
1	44
1	81
1	122
1	34
1	132
1	84
1	101
1	80
1	33
1	51
1	28
1	137
1	69
1	100
1	5
1	74
1	18
1	62
1	120
1	145
1	32
1	110
1	22
1	71
1	108
1	66
1	37
1	125
1	72
1	86
1	138
1	139
1	124
1	58
1	140
1	65
1	25
1	4
1	11
1	105
1	143
1	54
1	17
1	50
1	94
1	27
1	45
2	26
2	94
2	59
2	86
2	103
2	12
2	88
2	8
2	87
2	60
2	57
2	99
2	30
2	65
2	147
2	106
2	115
2	132
2	64
2	73
2	46
2	63
2	105
2	146
2	52
2	74
2	82
2	23
2	21
2	78
2	124
2	58
2	29
2	25
2	34
2	90
2	61
2	71
2	10
2	53
2	55
2	76
2	133
2	77
2	135
2	85
2	109
2	69
2	122
2	136
2	83
2	104
2	11
2	31
2	127
2	75
2	48
2	44
2	33
2	4
2	43
2	54
2	80
2	110
2	70
2	17
2	138
2	38
2	129
2	32
2	120
2	18
2	128
2	66
2	84
2	28
2	95
2	24
2	16
2	62
2	118
2	97
2	51
2	140
2	45
3	132
3	26
3	44
3	105
3	21
3	84
3	24
3	138
3	65
3	99
3	69
3	68
3	46
3	28
3	118
3	8
3	87
3	90
3	104
3	128
3	12
3	147
3	64
3	73
3	89
3	63
3	122
3	86
3	59
3	5
3	133
3	78
3	88
3	94
3	31
3	82
3	13
3	10
3	124
3	29
3	123
3	140
3	55
3	25
3	62
3	54
3	103
3	23
3	100
3	120
3	36
3	43
3	127
3	109
4	122
4	64
4	31
4	83
4	146
4	142
4	46
4	69
4	127
4	30
4	8
4	128
4	132
4	121
4	39
4	143
4	89
4	20
4	86
4	63
4	12
4	107
4	10
4	37
4	26
4	53
4	78
4	11
4	65
4	28
4	133
4	29
4	54
4	111
4	144
4	24
4	101
4	94
4	71
4	51
4	22
4	118
4	116
4	38
4	50
4	34
4	124
4	125
4	57
4	88
4	92
4	82
4	138
4	59
4	70
4	84
4	43
4	98
4	137
4	99
4	80
4	61
4	62
4	145
4	73
4	19
4	1
4	105
4	79
4	141
4	91
4	67
4	114
4	40
4	66
4	97
4	113
4	110
4	48
4	23
4	76
4	119
4	72
4	18
4	129
5	102
5	8
5	65
5	24
5	90
5	31
5	72
5	105
5	23
5	108
5	122
5	45
5	29
5	68
5	125
5	30
5	10
5	132
5	142
5	97
5	70
5	79
5	89
5	116
5	101
5	63
5	110
5	62
5	94
5	139
5	69
5	129
5	76
5	147
5	27
5	17
5	25
5	80
5	120
5	82
5	130
5	61
5	11
5	84
5	20
5	88
5	64
5	26
5	54
5	41
5	66
5	91
5	86
5	42
5	57
5	39
5	128
5	59
5	115
5	133
5	107
5	46
5	138
5	103
5	12
5	53
5	137
5	36
5	40
5	111
5	113
5	75
5	78
5	15
5	33
5	7
5	35
5	34
5	60
5	121
5	112
5	1
5	51
5	16
5	85
5	140
5	106
5	98
5	28
5	92
5	124
5	13
5	99
5	127
5	146
5	6
5	73
5	74
5	48
5	104
5	144
5	126
5	119
5	58
5	52
5	95
5	67
5	100
5	109
5	135
5	118
5	4
5	136
6	23
6	129
6	94
6	62
6	53
6	57
6	64
6	139
6	147
6	58
6	63
6	67
6	88
6	120
6	101
6	8
6	59
6	82
6	84
6	124
6	122
6	86
6	26
6	36
6	69
6	34
6	4
6	103
6	22
6	80
6	116
6	132
6	106
6	30
6	99
6	43
6	108
6	119
6	144
6	52
6	72
6	17
6	10
6	29
6	51
6	28
6	44
6	146
6	127
6	3
6	102
6	105
6	40
6	54
6	46
6	110
6	32
6	140
6	66
6	133
6	100
6	104
6	25
6	18
6	114
6	9
6	65
6	93
6	143
6	31
7	147
7	41
7	51
7	144
7	103
7	94
7	87
7	53
7	86
7	29
7	72
7	8
7	105
7	36
7	133
7	28
7	59
7	84
7	79
7	122
7	23
7	52
7	26
7	67
7	73
7	118
7	108
7	89
7	101
7	14
7	132
7	99
7	55
7	43
7	6
7	46
7	27
7	70
7	64
7	69
7	91
7	65
7	31
7	34
7	63
7	88
7	17
7	44
7	16
7	97
7	124
7	109
7	138
7	62
7	15
7	45
7	128
7	146
7	5
7	71
7	115
7	143
7	66
7	10
7	116
7	25
7	60
7	42
7	82
7	142
7	30
7	107
7	104
7	48
7	21
7	38
7	90
7	11
7	119
7	57
7	137
7	54
7	77
7	58
7	127
7	80
7	32
7	12
7	78
7	4
7	136
7	106
7	76
7	120
7	125
7	145
7	74
7	141
7	2
7	24
7	139
7	140
7	121
7	68
7	130
7	20
7	9
7	114
7	96
8	86
8	144
8	132
8	61
8	16
8	45
8	69
8	65
8	87
8	88
8	28
8	33
8	106
8	138
8	10
8	120
8	128
8	146
8	12
8	99
8	101
8	23
8	52
8	59
8	44
8	60
8	133
8	107
8	94
8	112
8	41
8	26
8	63
8	57
8	124
8	139
8	31
8	37
8	38
8	11
8	46
8	55
8	66
8	64
8	34
8	58
8	78
8	72
8	118
8	81
8	27
8	77
8	53
8	15
8	73
8	51
8	67
8	136
8	84
8	5
8	29
8	129
8	20
8	22
8	121
8	76
8	142
8	104
8	108
8	25
8	137
8	80
8	140
8	42
8	13
8	48
8	105
8	30
8	21
8	36
8	143
8	114
8	111
8	109
8	90
8	50
8	119
8	79
8	122
8	18
8	145
8	141
8	7
8	82
8	97
8	127
8	117
8	134
8	43
8	14
8	39
8	6
8	24
8	83
8	116
8	35
8	110
8	130
8	125
8	89
8	54
8	40
8	102
8	3
8	98
8	62
8	32
8	68
8	4
8	100
8	1
8	92
8	47
8	91
8	85
8	147
8	74
8	103
8	75
8	49
8	95
8	2
8	135
8	17
8	126
8	71
8	56
8	70
8	115
8	96
8	113
8	131
8	93
9	95
9	52
9	25
9	138
9	144
9	132
9	53
9	101
9	29
9	86
9	106
9	107
9	63
9	103
9	23
9	105
9	57
9	100
9	122
9	30
9	80
9	28
9	60
9	147
9	65
9	127
9	4
9	110
9	61
9	88
9	74
9	82
9	124
9	54
9	36
9	59
9	120
9	46
9	114
9	142
9	66
9	69
9	40
9	26
9	89
9	137
9	139
9	94
9	146
9	134
9	84
9	125
9	71
9	133
9	12
9	10
9	51
9	6
9	131
9	8
9	48
9	119
9	2
9	27
9	79
9	24
9	123
10	99
10	34
10	94
10	26
10	115
10	8
10	46
10	70
10	59
10	139
10	89
10	90
10	28
10	111
10	130
10	47
10	68
10	64
10	84
10	36
10	63
10	58
10	75
10	103
10	25
10	38
10	67
10	42
10	124
10	88
10	132
10	12
10	144
10	136
10	113
10	71
10	14
10	7
10	44
10	104
10	85
10	105
10	133
10	29
10	107
10	73
10	13
10	60
10	112
10	109
10	16
10	23
10	110
10	82
10	146
10	41
10	86
10	43
10	127
10	72
10	137
10	118
10	65
10	20
10	77
10	33
10	52
10	101
10	18
10	61
10	143
11	8
11	71
11	29
11	15
11	61
11	40
11	124
11	23
11	46
11	138
11	133
11	109
11	99
11	128
11	64
11	130
11	86
11	122
11	146
11	94
11	63
11	137
11	129
11	117
11	76
11	36
11	7
11	51
11	53
11	103
11	84
11	69
11	139
11	120
11	65
11	132
11	25
11	26
11	28
11	136
11	30
11	100
11	59
11	5
11	116
11	105
11	35
11	89
11	127
11	90
11	66
11	143
11	106
11	98
11	131
11	31
11	77
11	88
11	38
11	44
11	58
11	70
11	147
11	82
11	91
11	12
11	2
11	125
11	57
11	10
11	43
11	55
11	104
11	113
11	73
11	114
11	6
11	27
11	41
11	97
11	115
11	119
11	140
11	67
11	95
11	145
11	54
11	9
11	81
11	142
11	45
11	14
11	110
11	93
11	21
11	4
11	34
11	48
11	16
11	83
11	32
11	74
11	39
12	19
12	49
12	55
12	96
12	88
12	23
12	132
12	118
12	144
12	8
12	122
12	133
12	27
12	56
12	29
12	26
12	84
12	28
12	45
12	31
12	97
12	145
12	38
12	71
12	74
12	47
12	72
12	105
12	146
12	116
12	51
12	4
12	94
12	86
12	24
12	14
12	135
12	82
12	16
12	25
12	99
12	103
12	127
12	104
12	90
12	65
12	22
12	131
12	64
12	61
12	52
12	78
12	54
12	17
12	69
12	112
12	143
12	53
12	119
12	138
12	120
12	117
12	73
12	83
12	147
12	89
12	10
12	93
12	44
12	129
12	32
12	77
12	62
13	122
13	46
13	110
13	26
13	138
13	102
13	53
13	120
13	12
13	34
13	43
13	31
13	118
13	132
13	124
13	147
13	101
13	23
13	65
13	64
13	66
13	8
13	44
13	88
13	86
13	144
13	17
13	59
13	36
13	82
13	29
13	5
13	10
13	139
13	25
13	72
13	134
13	137
13	63
13	81
13	61
13	60
13	114
13	78
13	69
13	24
13	18
13	89
13	142
13	50
13	3
13	129
13	40
13	100
13	80
13	121
13	32
13	104
13	98
13	95
13	37
13	94
13	97
13	143
14	4
14	8
14	25
14	55
14	26
14	29
14	101
14	51
14	46
14	86
14	13
14	76
14	62
14	147
14	99
14	21
14	143
14	122
14	23
14	66
14	146
14	10
14	103
14	89
14	59
14	119
14	88
14	94
14	38
14	64
14	69
14	12
14	36
14	132
14	30
14	77
14	97
14	138
14	133
14	57
14	82
14	128
14	87
14	141
14	54
14	24
14	115
14	85
14	53
14	63
14	7
14	28
14	139
14	43
14	129
14	71
14	32
14	84
14	124
14	37
14	78
14	127
14	83
14	140
14	114
14	107
14	110
14	144
14	9
14	106
14	102
14	75
14	65
14	11
14	35
14	80
14	18
14	34
15	69
15	86
15	52
15	132
15	28
15	88
15	63
15	61
15	138
15	8
15	23
15	57
15	107
15	12
15	64
15	48
15	36
15	142
15	25
15	17
15	29
15	147
15	5
15	80
15	122
15	53
15	46
15	44
15	127
15	99
15	65
15	94
15	59
15	26
15	124
15	71
15	62
15	89
15	144
15	75
15	30
15	134
15	133
15	139
15	27
15	43
15	82
15	101
15	105
15	74
15	120
15	103
15	114
15	4
15	60
15	54
15	50
15	40
15	100
15	146
15	140
15	38
15	51
15	9
15	93
15	18
15	16
15	81
15	84
15	104
15	129
15	32
15	109
15	110
15	10
15	96
15	143
15	37
16	81
16	31
16	22
16	52
16	86
16	73
16	94
16	147
16	58
16	25
16	121
16	11
16	122
16	145
16	144
16	18
16	99
16	30
16	88
16	101
16	8
16	70
16	26
16	23
16	10
16	82
16	61
16	66
16	72
16	65
16	103
16	29
16	107
16	5
16	53
16	36
16	27
16	142
16	60
16	63
16	132
16	64
16	57
16	127
16	46
16	20
16	106
16	130
16	125
16	105
16	89
16	71
16	84
16	37
16	110
16	141
16	96
16	118
16	69
16	34
16	80
16	7
16	12
16	75
16	59
16	76
16	138
16	128
16	28
16	3
16	146
16	143
16	43
16	139
16	124
16	1
16	95
16	92
16	38
16	104
16	4
16	120
16	114
16	137
16	2
16	83
16	85
16	44
16	62
16	108
16	140
16	48
16	133
16	100
16	54
16	68
16	49
16	51
16	109
16	24
16	33
16	50
16	17
17	122
17	54
17	63
17	12
17	60
17	36
17	48
17	46
17	69
17	65
17	23
17	57
17	142
17	104
17	133
17	26
17	27
17	8
17	34
17	120
17	64
17	29
17	83
17	109
17	94
17	99
17	62
17	132
17	141
17	146
17	28
17	25
17	31
17	86
17	3
17	105
17	90
17	88
17	18
17	82
17	147
17	89
17	20
17	72
17	24
17	4
17	52
17	78
17	144
17	107
17	127
17	44
17	119
17	74
17	108
17	118
17	81
17	95
17	92
17	112
17	5
17	11
17	30
17	124
17	129
17	111
17	33
17	130
17	49
17	97
17	131
17	85
17	16
17	93
17	67
17	143
17	84
17	53
17	61
17	51
18	133
18	69
18	142
18	61
18	132
18	29
18	94
18	54
18	63
18	146
18	23
18	14
18	21
18	120
18	138
18	52
18	75
18	8
18	72
18	51
18	106
18	76
18	58
18	31
18	110
18	88
18	144
18	87
18	26
18	46
18	99
18	119
18	80
18	25
18	38
18	70
18	137
18	60
18	122
18	124
18	34
18	30
18	86
18	77
18	73
18	116
18	127
18	100
18	66
18	128
18	4
18	89
18	114
18	65
18	10
18	117
18	36
18	59
18	12
18	57
18	16
18	79
18	113
18	48
18	91
18	82
18	62
18	103
18	17
18	64
18	84
18	105
18	107
18	118
18	27
18	42
18	35
18	147
18	97
18	55
18	41
18	45
18	143
18	85
18	115
18	44
18	139
18	125
18	136
18	98
18	112
18	71
18	9
18	90
18	28
18	43
18	32
18	130
18	104
18	95
18	33
18	78
18	20
18	121
18	109
18	108
18	49
18	39
18	68
18	24
18	74
18	93
18	50
18	3
18	129
18	11
18	15
18	53
18	131
18	101
18	6
18	1
18	140
18	67
19	132
19	89
19	121
19	8
19	31
19	36
19	44
19	51
19	87
19	94
19	12
19	62
19	70
19	99
19	147
19	29
19	65
19	71
19	54
19	109
19	28
19	124
19	17
19	122
19	82
19	72
19	106
19	63
19	23
19	15
19	42
19	133
19	64
19	88
19	10
19	34
19	53
19	58
19	86
19	11
19	105
19	125
19	60
19	26
19	73
19	59
19	69
19	146
19	30
19	45
19	48
19	55
19	46
19	138
19	13
19	144
19	143
19	78
19	66
19	68
19	142
19	47
19	16
19	5
19	52
19	27
19	4
19	90
19	43
19	25
19	18
19	120
19	112
19	104
19	128
19	115
19	116
19	38
19	76
19	81
19	129
19	119
19	136
19	80
19	103
19	32
19	84
19	56
19	135
19	91
19	137
19	14
19	21
19	83
19	127
19	113
19	118
19	67
19	95
19	97
19	9
19	20
19	74
19	33
19	6
19	101
19	41
19	50
19	110
19	93
19	77
19	24
20	63
20	8
20	103
20	147
20	118
20	122
20	66
20	82
20	101
20	145
20	84
20	108
20	76
20	71
20	78
20	64
20	36
20	23
20	107
20	125
20	124
20	4
20	86
20	26
20	114
20	79
20	29
20	104
20	94
20	46
20	144
20	138
20	41
20	59
20	92
20	146
20	38
20	32
20	48
20	95
20	99
20	120
20	51
20	129
20	105
20	102
20	69
20	119
20	27
20	81
20	88
20	28
20	22
20	89
20	5
20	62
20	16
20	132
20	57
20	50
20	77
20	127
20	52
20	17
20	11
20	21
20	140
20	72
20	30
20	139
20	97
20	12
20	9
20	53
20	141
20	18
20	143
20	128
20	74
20	58
20	25
20	133
20	137
20	24
20	100
20	65
20	44
20	39
20	3
20	126
20	111
20	1
20	60
20	34
20	121
20	37
20	10
20	43
20	54
20	142
20	113
20	31
20	61
20	96
20	106
20	67
20	109
20	49
20	75
21	64
21	84
21	146
21	29
21	10
21	88
21	18
21	94
21	124
21	46
21	101
21	99
21	120
21	8
21	59
21	63
21	69
21	35
21	139
21	26
21	136
21	86
21	103
21	23
21	50
21	24
21	132
21	44
21	81
21	62
21	108
21	122
21	133
21	37
21	102
21	61
21	25
21	2
21	12
21	57
21	28
21	65
21	53
21	7
21	143
21	51
21	3
21	11
21	52
21	144
21	73
21	48
21	89
21	58
21	142
21	134
21	54
21	93
21	87
21	138
22	133
22	139
22	39
22	100
22	64
22	122
22	26
22	89
22	25
22	23
22	94
22	91
22	46
22	121
22	8
22	58
22	82
22	99
22	28
22	128
22	36
22	20
22	12
22	109
22	59
22	80
22	116
22	103
22	84
22	130
22	29
22	132
22	57
22	17
22	90
22	107
22	104
22	102
22	125
22	30
22	86
22	88
22	65
22	54
22	18
22	38
22	6
22	146
22	34
22	40
22	44
22	32
22	113
22	70
22	147
22	63
22	95
22	52
22	69
22	4
22	142
22	62
22	127
22	120
22	74
22	72
22	98
22	60
22	51
22	61
22	27
22	16
22	31
22	143
22	129
22	112
22	138
22	7
22	126
22	71
22	43
22	144
22	118
22	50
22	140
22	9
22	106
22	10
22	68
22	108
22	137
22	131
22	105
22	145
22	114
22	124
22	97
22	96
22	66
23	88
23	134
23	144
23	101
23	146
23	120
23	132
23	53
23	26
23	60
23	52
23	145
23	11
23	63
23	66
23	122
23	94
23	119
23	114
23	107
23	121
23	86
23	25
23	22
23	34
23	99
23	57
23	18
23	78
23	117
23	10
23	69
23	61
23	103
23	75
23	80
23	7
23	81
23	27
23	5
23	50
23	40
23	110
23	30
23	12
23	142
23	64
23	138
23	37
23	35
23	46
23	48
23	76
23	59
23	24
23	3
23	89
23	29
23	84
23	2
23	128
23	111
23	73
23	124
23	126
23	127
23	82
23	28
23	65
23	44
23	133
23	100
23	31
23	141
23	51
23	93
23	62
23	143
23	109
23	96
23	36
23	54
23	4
24	8
24	33
24	36
24	20
24	23
24	104
24	132
24	101
24	83
24	82
24	105
24	147
24	53
24	111
24	133
24	129
24	88
24	17
24	86
24	73
24	85
24	51
24	99
24	25
24	94
24	46
24	26
24	34
24	124
24	119
24	29
24	64
24	68
24	43
24	97
24	60
24	1
24	5
24	30
24	63
24	103
24	107
24	141
24	69
24	115
24	14
24	123
24	89
24	67
24	27
25	122
25	26
25	31
25	94
25	72
25	143
25	85
25	46
25	86
25	60
25	29
25	69
25	23
25	8
25	105
25	112
25	24
25	71
25	80
25	137
25	45
25	115
25	64
25	44
25	106
25	59
25	67
25	4
25	58
25	119
25	99
25	10
25	84
25	87
25	7
25	16
25	138
25	88
25	42
25	142
25	132
25	66
25	127
25	34
25	101
25	30
25	65
25	36
25	103
25	146
25	118
25	124
25	41
25	12
25	75
25	37
25	27
25	28
25	63
25	110
25	89
25	53
25	57
25	48
25	91
25	77
25	109
25	73
25	54
25	52
25	120
25	62
25	107
25	139
25	121
25	136
25	104
25	82
25	51
25	97
25	38
25	90
25	147
25	14
25	22
25	55
25	68
25	117
25	76
25	98
25	74
25	5
25	125
25	20
25	3
25	96
25	128
25	70
25	133
25	130
25	81
25	43
25	141
25	140
25	129
25	113
25	108
25	83
25	79
25	40
25	145
25	33
25	1
25	35
25	61
25	114
25	39
25	50
25	144
25	2
25	11
25	93
26	132
26	44
26	146
26	65
26	12
26	37
26	139
26	78
26	114
26	18
26	53
26	5
26	50
26	81
26	117
26	120
26	7
26	41
26	35
26	54
26	31
26	60
26	84
26	40
26	8
26	3
26	111
26	62
26	61
26	2
26	115
26	126
26	38
26	86
26	101
26	73
26	96
26	99
26	82
26	47
26	57
26	29
26	46
26	110
26	23
26	14
26	49
26	103
26	93
26	52
26	66
26	30
26	83
27	60
27	144
27	22
27	102
27	119
27	88
27	139
27	114
27	86
27	101
27	103
27	120
27	52
27	5
27	53
27	18
27	132
27	81
27	35
27	69
27	134
27	121
27	147
27	78
27	142
27	99
27	63
27	107
27	31
27	12
27	61
27	3
27	89
27	50
27	7
27	145
27	25
27	80
27	57
27	49
27	146
27	28
27	65
27	94
27	11
27	126
27	100
27	76
27	122
28	132
28	86
28	88
28	10
28	101
28	66
28	18
28	69
28	145
28	57
28	22
28	65
28	121
28	44
28	50
28	63
28	80
28	37
28	11
28	35
28	107
28	49
28	81
28	131
28	5
28	53
28	7
28	142
28	8
28	78
28	2
28	117
28	31
28	12
28	126
28	76
28	146
28	114
28	85
28	98
28	4
28	147
28	24
28	93
28	14
28	96
28	33
29	57
29	65
29	86
29	132
29	44
29	66
29	69
29	5
29	88
29	12
29	18
29	63
29	3
29	80
29	121
29	107
29	142
29	31
29	7
29	76
29	53
29	34
29	101
29	8
29	111
29	24
29	37
29	117
29	10
29	61
29	114
29	82
29	126
29	128
29	50
29	78
29	145
29	6
29	96
29	64
29	33
29	81
29	113
29	84
29	123
29	73
29	94
29	11
29	26
29	46
29	93
29	91
29	23
30	78
30	5
30	81
30	44
30	132
30	18
30	61
30	114
30	50
30	65
30	53
30	3
30	12
30	37
30	88
30	99
30	66
30	2
30	98
30	74
30	147
30	29
30	32
30	51
30	126
30	8
30	144
30	86
31	56
31	89
31	131
31	8
31	49
31	17
31	99
31	68
31	26
31	132
31	45
31	135
31	133
31	90
31	124
31	46
31	61
31	86
31	23
31	19
31	54
31	44
31	147
31	57
31	84
31	28
31	91
31	62
31	63
31	29
31	94
31	59
31	64
31	122
31	82
31	142
31	24
31	143
31	30
32	61
32	48
32	132
32	119
32	86
32	23
32	82
32	7
32	11
32	53
32	25
32	52
32	69
32	20
32	81
32	43
32	120
32	94
32	144
32	60
32	46
32	124
32	44
32	142
32	118
32	41
32	36
32	22
32	88
32	29
32	31
32	101
32	34
32	105
32	10
32	87
32	138
32	71
32	26
32	65
32	99
32	64
32	59
32	129
32	30
32	66
32	133
32	16
32	145
32	112
32	78
32	127
32	107
32	134
32	51
32	96
32	63
32	33
32	121
32	80
32	90
32	39
32	15
32	57
32	104
32	42
32	79
32	8
32	12
32	72
32	54
32	14
32	113
32	108
32	67
32	70
32	28
32	97
32	143
32	21
32	27
32	75
32	73
32	146
32	109
32	50
32	84
32	77
32	89
32	45
32	83
33	101
33	81
33	23
33	99
33	12
33	28
33	142
33	17
33	82
33	62
33	102
33	144
33	31
33	53
33	43
33	132
33	78
33	64
33	105
33	8
33	120
33	69
33	88
33	139
33	45
33	22
33	59
33	58
33	114
33	121
33	106
33	86
33	34
33	127
33	36
33	94
33	46
33	29
33	107
33	55
33	71
33	133
33	147
33	65
33	145
33	18
33	89
33	74
33	57
33	10
33	134
33	84
33	52
33	13
33	141
33	27
33	115
33	50
33	117
33	67
33	16
33	90
33	72
33	85
33	122
33	112
33	26
33	66
33	44
33	103
33	138
33	49
33	143
33	11
33	73
33	32
34	120
34	112
34	52
34	64
34	18
34	78
34	31
34	46
34	146
34	84
34	109
34	101
34	107
34	86
34	98
34	81
34	16
34	105
34	108
34	118
34	60
34	139
34	122
34	5
34	61
34	63
34	92
34	53
34	29
34	114
34	57
34	51
34	37
34	132
34	54
34	50
34	69
34	144
34	97
34	103
34	94
34	134
34	90
34	141
34	62
34	35
34	4
34	44
34	11
34	26
34	88
34	89
34	65
34	7
34	127
34	3
34	22
34	28
34	42
34	99
34	119
34	33
34	121
34	67
34	8
34	95
34	59
34	104
34	80
34	72
34	133
34	83
34	30
34	68
34	12
34	20
34	25
34	82
34	73
34	124
34	6
34	79
34	125
34	76
34	75
34	91
34	13
34	2
34	96
34	147
34	143
34	93
34	115
34	100
34	102
34	113
34	130
34	140
34	24
35	147
35	73
35	8
35	23
35	57
35	103
35	120
35	87
35	52
35	138
35	21
35	63
35	106
35	139
35	94
35	29
35	88
35	26
35	133
35	14
35	34
35	132
35	122
35	77
35	36
35	18
35	102
35	79
35	116
35	55
35	66
35	64
35	144
35	58
35	62
35	86
35	101
35	124
35	69
35	46
35	74
35	105
35	99
35	127
35	27
35	59
35	65
35	142
35	44
35	75
35	90
35	51
35	136
35	80
35	115
35	81
35	37
35	30
35	6
35	110
35	146
36	120
36	61
36	8
36	101
36	18
36	147
36	52
36	88
36	132
36	65
36	5
36	60
36	92
36	137
36	69
36	134
36	86
36	27
36	112
36	144
36	76
36	53
36	46
36	57
36	95
36	37
36	3
36	108
36	118
36	111
36	142
36	31
36	105
36	63
36	104
36	35
36	62
36	51
36	12
36	114
36	94
36	22
36	146
36	44
36	66
36	25
36	107
36	80
36	50
36	7
36	119
36	81
36	145
36	78
36	24
36	90
36	121
36	14
36	43
36	2
36	23
36	97
36	10
36	73
36	11
36	85
36	29
36	130
36	64
36	28
36	84
36	89
36	26
36	110
36	20
36	49
36	103
36	16
36	127
36	124
36	54
36	126
36	30
36	13
36	72
36	143
36	6
36	59
36	99
36	133
36	41
36	17
36	122
36	79
36	93
36	140
36	136
36	139
36	129
36	75
37	4
37	85
37	8
37	54
37	124
37	59
37	89
37	23
37	110
37	69
37	34
37	52
37	116
37	119
37	94
37	55
37	57
37	53
37	88
37	143
37	138
37	111
37	36
37	13
37	122
37	97
37	115
37	108
37	6
37	132
37	79
37	60
37	45
37	61
37	70
37	24
37	109
37	144
37	40
37	64
37	96
37	66
37	41
37	17
37	42
37	86
37	48
37	82
37	35
37	10
37	65
37	27
37	105
37	84
37	95
37	99
37	12
37	73
37	147
37	58
37	67
37	100
37	137
37	81
37	31
37	91
37	32
37	26
37	14
37	16
37	104
37	29
37	146
37	133
37	38
37	30
37	118
37	103
37	141
37	51
37	2
37	25
37	101
37	113
37	127
37	90
37	44
37	28
37	80
37	142
37	106
37	71
37	46
37	139
37	134
37	62
37	130
37	21
37	77
37	74
37	20
37	63
37	140
37	68
37	120
37	15
37	121
37	72
37	136
37	123
37	128
37	33
37	93
37	78
37	9
37	76
37	3
37	87
37	145
37	83
37	75
38	23
38	64
38	88
38	134
38	99
38	101
38	120
38	78
38	86
38	80
38	132
38	116
38	119
38	107
38	94
38	29
38	60
38	52
38	58
38	37
38	133
38	54
38	76
38	144
38	53
38	66
38	59
38	89
38	57
38	127
38	69
38	124
38	44
38	82
38	5
38	28
38	63
38	126
38	12
38	10
39	94
39	130
39	95
39	52
39	59
39	8
39	82
39	27
39	132
39	105
39	29
39	147
39	133
39	104
39	23
39	97
39	146
39	16
39	67
39	4
39	88
39	120
39	103
39	72
39	119
39	42
39	86
39	64
39	73
39	12
39	127
39	65
39	69
39	122
39	66
39	115
39	89
39	26
39	46
39	90
39	45
39	121
39	62
39	36
39	63
39	48
39	44
39	112
39	51
39	17
39	25
39	84
39	129
39	138
39	32
39	9
39	20
39	101
39	34
39	83
39	54
39	18
39	141
39	109
39	71
39	40
39	118
39	143
39	144
39	78
39	108
39	30
40	132
40	57
40	105
40	65
40	46
40	59
40	118
40	44
40	146
40	89
40	104
40	90
40	84
40	72
40	29
40	8
40	26
40	95
40	133
40	147
40	37
40	83
40	34
40	94
40	125
40	22
40	120
40	30
40	141
40	23
40	76
40	15
40	128
40	64
40	92
40	63
40	32
40	79
40	131
40	25
40	18
40	82
40	103
40	99
40	13
40	93
40	6
40	101
40	110
40	124
40	81
40	88
40	51
41	60
41	46
41	122
41	88
41	94
41	29
41	101
41	69
41	107
41	114
41	28
41	51
41	145
41	63
41	91
41	23
41	5
41	65
41	25
41	11
41	86
41	64
41	99
41	31
41	44
41	37
41	102
41	144
41	26
41	10
41	138
41	103
41	22
41	18
41	66
41	42
41	142
41	110
41	132
41	36
41	128
41	7
41	80
41	133
41	135
41	62
41	52
41	12
41	143
41	121
41	113
41	8
41	109
41	84
41	4
41	89
41	82
41	15
41	75
41	39
41	54
41	53
41	30
41	57
41	24
41	20
41	61
41	131
41	40
41	79
42	101
42	34
42	127
42	38
42	80
42	103
42	86
42	23
42	147
42	8
42	104
42	132
42	36
42	1
42	41
42	46
42	48
42	144
42	108
42	82
42	4
42	29
42	10
42	32
42	64
42	143
42	25
42	59
42	118
42	72
42	26
42	62
42	95
42	88
42	11
42	69
42	124
42	12
42	99
42	76
42	52
42	142
42	66
42	120
42	133
42	146
42	129
42	94
42	92
42	89
42	119
42	43
42	105
42	5
42	44
42	102
42	71
42	17
42	138
42	20
42	114
42	136
42	112
42	109
42	135
42	122
42	65
42	30
42	27
42	61
42	100
42	51
42	60
42	140
42	78
42	141
42	9
42	54
42	117
42	7
42	137
42	15
42	145
42	57
43	65
43	11
43	145
43	22
43	101
43	61
43	50
43	86
43	35
43	7
43	12
43	63
43	81
43	31
43	57
43	8
43	126
43	117
43	80
43	66
43	53
43	2
43	5
43	96
43	29
43	88
43	10
43	76
43	124
43	107
43	69
43	121
43	142
43	24
43	78
43	133
44	111
44	49
44	19
44	97
44	132
44	135
44	101
44	125
44	86
44	47
44	61
44	90
44	52
44	11
44	94
44	88
44	39
44	53
44	121
44	31
44	60
44	23
44	34
44	42
44	104
44	35
44	56
44	12
44	120
44	69
44	118
44	144
44	127
44	45
44	134
44	98
44	72
44	22
44	74
44	41
44	122
44	124
44	117
44	20
44	146
44	2
44	133
44	40
44	64
44	8
44	99
44	108
44	131
44	77
44	15
44	136
44	30
44	63
44	65
44	57
44	105
44	36
44	115
44	26
44	119
44	82
44	29
44	140
44	93
44	75
44	143
44	87
44	103
44	4
44	13
44	138
44	27
44	83
44	21
44	141
44	89
44	70
44	37
44	91
44	25
44	129
44	1
45	8
45	52
45	26
45	88
45	147
45	23
45	132
45	101
45	127
45	72
45	118
45	32
45	36
45	29
45	59
45	103
45	94
45	86
45	104
45	69
45	124
45	63
45	1
45	44
45	54
45	141
45	64
45	99
45	109
45	82
45	30
45	16
45	138
45	95
45	71
45	62
45	60
45	65
45	89
45	7
45	108
45	15
45	31
45	10
45	17
45	120
45	142
45	84
45	28
45	92
45	133
45	4
45	110
45	34
45	114
45	5
45	106
45	140
45	25
45	46
45	38
45	18
45	105
45	22
45	81
45	40
45	80
45	53
46	8
46	44
46	132
46	111
46	5
46	18
46	81
46	78
46	114
46	53
46	37
46	65
46	50
46	61
46	49
46	3
46	35
46	12
46	7
46	47
46	89
46	134
46	24
46	117
46	2
46	138
46	126
46	39
46	94
46	91
46	33
46	83
46	109
46	98
46	147
46	127
46	144
46	82
46	93
46	110
46	64
46	86
46	99
46	54
46	36
46	17
46	129
46	27
46	32
46	23
47	8
47	68
47	44
47	71
47	118
47	84
47	12
47	104
47	78
47	88
47	63
47	46
47	94
47	51
47	106
47	20
47	36
47	86
47	91
47	122
47	26
47	82
47	4
47	23
47	29
47	130
47	97
47	53
47	127
47	74
47	43
47	128
47	42
47	143
47	7
47	6
47	25
47	124
47	92
47	144
47	69
47	103
47	108
47	101
47	132
47	66
47	57
47	105
47	70
47	90
47	52
47	76
47	64
47	107
47	59
47	146
47	60
47	147
47	41
47	141
47	134
47	99
47	89
47	77
47	67
47	38
47	133
47	10
47	15
47	116
47	96
47	27
47	115
47	28
47	72
47	33
47	65
47	58
47	87
47	113
47	14
47	55
47	136
47	9
47	73
47	110
47	21
47	125
47	3
47	54
47	117
47	142
47	31
47	109
47	137
47	119
47	16
47	30
47	80
47	114
47	120
47	102
47	140
47	121
47	85
47	13
47	17
47	129
47	83
47	62
47	11
47	1
47	75
47	24
47	48
47	32
47	139
47	138
48	90
48	145
48	11
48	5
48	144
48	88
48	105
48	22
48	97
48	50
48	29
48	72
48	139
48	69
48	65
48	31
48	131
48	30
48	101
48	142
48	44
48	99
48	89
48	102
48	26
48	53
48	103
48	25
48	141
48	63
48	78
48	75
48	86
48	92
48	104
48	12
48	121
48	122
48	94
48	118
48	127
48	46
48	64
48	124
48	95
48	43
48	18
48	146
48	62
48	4
48	133
48	57
48	28
48	61
48	51
48	109
48	132
48	24
48	8
48	13
48	84
48	76
48	81
48	56
48	79
48	60
48	96
48	114
48	120
48	80
48	73
48	129
48	39
48	98
49	68
49	18
49	84
49	8
49	23
49	77
49	94
49	36
49	86
49	99
49	39
49	129
49	65
49	28
49	69
49	63
49	132
49	143
49	13
49	64
49	85
49	88
49	120
49	25
49	17
49	32
49	34
49	123
49	30
49	106
49	26
49	124
49	122
49	97
49	44
49	42
49	20
49	130
49	43
49	37
49	78
49	104
49	33
49	115
49	61
49	105
49	79
49	90
49	54
49	27
49	82
49	56
49	113
49	29
49	127
49	103
49	147
49	146
49	53
49	46
49	73
49	16
49	93
49	144
49	4
49	96
50	49
50	142
50	31
50	23
50	18
50	88
50	8
50	86
50	147
50	94
50	132
50	100
50	106
50	116
50	20
50	105
50	64
50	11
50	65
50	69
50	99
50	61
50	109
50	53
50	82
50	59
50	26
50	139
50	122
50	25
50	113
50	46
50	84
50	9
50	44
50	32
50	111
50	130
50	17
50	119
50	91
50	107
50	13
50	137
50	101
50	141
50	29
50	45
50	90
50	143
50	58
50	115
50	10
50	97
50	28
50	146
50	112
50	63
50	79
50	43
50	60
50	36
50	125
50	75
50	70
50	110
50	48
50	133
50	15
50	135
50	73
50	40
50	103
50	6
50	128
50	39
50	71
50	76
50	74
50	129
50	12
50	124
50	4
50	34
50	42
50	54
50	27
50	89
50	127
50	120
50	144
50	51
50	77
50	66
50	38
50	35
50	24
50	81
50	104
50	138
50	118
50	67
51	111
51	47
51	105
51	23
51	19
51	147
51	113
51	73
51	12
51	8
51	27
51	39
51	82
51	46
51	98
51	36
51	127
51	103
51	132
51	90
51	133
51	63
51	49
51	131
51	57
51	104
51	28
51	96
52	16
52	72
52	145
52	5
52	101
52	31
52	70
52	102
52	11
52	54
52	26
52	122
52	107
52	22
52	4
52	100
52	58
52	127
52	141
52	37
52	92
52	86
52	99
52	94
52	15
52	132
52	8
52	80
52	23
52	103
52	139
52	25
52	66
52	48
52	18
52	44
52	1
52	121
52	116
52	84
52	81
52	30
52	59
52	76
52	136
52	28
52	96
52	128
52	147
52	69
52	64
52	87
52	71
52	46
52	114
52	63
52	29
52	88
52	109
52	65
52	89
52	74
52	95
52	53
52	42
52	91
52	45
52	113
52	12
52	35
52	79
52	73
52	143
52	7
52	138
52	55
52	124
52	10
52	60
52	43
52	146
52	144
52	120
52	135
52	142
52	2
52	75
52	83
52	133
52	34
52	62
52	51
52	118
52	77
52	90
52	137
52	82
52	129
52	61
52	98
52	36
52	57
52	21
52	110
52	38
52	49
52	125
52	9
52	111
52	140
52	24
52	106
52	126
52	68
52	67
52	27
52	33
52	123
52	40
52	32
52	17
52	93
53	122
53	145
53	36
53	52
53	106
53	61
53	72
53	20
53	94
53	8
53	86
53	98
53	34
53	132
53	139
53	60
53	116
53	25
53	99
53	23
53	18
53	114
53	50
53	103
53	131
53	81
53	101
53	46
53	30
53	39
53	144
53	121
53	82
53	44
53	4
53	88
53	80
53	124
53	6
53	79
53	65
53	85
53	102
53	56
53	11
53	64
53	42
53	37
53	71
53	119
53	109
53	29
53	146
53	84
53	76
53	12
53	43
53	110
53	45
53	26
53	31
53	141
53	66
53	75
53	142
53	68
53	51
53	62
53	133
53	59
53	138
53	13
53	33
53	105
53	63
53	28
53	113
53	127
53	24
53	125
53	70
53	112
53	58
53	69
53	100
53	38
53	89
53	74
53	27
53	137
53	147
53	10
53	14
53	55
53	9
53	2
53	47
53	57
53	3
53	73
53	96
53	111
53	143
53	67
53	115
53	128
53	40
53	135
53	49
53	104
53	91
53	120
53	93
53	97
53	5
53	15
53	48
53	35
53	107
53	16
53	118
53	54
53	129
53	123
54	123
54	8
54	12
54	67
54	64
54	38
54	60
54	132
54	71
54	127
54	51
54	25
54	109
54	147
54	46
55	88
55	69
55	86
55	101
55	94
55	122
55	103
55	87
55	8
55	3
55	120
55	52
55	62
55	23
55	99
55	21
55	139
55	58
55	59
55	63
55	64
55	29
55	46
55	18
55	24
55	82
55	132
55	73
55	61
55	106
55	144
55	10
55	142
55	28
55	124
55	38
55	133
55	12
55	77
55	2
55	54
55	25
55	26
55	146
55	11
55	14
55	44
55	128
55	71
55	84
55	43
55	96
55	145
55	129
55	147
55	114
55	93
55	57
55	37
55	127
56	65
56	8
56	132
56	70
56	46
56	45
56	73
56	67
56	29
56	147
56	118
56	133
56	61
56	122
56	128
56	69
56	86
56	120
56	106
56	121
56	52
56	80
56	36
56	23
56	94
56	146
56	115
56	12
56	137
56	66
56	79
56	4
56	26
56	143
56	99
56	85
56	105
56	82
56	17
56	41
56	102
56	90
56	68
56	27
56	44
56	38
56	103
56	42
56	2
56	136
56	31
56	63
56	135
56	64
56	87
56	71
56	84
56	124
56	77
56	127
56	116
56	57
56	28
56	117
56	14
56	89
56	55
56	43
56	101
56	60
56	48
56	107
56	59
56	16
56	112
56	32
56	109
56	96
56	33
56	6
56	72
56	104
56	15
56	125
56	24
56	25
56	10
56	92
56	54
56	62
56	51
56	93
57	85
57	16
57	46
57	8
57	33
57	12
57	86
57	123
57	43
57	97
57	91
57	20
57	26
57	32
58	94
58	116
58	127
58	147
58	63
58	29
58	69
58	86
58	59
58	99
58	54
58	55
58	46
58	82
58	124
58	36
58	28
58	142
58	133
58	26
58	8
58	57
58	42
58	74
58	79
58	38
58	23
58	70
58	146
58	84
58	65
58	64
58	80
58	7
58	60
58	10
58	11
58	62
58	39
58	125
58	121
58	22
58	128
58	32
58	53
58	101
58	137
58	91
58	20
58	89
58	31
58	34
58	51
58	90
58	143
59	44
59	65
59	132
59	96
59	145
59	114
59	81
59	18
59	5
59	8
59	37
59	86
59	120
59	88
59	11
59	78
59	7
59	26
59	61
59	53
59	35
59	121
59	50
59	22
59	66
59	142
59	3
59	101
59	94
59	12
59	2
59	64
59	76
59	126
59	23
59	117
59	57
59	34
59	82
59	46
59	24
59	107
59	63
59	52
59	51
59	49
59	133
59	29
59	71
59	147
59	106
59	69
59	93
59	80
60	41
60	122
60	12
60	114
60	88
60	75
60	113
60	112
60	22
60	107
60	58
60	8
60	103
60	70
60	64
60	65
60	63
60	69
60	147
60	54
60	101
60	116
60	61
60	86
60	4
60	99
60	121
60	46
60	50
60	82
60	26
60	29
60	94
60	52
60	80
60	120
60	25
60	145
60	30
60	125
60	109
60	144
60	132
60	59
60	79
60	36
60	127
60	18
60	31
60	11
60	84
60	66
60	35
60	74
60	37
60	68
60	142
60	42
60	100
60	139
60	133
60	138
60	44
60	71
60	67
60	47
60	91
60	56
60	128
60	24
60	53
60	57
60	9
60	143
60	5
60	39
60	137
60	10
60	89
60	110
60	43
60	118
60	124
60	28
60	38
60	7
60	23
60	146
60	34
60	2
60	135
60	27
60	108
60	51
60	98
60	62
60	83
60	96
60	48
60	78
60	105
60	106
60	134
60	126
60	40
60	117
60	72
60	45
60	130
60	93
60	129
60	49
60	33
60	17
60	131
60	32
60	104
61	87
61	88
61	86
61	132
61	8
61	90
61	65
61	64
61	94
61	18
61	99
61	46
61	15
61	63
61	9
61	55
61	84
61	146
61	73
61	105
61	23
61	104
61	12
61	114
61	5
61	26
61	75
61	59
61	48
61	106
61	103
61	44
61	36
61	122
61	52
61	119
61	70
61	69
61	127
61	136
61	71
61	147
61	29
61	13
61	45
61	50
61	30
61	25
61	51
61	82
61	133
61	120
61	109
61	22
61	89
61	138
61	101
61	37
61	41
61	115
61	31
61	53
61	28
61	42
61	60
61	107
61	142
61	80
61	129
61	66
61	35
61	81
61	58
61	118
61	33
61	72
61	124
61	112
61	139
61	137
61	116
61	32
61	7
61	43
61	79
61	78
61	67
61	17
61	145
61	95
61	16
61	121
61	6
61	34
61	143
61	134
61	27
61	144
61	38
61	74
61	68
61	83
61	10
61	97
61	54
61	92
61	98
61	21
61	4
61	57
61	91
61	140
61	110
61	125
61	39
62	49
62	19
62	47
62	99
62	51
62	29
62	38
62	8
62	111
62	44
62	135
62	64
62	131
62	98
62	116
62	26
62	27
63	69
63	36
63	8
63	64
63	12
63	23
63	32
63	29
63	105
63	57
63	147
63	133
63	56
63	127
63	59
63	27
63	131
63	104
63	82
63	73
63	95
63	74
63	129
63	138
63	26
63	53
63	60
63	94
63	103
63	132
63	1
63	90
63	61
63	28
63	99
63	47
63	122
63	88
63	120
63	39
63	71
63	30
63	86
63	3
63	18
63	44
63	48
63	34
63	38
63	89
63	4
63	46
63	141
63	130
63	20
63	51
63	108
63	62
63	109
63	15
63	100
63	65
63	111
63	135
63	7
63	11
63	41
63	107
63	52
63	146
63	72
63	10
63	21
63	42
63	25
63	124
63	118
63	17
63	6
63	144
63	106
63	80
63	66
63	58
63	101
63	54
63	137
63	134
63	142
63	92
63	75
63	140
63	97
63	43
63	31
63	84
63	143
64	132
64	44
64	86
64	26
64	65
64	88
64	23
64	8
64	99
64	94
64	63
64	46
64	31
64	37
64	62
64	145
64	147
64	50
64	51
64	114
64	80
64	57
64	85
64	29
64	28
64	53
64	38
64	107
64	81
64	22
64	66
64	101
64	69
64	12
64	36
64	11
64	3
64	118
64	127
64	133
64	78
64	18
64	142
64	76
64	5
64	48
64	84
64	82
64	128
64	89
64	106
64	30
64	10
64	4
64	34
64	121
64	21
64	59
64	43
64	54
64	146
64	7
64	74
64	102
64	126
64	124
64	98
64	129
64	140
64	61
64	96
64	103
64	49
64	27
64	111
64	109
64	97
64	60
64	112
64	1
64	25
64	70
64	138
64	40
64	24
64	2
64	71
64	35
64	32
64	120
64	52
64	110
64	143
64	9
64	90
65	49
65	120
65	52
65	19
65	132
65	56
65	18
65	53
65	41
65	5
65	101
65	60
65	8
65	61
65	134
65	85
65	135
65	122
65	31
65	84
65	12
65	46
65	118
65	23
65	72
65	59
65	133
65	26
65	25
65	86
65	89
65	35
65	22
65	81
65	75
65	119
65	131
65	79
65	145
65	2
65	144
65	94
65	34
65	108
65	74
65	38
65	99
65	63
65	103
65	73
65	105
65	82
65	104
65	44
65	88
65	57
65	91
65	142
65	78
65	121
65	17
65	29
65	36
65	117
65	51
65	90
65	16
65	92
65	64
65	146
65	114
65	147
65	40
65	109
65	54
65	69
65	70
65	71
65	138
65	6
65	1
65	32
65	67
65	127
65	20
65	129
65	28
65	66
65	124
66	49
66	16
66	57
66	86
66	97
66	76
66	128
66	29
66	85
66	121
66	8
66	23
66	70
66	12
66	33
66	107
66	94
66	64
66	39
66	59
66	143
66	51
66	113
66	84
66	146
66	44
66	88
66	120
66	28
66	133
66	147
66	111
66	14
66	26
66	89
66	46
66	62
66	58
66	116
66	109
66	53
66	38
66	127
66	91
66	78
66	82
66	36
66	125
66	6
66	20
66	137
66	99
66	108
66	31
66	30
66	138
66	142
66	87
66	25
66	67
66	48
66	65
66	103
66	124
66	61
66	54
66	122
66	96
66	144
67	53
67	31
67	88
67	94
67	8
67	124
67	4
67	119
67	111
67	100
67	104
67	51
67	29
67	40
67	23
67	25
67	101
67	97
67	122
67	132
67	82
67	69
67	76
67	133
67	105
67	125
67	86
67	78
67	102
67	36
67	147
67	84
67	58
67	27
67	144
67	26
67	11
67	81
67	143
67	98
67	99
67	59
67	63
67	64
67	114
67	46
67	137
67	71
67	65
67	145
67	34
67	12
67	37
67	75
67	72
67	80
67	50
67	139
67	2
67	146
67	32
67	22
67	127
67	108
67	38
67	62
67	10
67	5
67	18
67	28
67	24
67	110
67	17
67	20
67	43
67	121
67	52
67	61
67	89
67	107
67	48
67	103
67	66
67	79
67	57
67	142
67	118
67	129
67	9
67	140
67	128
67	44
67	30
67	138
67	109
67	95
67	42
67	35
67	70
67	54
67	120
67	33
68	69
68	86
68	147
68	8
68	36
68	71
68	52
68	103
68	23
68	26
68	99
68	57
68	46
68	54
68	94
68	29
68	31
68	108
68	124
68	32
68	104
68	59
68	95
68	73
68	82
68	64
68	4
68	81
68	44
68	84
68	133
68	109
68	1
68	28
68	105
68	5
68	118
68	146
68	72
68	63
68	80
68	34
68	130
68	51
68	101
68	119
68	78
68	17
68	128
68	89
68	97
68	27
68	65
68	20
68	120
68	41
68	38
68	132
68	140
68	88
68	144
68	127
68	91
68	129
69	65
69	8
69	136
69	131
69	133
69	56
69	47
69	74
69	21
69	75
69	103
69	98
69	127
69	68
69	118
69	88
69	73
69	12
69	44
69	28
69	61
69	62
69	86
69	36
69	94
69	50
69	105
69	64
69	82
69	113
69	125
69	10
69	120
69	29
69	23
69	135
69	132
69	59
69	34
69	146
69	89
69	31
69	17
69	46
69	101
69	57
69	110
69	111
69	42
69	119
69	51
69	90
69	99
69	63
69	26
69	33
69	104
69	147
69	32
69	54
69	84
69	53
69	143
69	24
69	124
69	38
69	122
69	37
70	88
70	112
70	86
70	16
70	136
70	67
70	46
70	8
70	90
70	144
70	36
70	139
70	23
70	77
70	132
70	59
70	105
70	10
70	32
70	34
70	99
70	146
70	120
70	29
70	100
70	138
70	94
70	106
70	52
70	82
70	73
70	124
70	28
70	104
70	74
70	71
70	51
70	1
70	119
70	64
70	60
70	12
70	127
70	38
70	103
70	101
70	97
70	147
70	80
70	20
70	129
70	89
70	43
70	25
70	27
71	23
71	104
71	118
71	82
71	55
71	41
71	72
71	97
71	16
71	90
71	8
71	6
71	67
71	20
71	140
71	52
71	122
71	108
71	120
71	105
71	10
71	13
71	28
71	64
71	101
71	77
71	86
71	65
71	70
71	125
71	73
71	11
71	132
71	87
71	106
71	116
71	69
71	18
71	136
71	42
71	60
71	112
71	113
71	146
71	1
71	27
71	36
71	92
71	80
71	134
71	66
71	21
71	53
71	15
71	29
71	119
71	74
71	33
71	25
71	99
71	48
71	133
71	34
71	26
71	115
71	84
71	121
71	109
71	94
71	81
71	142
71	91
72	18
72	5
72	37
72	86
72	101
72	142
72	52
72	102
72	12
72	22
72	23
72	26
72	53
72	11
72	31
72	58
72	36
72	82
72	122
72	46
72	81
72	139
72	42
72	78
72	63
72	25
72	88
72	4
72	94
72	29
72	121
72	132
72	99
72	44
72	80
72	128
72	65
72	120
72	66
72	89
72	107
72	59
72	100
72	144
72	69
72	145
72	28
72	103
72	50
72	84
72	143
72	8
72	91
72	10
72	79
72	147
72	2
72	114
72	125
72	109
72	113
72	135
72	76
72	126
72	117
72	118
72	133
72	134
72	61
72	57
72	96
72	137
72	127
72	64
72	62
72	111
72	9
72	75
72	32
72	24
72	43
72	140
72	124
72	30
72	98
72	138
72	119
72	54
72	7
72	49
72	27
72	67
72	110
72	45
73	146
73	4
73	147
73	8
73	64
73	69
73	103
73	62
73	26
73	132
73	101
73	120
73	106
73	29
73	37
73	53
73	46
73	142
73	63
73	144
73	89
73	122
73	88
73	94
73	135
73	51
73	30
73	87
73	34
73	55
73	59
73	12
73	49
73	50
73	77
73	35
73	25
73	36
73	10
73	124
73	99
73	31
73	28
73	23
73	86
73	82
73	65
73	40
73	128
73	18
73	21
73	138
73	38
73	71
73	7
73	57
73	143
73	141
73	43
73	14
73	2
73	3
73	136
73	129
73	24
73	54
73	110
73	44
73	108
73	127
73	139
73	84
73	133
73	67
73	78
73	75
73	52
73	100
73	104
73	80
73	60
73	114
73	5
73	32
73	105
73	102
73	137
73	96
73	11
73	118
73	140
73	66
73	9
73	90
74	136
74	87
74	31
74	133
74	94
74	63
74	84
74	86
74	132
74	26
74	128
74	44
74	34
74	90
74	15
74	107
74	8
74	16
74	105
74	36
74	64
74	23
74	21
74	104
74	11
74	60
74	32
74	59
74	61
74	146
74	46
74	28
74	99
74	80
74	73
74	12
74	119
74	51
74	52
74	7
74	138
74	65
74	75
74	103
74	45
74	35
74	66
74	81
74	70
74	143
74	48
74	88
74	5
74	89
74	122
74	69
74	118
74	53
74	18
74	29
74	50
74	79
74	72
74	91
74	37
74	25
74	76
74	38
74	115
74	114
74	101
74	82
74	22
74	58
74	147
74	121
74	33
74	144
74	120
74	106
74	135
74	43
74	116
74	112
74	77
74	13
74	124
74	2
74	71
74	134
74	95
74	62
74	42
74	117
74	127
74	57
74	98
74	27
74	145
74	17
74	140
74	139
74	6
74	67
74	54
74	100
74	9
74	92
74	20
74	41
74	142
74	68
74	125
74	108
74	40
74	4
74	93
74	30
75	70
75	10
75	94
75	61
75	46
75	65
75	64
75	12
75	42
75	33
75	68
75	8
75	59
75	44
75	122
75	118
75	105
75	13
75	23
75	147
75	80
75	146
75	90
75	30
75	132
75	58
75	84
75	26
75	104
75	29
75	91
75	51
75	28
75	20
75	25
75	1
75	15
75	72
75	47
75	127
75	43
75	41
75	67
75	99
75	88
75	4
75	82
75	103
75	18
75	16
75	54
75	137
75	129
75	81
75	138
75	79
75	39
75	112
76	14
76	123
76	66
76	26
76	25
76	30
76	86
76	121
76	8
76	108
76	122
76	63
76	4
76	101
76	133
76	147
76	64
76	97
76	140
76	46
76	67
76	85
76	12
76	90
76	132
76	89
76	20
76	62
76	125
76	91
76	42
76	104
76	99
76	103
76	53
76	120
76	79
76	43
76	146
76	33
76	113
76	139
76	49
76	84
77	84
77	132
77	69
77	122
77	10
77	86
77	120
77	12
77	101
77	54
77	102
77	106
77	94
77	28
77	87
77	135
77	99
77	46
77	18
77	26
77	117
77	8
77	73
77	142
77	127
77	138
77	44
77	53
77	100
77	133
77	88
77	29
77	23
77	63
77	144
77	36
77	105
77	35
77	118
77	25
77	128
77	64
77	109
77	34
77	65
77	37
77	43
77	57
77	59
77	143
77	103
77	2
77	107
77	30
77	61
77	121
77	14
77	58
77	51
77	7
77	66
77	38
77	147
77	89
77	52
77	124
77	114
77	146
77	141
77	82
77	93
77	129
77	62
77	21
77	27
77	78
77	115
77	33
77	24
78	88
78	8
78	69
78	64
78	94
78	26
78	122
78	46
78	124
78	146
78	103
78	132
78	29
78	128
78	102
78	12
78	59
78	51
78	63
78	99
78	127
78	142
78	116
78	25
78	139
78	86
78	38
78	58
78	7
78	57
78	54
78	43
78	35
78	61
78	80
78	133
78	28
78	138
78	90
78	5
78	44
78	9
78	36
78	89
78	66
78	42
78	17
78	30
78	107
78	130
78	129
78	120
78	75
78	23
78	10
78	84
78	101
78	31
78	2
78	82
78	65
78	76
78	18
78	68
78	4
78	11
78	147
78	136
78	71
78	125
78	104
78	121
78	109
78	144
78	24
78	137
78	13
78	141
78	48
78	113
78	27
78	62
78	79
78	40
78	3
78	70
78	100
78	32
78	83
78	67
78	123
78	115
78	143
78	53
78	93
78	96
78	37
78	91
78	55
78	52
78	45
78	81
79	88
79	23
79	1
79	101
79	52
79	144
79	69
79	86
79	27
79	61
79	34
79	107
79	20
79	132
79	41
79	82
79	104
79	99
79	26
79	44
79	53
79	8
79	90
79	94
79	60
79	106
79	36
79	143
79	119
79	29
79	80
79	59
79	71
79	48
79	15
79	7
79	120
79	121
79	6
79	2
79	118
79	105
79	92
79	75
79	145
79	108
79	74
79	103
79	147
79	130
79	139
79	89
79	102
79	138
79	76
79	51
79	65
79	37
79	13
79	127
79	72
79	5
79	38
79	93
79	84
79	16
79	100
79	95
79	131
79	110
79	17
79	112
79	54
79	64
79	46
79	9
80	74
80	131
80	56
80	61
80	34
80	47
80	39
80	63
80	8
80	12
80	132
80	52
80	15
80	135
80	73
80	4
80	124
80	98
80	53
80	86
80	105
80	82
80	43
80	36
80	122
80	129
80	138
80	20
80	140
80	25
80	64
80	99
80	121
80	32
80	71
80	128
80	29
81	8
81	115
81	15
81	10
81	64
81	31
81	99
81	26
81	118
81	69
81	89
81	125
81	23
81	133
81	46
81	45
81	94
81	105
81	97
81	132
81	122
81	137
81	116
81	139
81	127
81	63
81	61
81	29
81	84
81	79
81	130
81	4
81	95
81	42
81	124
81	65
81	59
81	62
81	33
81	90
81	142
81	44
81	12
81	25
81	54
81	88
81	14
81	147
81	103
81	58
81	57
81	51
81	40
81	67
81	86
81	17
81	32
81	141
81	128
81	30
81	143
81	28
81	111
81	39
81	16
81	52
81	36
81	53
81	70
81	104
81	138
81	38
81	35
81	27
81	13
81	76
81	74
81	82
81	101
81	66
81	68
81	55
81	18
81	6
81	43
81	100
81	80
81	98
81	119
81	121
81	114
81	71
81	75
81	110
81	129
81	126
81	140
81	113
81	83
81	144
81	48
81	37
81	49
81	120
81	34
81	20
81	145
81	3
81	72
81	73
81	92
81	91
81	87
81	146
81	96
81	109
81	24
82	20
82	104
82	118
82	72
82	52
82	122
82	142
82	103
82	99
82	94
82	87
82	61
82	60
82	24
82	64
82	95
82	53
82	105
82	119
82	89
82	120
82	6
82	112
82	51
82	13
82	108
82	80
82	101
82	41
82	140
82	132
82	21
82	1
82	55
82	36
82	69
82	139
82	57
82	141
82	144
82	11
82	97
82	90
82	14
82	15
82	46
82	5
82	33
82	100
82	78
82	67
82	92
82	134
82	22
82	37
82	136
82	45
82	73
82	16
82	107
82	121
82	8
82	145
82	63
82	42
82	79
82	29
82	106
82	146
82	39
82	44
82	86
82	26
82	84
82	130
82	31
82	137
82	114
82	88
82	50
82	98
82	143
82	113
82	65
82	109
82	124
82	62
82	81
82	43
82	68
82	59
82	4
82	30
82	133
82	28
82	127
82	70
82	58
82	18
82	75
82	147
82	23
82	3
82	128
82	125
82	91
82	25
83	8
83	86
83	10
83	125
83	21
83	64
83	94
83	29
83	129
83	147
83	101
83	144
83	23
83	63
83	59
83	45
83	54
83	68
83	69
83	33
83	84
83	124
83	66
83	14
83	82
83	9
83	38
83	65
83	7
83	30
83	91
83	104
83	22
83	47
83	46
83	105
83	26
83	28
83	146
83	70
83	36
83	79
83	99
83	88
83	43
83	142
83	42
83	81
83	20
83	132
83	50
83	134
83	52
83	85
83	12
83	141
83	61
83	67
83	108
83	80
83	118
83	130
83	89
83	41
83	78
83	16
83	143
83	31
83	120
83	60
83	138
83	24
83	96
83	27
83	3
83	119
83	90
83	32
83	111
83	103
83	109
83	75
84	132
84	26
84	44
84	8
84	36
84	94
84	53
84	65
84	46
84	73
84	29
84	82
84	146
84	54
84	88
84	37
84	14
84	28
84	21
84	60
84	86
84	43
84	18
84	12
84	97
84	3
84	63
84	69
84	15
84	105
84	7
84	81
84	50
84	5
84	4
84	59
84	17
84	30
84	89
84	124
84	133
84	62
84	103
84	34
84	117
84	23
84	126
84	99
84	71
84	66
84	147
84	121
84	127
84	61
84	52
84	109
84	110
84	49
84	38
84	68
84	143
84	138
84	101
84	114
84	104
84	64
84	111
84	113
84	120
84	96
84	32
84	57
84	142
84	33
85	96
85	124
85	26
85	132
85	8
85	103
85	94
85	127
85	97
85	7
85	86
85	30
85	113
85	12
85	14
85	71
85	117
85	136
85	78
85	38
85	39
85	20
85	133
85	44
85	115
85	108
85	63
85	46
85	128
85	69
85	147
85	122
85	23
85	29
85	4
85	109
85	82
85	146
85	88
85	3
85	41
85	31
85	65
85	36
85	67
85	45
85	130
85	120
85	80
85	64
85	137
85	59
85	129
85	99
85	140
85	90
85	105
85	17
85	28
85	89
85	68
85	84
85	53
85	32
85	143
85	16
85	144
85	72
86	15
86	132
86	146
86	78
86	120
86	61
86	127
86	53
86	77
86	29
86	8
86	49
86	85
86	52
86	134
86	111
86	55
86	10
86	84
86	22
86	101
86	46
86	94
86	141
86	67
86	72
86	57
86	60
86	30
86	123
86	18
86	82
86	26
86	59
86	125
86	12
86	91
86	64
86	65
86	51
86	89
86	11
86	14
86	124
86	28
86	68
86	97
86	5
86	114
86	119
86	50
86	108
86	147
86	81
86	37
86	133
86	145
86	4
86	41
86	99
86	144
86	118
86	88
86	105
86	104
86	69
86	23
86	142
86	44
86	35
86	66
86	25
86	121
86	90
86	122
86	24
86	42
86	75
86	128
86	54
86	31
86	20
86	7
86	109
86	73
86	107
86	87
86	62
86	2
86	103
86	43
86	80
86	63
86	138
86	100
86	33
86	58
86	110
86	1
86	21
86	96
86	36
86	116
86	137
86	143
86	3
86	113
86	40
86	38
86	136
86	126
86	27
86	117
86	115
86	93
86	76
86	16
86	71
86	139
86	34
86	129
86	32
86	83
86	45
86	17
86	98
87	144
87	86
87	94
87	60
87	132
87	88
87	52
87	48
87	61
87	120
87	106
87	34
87	101
87	29
87	103
87	74
87	139
87	134
87	36
87	138
87	82
87	57
87	80
87	107
87	112
87	27
87	7
87	117
87	26
87	53
87	105
87	9
87	16
87	66
87	35
87	69
87	119
87	33
87	133
87	10
87	116
87	8
87	54
87	84
87	15
87	59
87	25
87	146
87	121
87	63
87	75
87	76
87	38
87	64
87	2
87	118
87	20
87	137
87	127
87	104
87	122
87	110
87	13
87	143
87	6
87	71
87	23
87	65
87	12
87	102
87	5
87	90
87	135
87	46
87	95
87	142
87	22
87	97
87	93
87	30
87	81
87	3
87	114
87	21
87	147
87	131
87	40
87	41
87	67
87	124
87	51
88	111
88	78
88	65
88	86
88	50
88	64
88	146
88	105
88	60
88	70
88	118
88	21
88	14
88	77
88	46
88	120
88	30
88	15
88	4
88	97
88	52
88	54
88	47
88	41
88	122
88	5
88	144
88	59
88	103
88	51
88	132
88	6
88	8
88	39
88	61
88	142
88	72
88	94
88	139
88	55
88	109
88	90
88	13
88	67
88	81
88	119
88	42
88	29
88	101
88	23
88	89
88	12
88	147
88	34
88	133
88	113
88	98
88	53
88	68
88	57
88	26
88	10
88	44
88	134
88	73
88	35
88	104
88	69
88	18
88	63
88	27
88	84
88	141
88	127
88	82
88	25
88	110
88	37
88	108
88	31
88	107
88	99
88	7
88	28
88	112
88	2
88	124
88	43
88	16
88	80
88	33
88	143
88	38
88	1
88	20
88	100
88	62
88	145
88	121
88	140
88	40
88	114
88	22
88	136
88	71
88	93
88	11
88	92
88	79
88	115
88	75
88	17
88	66
88	32
88	96
88	36
88	48
88	126
88	9
89	132
89	44
89	86
89	88
89	37
89	81
89	65
89	31
89	50
89	121
89	114
89	3
89	57
89	61
89	107
89	22
89	49
89	5
89	36
89	11
89	69
89	78
89	18
89	101
89	66
89	7
89	28
89	76
89	63
89	142
89	53
89	145
89	8
89	117
89	80
89	12
89	46
89	82
90	61
90	5
90	101
90	114
90	34
90	65
90	8
90	23
90	145
90	50
90	59
90	120
90	25
90	44
90	99
90	18
90	31
90	146
90	121
90	144
90	22
90	10
90	88
90	80
90	54
90	118
90	11
90	110
90	69
90	81
90	86
90	26
90	78
90	82
90	36
90	142
90	132
90	102
90	46
90	53
90	17
90	71
90	94
90	52
90	143
90	29
90	51
90	122
90	104
90	133
90	57
90	147
90	64
90	72
90	105
90	7
90	12
90	28
90	38
90	98
90	107
90	138
90	43
90	84
90	76
90	89
90	37
90	141
90	125
90	112
90	63
90	35
90	139
90	103
90	130
90	32
90	62
90	2
90	106
90	75
90	108
90	66
90	70
90	9
90	117
90	4
90	134
90	40
90	129
90	15
90	127
90	60
90	24
90	137
90	95
90	100
90	68
90	97
90	83
90	140
90	124
90	27
90	73
90	30
90	113
90	6
90	92
90	93
90	45
90	109
90	3
90	115
91	8
91	46
91	134
91	132
91	59
91	120
91	29
91	10
91	23
91	43
91	119
91	72
91	26
91	1
91	138
91	129
91	34
91	36
91	104
91	27
91	84
91	82
91	95
91	147
91	97
91	101
91	32
91	124
91	67
91	103
91	12
91	105
91	69
91	86
91	24
91	108
91	52
91	48
91	7
91	92
91	122
91	118
91	146
91	33
91	94
91	51
91	44
91	4
91	65
91	41
91	62
91	81
91	144
91	143
91	54
91	9
91	60
91	87
91	30
91	107
91	88
91	17
91	127
91	64
92	69
92	52
92	145
92	8
92	110
92	122
92	59
92	50
92	46
92	134
92	23
92	34
92	103
92	10
92	101
92	146
92	102
92	62
92	43
92	32
92	120
92	4
92	109
92	71
92	139
92	147
92	78
92	25
92	40
92	137
92	121
92	86
92	18
92	66
92	114
92	100
92	36
92	74
92	53
92	3
92	88
92	79
92	105
92	144
92	125
92	81
92	17
92	48
92	60
92	119
92	58
92	82
92	140
92	22
92	138
92	29
92	63
92	26
92	129
92	132
92	9
92	11
92	118
92	57
92	27
92	65
92	44
92	94
92	68
92	28
92	30
93	132
93	84
93	103
93	62
93	94
93	99
93	21
93	76
93	87
93	55
93	24
93	26
93	127
93	8
93	143
93	88
93	57
93	46
93	29
93	66
93	73
93	14
93	64
93	23
93	146
93	65
93	101
93	124
93	70
93	58
93	25
93	51
93	48
93	140
93	83
93	11
93	139
93	122
93	77
93	6
93	74
93	95
93	75
93	105
93	59
93	15
93	89
93	90
93	82
93	104
93	69
93	96
93	16
94	37
94	132
94	44
94	46
94	18
94	114
94	65
94	5
94	78
94	8
94	63
94	42
94	53
94	61
94	91
94	50
94	81
94	52
94	79
94	38
94	19
94	39
94	146
94	117
94	100
94	125
94	7
94	147
94	45
94	68
94	35
94	27
94	130
94	34
94	23
94	24
94	59
94	123
94	20
94	143
94	108
94	82
94	12
94	111
94	126
94	113
94	122
94	69
94	51
94	86
94	30
94	80
94	64
94	26
94	2
94	105
94	120
94	127
94	74
94	3
94	10
94	109
94	31
94	14
94	135
94	99
94	121
94	66
94	29
94	36
94	47
94	28
94	67
94	88
94	97
94	98
94	60
94	106
94	118
94	140
94	73
94	131
94	21
94	101
94	13
94	110
94	32
94	93
94	96
94	40
94	124
94	87
95	61
95	59
95	44
95	113
95	106
95	52
95	144
95	27
95	145
95	8
95	26
95	88
95	122
95	82
95	101
95	120
95	29
95	5
95	12
95	64
95	50
95	2
95	147
95	132
95	99
95	125
95	81
95	86
95	45
95	42
95	71
95	107
95	103
95	23
95	135
95	84
95	94
95	126
95	138
95	79
95	143
95	66
95	69
95	80
95	55
95	3
95	114
95	137
95	34
95	134
95	22
95	78
95	133
95	65
95	46
95	18
95	21
95	32
95	53
95	146
95	109
95	7
95	48
95	90
95	124
95	28
95	11
95	63
95	89
95	20
96	12
96	124
96	94
96	89
96	87
96	28
96	15
96	29
96	8
96	82
96	132
96	146
96	122
96	46
96	23
96	63
96	147
96	71
96	120
96	105
96	55
96	104
96	86
96	84
96	57
96	65
96	88
96	53
96	36
96	34
96	115
96	58
96	26
96	73
96	77
96	45
96	64
96	103
96	47
96	127
96	70
96	62
96	99
96	101
96	106
96	44
96	51
96	136
96	30
96	142
96	118
96	69
96	85
96	97
96	16
96	14
96	125
96	90
96	6
96	61
96	74
96	72
96	98
96	27
96	56
96	54
96	143
96	52
96	81
96	95
96	91
96	113
96	4
96	59
96	5
96	138
96	144
96	25
96	93
96	32
96	109
96	13
96	129
96	33
96	67
97	94
97	64
97	76
97	86
97	57
97	101
97	23
97	8
97	85
97	132
97	29
97	26
97	122
97	121
97	96
97	51
97	25
97	88
97	66
97	4
97	14
97	82
97	106
97	102
97	144
97	80
97	119
97	30
97	103
97	147
97	81
97	109
97	16
97	12
97	89
97	141
97	17
97	50
97	59
97	44
97	138
97	118
97	46
97	69
97	146
97	107
97	99
97	143
97	36
97	9
97	84
97	139
97	38
97	133
97	71
97	2
97	114
97	32
97	129
97	18
97	10
97	28
97	60
97	128
97	24
97	62
97	104
97	105
97	27
97	3
97	100
97	43
97	120
97	37
97	124
97	98
97	142
97	49
97	20
97	53
97	48
97	90
97	137
97	65
97	5
97	54
97	140
97	72
97	83
97	108
97	67
97	127
97	63
97	52
97	39
97	35
97	95
97	61
97	75
98	8
98	105
98	67
98	23
98	144
98	73
98	99
98	36
98	63
98	15
98	118
98	89
98	12
98	48
98	88
98	30
98	65
98	122
98	132
98	91
98	59
98	146
98	4
98	70
98	134
98	16
98	137
98	42
98	26
98	13
98	147
98	94
98	29
98	143
98	44
98	72
98	66
98	97
98	103
98	86
98	69
98	106
98	51
98	54
98	104
98	82
98	92
98	130
98	46
98	28
98	113
98	95
98	32
99	132
99	86
99	34
99	23
99	146
99	94
99	38
99	28
99	66
99	10
99	44
99	65
99	8
99	69
99	143
99	31
99	88
99	114
99	5
99	29
99	26
99	18
99	57
99	78
99	103
99	53
99	7
99	11
99	59
99	147
99	107
99	121
99	37
99	12
99	81
99	22
99	142
99	64
99	129
99	30
99	41
99	82
99	109
99	108
99	50
99	145
99	49
99	101
99	35
99	144
99	17
99	46
99	89
99	117
99	137
99	27
99	58
99	3
99	2
99	106
99	76
99	120
99	127
99	36
99	63
99	61
99	97
99	126
99	110
99	16
99	52
99	80
99	60
99	48
99	75
99	123
99	111
99	54
99	74
99	24
99	9
99	77
99	62
99	105
99	72
99	51
99	122
99	93
99	104
99	20
99	71
99	96
99	133
99	40
99	90
99	32
99	14
100	60
100	122
100	26
100	94
100	69
100	88
100	145
100	67
100	86
100	8
100	5
100	143
100	30
100	36
100	65
100	133
100	34
100	99
100	116
100	139
100	63
100	113
100	23
100	118
100	52
100	40
100	44
100	53
100	46
100	134
100	132
100	27
100	29
100	89
100	77
100	59
100	61
100	28
100	107
100	138
100	72
100	121
100	73
100	120
100	82
100	128
100	124
100	101
100	108
100	146
100	105
100	12
100	76
100	11
100	80
100	58
100	104
100	79
100	110
100	66
100	31
100	96
100	87
100	106
100	22
100	98
100	137
100	57
100	18
100	4
100	144
100	51
100	74
100	9
100	97
100	142
100	91
100	114
100	127
100	125
100	84
100	75
100	103
100	71
100	64
100	25
100	81
100	140
100	20
100	90
100	16
100	3
100	62
100	141
100	119
100	10
101	99
101	64
101	8
101	31
101	81
101	94
101	147
101	62
101	20
101	14
101	142
101	77
101	114
101	97
101	37
101	73
101	39
101	30
101	5
101	58
101	78
101	115
101	139
101	69
101	132
101	84
101	79
101	59
101	29
101	107
101	11
101	46
101	26
101	127
101	66
101	38
101	103
101	136
101	87
101	12
101	10
101	122
101	89
101	105
101	100
101	88
101	15
101	90
101	85
101	65
101	18
101	52
101	44
101	104
101	146
101	21
101	63
101	25
101	113
101	144
101	86
101	28
101	119
101	50
101	67
101	145
101	116
101	54
101	92
101	23
101	76
101	108
101	128
101	82
101	51
101	53
101	124
101	75
101	4
101	35
101	130
101	61
101	43
101	36
101	134
101	34
101	42
101	133
101	41
101	22
101	68
101	121
101	141
101	138
101	70
101	40
101	118
101	80
101	60
101	17
101	125
101	71
101	72
101	57
101	143
101	7
101	32
101	91
101	55
101	45
101	2
101	120
101	110
101	95
101	109
101	9
101	24
101	137
101	13
101	27
101	6
101	129
101	49
101	112
101	96
101	33
101	83
101	1
101	140
101	16
101	117
101	111
101	106
101	93
101	74
101	102
102	25
102	122
102	113
102	29
102	81
102	99
102	8
102	137
102	45
102	23
102	44
102	59
102	138
102	18
102	89
102	34
102	50
102	64
102	53
102	114
102	139
102	103
102	58
102	22
102	52
102	69
102	86
102	46
102	63
102	115
102	35
102	88
102	132
102	17
102	127
102	133
102	68
102	26
102	43
102	65
102	94
102	62
102	37
102	100
102	107
102	78
102	10
102	84
102	124
102	4
102	73
102	31
102	67
102	130
102	79
102	12
102	30
102	5
102	11
102	66
102	2
102	42
102	38
102	142
102	51
102	36
102	144
102	77
102	119
102	109
102	147
102	9
102	55
102	87
102	146
102	125
102	90
102	21
102	97
102	14
102	60
102	123
102	71
102	82
102	120
102	70
102	27
102	61
102	121
102	6
102	83
102	98
102	57
102	20
102	106
102	128
102	140
102	40
102	105
102	134
102	118
102	108
102	136
102	13
102	28
102	72
102	56
102	16
102	80
102	101
102	143
102	110
102	145
102	141
103	69
103	26
103	109
103	23
103	77
103	122
103	87
103	132
103	86
103	46
103	88
103	120
103	105
103	66
103	94
103	142
103	73
103	136
103	74
103	52
103	108
103	80
103	63
103	101
103	144
103	61
103	53
103	55
103	65
103	106
103	99
103	29
103	60
103	14
103	12
103	84
103	8
103	146
103	44
103	3
103	54
103	124
103	7
103	57
103	35
103	71
103	78
103	30
103	48
103	34
103	127
103	75
103	118
103	89
103	4
103	31
103	62
103	51
103	41
103	107
103	64
103	10
103	111
103	59
103	17
103	133
103	28
103	72
103	90
103	129
103	40
103	82
103	16
103	110
103	36
103	104
103	81
103	38
103	85
103	128
103	139
103	27
103	76
103	1
103	121
103	138
103	21
103	145
103	25
103	79
103	100
103	43
103	2
103	58
103	112
103	96
103	83
103	117
103	97
103	126
103	11
103	24
103	67
103	119
103	22
103	33
103	134
103	137
103	20
103	15
103	49
103	114
103	143
103	6
103	13
103	50
103	5
103	140
103	95
103	45
103	37
103	93
103	42
103	9
103	70
103	147
103	98
103	18
103	116
103	91
103	141
103	125
103	92
104	101
104	69
104	114
104	50
104	25
104	80
104	132
104	134
104	120
104	76
104	28
104	78
104	57
104	79
104	44
104	86
104	46
104	145
104	88
104	121
104	89
104	147
104	5
104	100
104	26
104	63
104	102
104	81
104	29
104	99
104	142
104	65
104	82
104	94
104	8
104	122
104	23
104	36
104	109
104	135
104	110
104	111
104	43
104	18
104	144
104	39
104	118
104	10
104	129
104	139
104	103
104	17
104	41
104	138
104	54
104	53
104	22
104	40
104	60
104	84
104	133
104	34
104	125
104	64
104	68
104	30
104	59
104	11
104	107
104	37
104	20
104	51
104	33
104	12
104	31
104	7
104	75
104	32
104	24
104	4
104	58
104	115
104	9
104	62
104	143
104	27
104	3
104	61
104	92
104	137
104	48
104	146
104	124
104	105
104	66
104	113
104	126
104	106
104	42
104	97
104	128
104	140
104	127
104	45
104	38
104	117
104	141
104	95
104	71
104	96
104	93
104	119
104	83
105	132
105	122
105	100
105	139
105	102
105	107
105	88
105	59
105	89
105	118
105	26
105	34
105	10
105	69
105	120
105	86
105	63
105	8
105	4
105	103
105	25
105	64
105	17
105	142
105	101
105	76
105	121
105	80
105	5
105	46
105	71
105	36
105	147
105	110
105	57
105	40
105	12
105	114
105	144
105	97
105	23
105	52
105	74
105	65
105	94
105	146
105	24
105	82
105	37
105	96
105	29
105	38
105	30
105	32
105	44
105	54
105	31
105	99
105	3
105	133
105	53
105	33
105	62
105	81
105	18
105	124
105	51
105	108
105	141
105	84
105	28
105	50
105	83
105	128
105	41
105	129
105	104
105	98
105	61
105	75
105	126
105	13
105	138
105	72
105	109
105	7
105	2
105	135
105	27
105	6
105	106
105	78
105	20
105	117
105	90
105	66
105	127
105	60
105	1
105	48
105	143
105	137
105	145
105	9
105	123
105	39
105	67
105	140
105	43
105	134
105	119
105	58
105	93
105	115
105	92
105	111
105	15
105	16
105	77
106	146
106	60
106	101
106	52
106	69
106	144
106	26
106	3
106	132
106	82
106	88
106	120
106	80
106	139
106	107
106	142
106	86
106	66
106	103
106	105
106	29
106	61
106	119
106	12
106	27
106	94
106	22
106	100
106	63
106	67
106	53
106	121
106	114
106	129
106	2
106	34
106	128
106	75
106	46
106	16
106	8
106	127
106	10
106	89
106	23
106	36
106	25
106	138
106	141
106	57
106	99
106	74
106	85
106	65
106	76
106	48
106	140
106	134
106	73
106	59
106	72
106	64
106	137
106	84
106	97
107	39
107	74
107	105
107	61
107	56
107	131
107	63
107	47
107	111
107	98
107	8
107	86
107	84
107	59
107	97
107	134
107	91
107	122
107	78
107	64
107	42
107	60
107	126
107	58
107	26
107	12
107	146
107	23
107	103
107	135
107	46
107	94
108	101
108	124
108	25
108	84
108	86
108	66
108	107
108	26
108	94
108	119
108	139
108	125
108	102
108	8
108	64
108	38
108	122
108	78
108	114
108	29
108	53
108	88
108	57
108	52
108	10
108	69
108	63
108	59
108	44
108	103
108	31
108	81
108	30
108	12
108	11
108	28
108	80
108	99
108	142
108	127
108	144
108	5
108	110
108	82
108	65
108	89
108	42
108	132
108	137
108	46
108	131
108	76
108	109
108	146
108	85
108	32
108	62
108	50
108	20
108	147
108	106
108	79
108	100
108	36
108	129
108	128
108	121
108	43
108	51
108	143
108	23
108	133
108	58
108	141
108	145
108	4
108	37
108	140
108	22
108	18
108	138
108	34
108	72
108	61
108	24
109	65
109	121
109	22
109	145
109	86
109	63
109	101
109	69
109	11
109	88
109	53
109	8
109	107
109	81
109	31
109	78
109	57
109	118
109	66
109	10
109	132
109	50
109	142
109	7
109	76
109	2
109	110
109	12
109	117
109	98
109	60
109	80
109	34
109	23
109	64
109	33
109	30
109	82
109	91
109	17
109	126
109	46
110	42
110	147
110	45
110	8
110	82
110	70
110	83
110	26
110	20
110	146
110	4
110	62
110	88
110	71
110	129
110	99
110	34
110	30
110	90
110	94
110	64
110	39
110	29
110	46
110	61
110	120
110	127
110	103
110	124
110	51
110	109
110	43
110	15
110	63
110	52
110	59
110	97
110	57
110	27
110	69
110	101
110	73
110	104
110	119
110	136
110	84
110	105
110	38
110	48
110	32
110	106
110	144
110	36
110	67
110	13
110	16
110	53
111	89
111	28
111	46
111	78
111	51
111	105
111	125
111	132
111	8
111	29
111	94
111	84
111	23
111	141
111	60
111	88
111	113
111	77
111	127
111	32
111	73
111	58
111	122
111	146
111	118
111	42
111	67
111	45
111	20
111	59
111	41
111	12
111	64
111	66
111	30
111	103
111	128
111	36
111	82
111	147
111	26
111	90
111	69
111	63
111	21
111	86
111	97
111	65
111	3
111	104
111	108
111	38
111	117
111	62
111	144
111	124
111	106
111	136
111	54
111	115
111	34
111	79
112	60
112	23
112	147
112	71
112	46
112	8
112	82
112	89
112	121
112	22
112	114
112	145
112	146
112	55
112	50
112	120
112	107
112	64
112	52
112	101
112	94
112	62
112	90
112	84
112	29
112	72
112	141
112	132
112	139
112	41
112	36
112	102
112	78
112	48
112	17
112	34
112	26
112	103
112	51
112	69
112	144
112	88
112	118
112	65
112	70
112	31
112	137
112	12
112	5
112	97
112	43
112	44
112	75
112	143
112	30
112	86
112	99
112	18
112	16
112	80
112	124
112	83
112	122
112	100
112	9
112	61
112	32
112	127
112	28
112	24
112	59
112	37
112	98
112	104
112	11
112	109
112	49
112	63
112	20
112	142
112	140
112	108
112	105
112	115
112	15
112	138
112	66
113	8
113	23
113	46
113	147
113	146
113	82
113	29
113	130
113	10
113	17
113	52
113	118
113	25
113	4
113	53
113	120
113	38
113	88
113	31
113	99
113	36
113	64
113	28
113	122
113	94
113	132
113	32
113	92
113	87
113	106
113	65
113	104
113	124
113	44
113	51
113	121
113	27
113	101
113	84
113	48
113	86
113	89
113	59
113	26
113	133
113	41
113	95
113	54
113	138
113	127
113	71
113	30
113	60
113	140
113	108
113	1
113	100
113	103
113	129
113	145
113	62
114	112
114	26
114	102
114	87
114	94
114	8
114	88
114	133
114	86
114	45
114	142
114	52
114	70
114	23
114	69
114	139
114	25
114	127
114	11
114	30
114	122
114	100
114	132
114	147
114	80
114	116
114	63
114	71
114	4
114	85
114	31
114	41
114	121
114	110
114	42
114	115
114	51
114	128
114	124
114	12
114	28
114	99
114	16
114	105
114	58
114	34
114	103
114	107
114	90
114	82
114	75
114	106
114	61
114	79
114	66
114	67
114	68
114	64
114	48
114	146
114	138
114	44
114	91
114	18
114	101
114	137
114	119
114	60
114	54
114	125
114	97
114	43
114	27
114	36
114	55
114	76
114	113
114	10
114	32
114	145
114	46
114	29
114	95
114	135
114	65
114	84
114	111
114	1
114	72
114	24
114	73
114	57
114	53
114	13
114	104
114	98
114	15
114	143
114	74
114	38
114	49
114	62
114	5
114	144
114	108
114	140
114	83
114	78
114	109
114	9
114	14
114	118
114	77
114	117
114	6
114	130
114	131
114	3
114	40
115	8
115	139
115	106
115	136
115	34
115	64
115	90
115	71
115	16
115	29
115	50
115	59
115	23
115	1
115	94
115	77
115	133
115	20
115	99
115	121
115	104
115	46
115	112
115	65
115	52
115	69
115	36
115	82
115	40
115	89
115	26
115	73
115	147
115	132
115	101
115	143
115	31
115	86
115	66
115	103
115	67
115	60
115	44
115	53
115	105
115	97
115	146
115	14
115	63
115	120
115	43
115	127
115	88
115	76
115	48
115	62
115	25
115	32
115	28
115	107
115	141
115	142
115	61
115	33
115	78
116	38
116	8
116	86
116	80
116	101
116	55
116	94
116	103
116	82
116	12
116	26
116	132
116	23
116	108
116	113
116	25
116	72
116	1
116	97
116	78
116	46
116	29
116	73
116	84
116	21
116	34
116	127
116	67
116	107
116	146
116	36
116	66
116	99
116	142
116	147
116	52
116	120
116	65
116	88
116	51
116	121
116	18
116	10
116	14
116	69
116	119
116	32
116	44
116	59
116	68
116	71
116	43
116	124
116	6
116	105
116	85
116	28
116	13
116	133
116	53
116	64
116	122
116	62
116	63
116	31
116	139
117	8
117	94
117	102
117	103
117	87
117	140
117	21
117	59
117	60
117	105
117	122
117	15
117	124
117	46
117	38
117	36
117	26
117	118
117	88
117	37
117	29
117	86
117	23
117	89
117	132
117	136
117	146
117	133
117	73
117	99
117	115
117	64
117	143
117	40
117	51
117	77
117	65
117	127
117	55
117	25
117	125
117	138
117	84
117	14
117	4
117	79
117	116
117	28
117	48
117	61
117	63
117	119
117	113
117	42
117	69
117	82
117	71
117	31
117	67
117	20
117	108
117	66
117	24
117	144
117	3
117	57
117	147
117	104
117	54
117	72
117	44
118	5
118	124
118	107
118	120
118	52
118	122
118	25
118	46
118	88
118	134
118	80
118	69
118	10
118	53
118	114
118	127
118	81
118	20
118	12
118	132
118	138
118	40
118	57
118	26
118	109
118	110
118	102
118	29
118	23
118	30
118	75
118	101
118	11
118	63
118	71
118	103
118	86
118	144
118	18
118	64
118	142
118	59
118	100
118	44
118	31
118	65
118	133
118	147
118	66
118	3
118	37
118	84
118	78
118	62
118	94
118	89
118	34
118	8
118	82
118	79
118	42
118	39
118	67
118	50
118	76
118	128
118	7
118	28
118	125
118	141
118	74
118	58
118	135
118	139
118	2
118	99
118	146
118	36
118	145
118	98
118	121
118	91
118	61
118	104
118	113
118	22
118	143
118	105
118	117
118	43
118	54
118	106
118	49
118	27
118	17
118	9
118	48
118	32
118	72
118	38
118	83
119	50
119	20
119	97
119	101
119	58
119	122
119	144
119	5
119	67
119	65
119	81
119	10
119	102
119	31
119	39
119	18
119	8
119	29
119	147
119	79
119	91
119	103
119	99
119	120
119	138
119	132
119	113
119	46
119	44
119	127
119	84
119	88
119	7
119	30
119	23
119	42
119	25
119	141
119	14
119	125
119	143
119	26
119	43
119	108
119	86
119	139
119	11
119	94
119	109
119	69
119	51
119	12
119	35
119	75
119	59
119	37
119	4
119	71
119	45
119	22
119	61
119	40
119	64
119	28
119	2
119	36
119	66
119	57
119	16
119	110
119	133
119	100
119	82
119	63
119	15
119	121
119	128
119	6
119	9
119	53
119	62
119	96
119	124
119	89
119	105
119	85
119	134
119	72
119	137
119	129
119	17
119	146
119	70
119	142
120	11
120	99
120	101
120	62
120	87
120	52
120	118
120	5
120	122
120	88
120	103
120	124
120	29
120	69
120	77
120	86
120	73
120	21
120	142
120	4
120	26
120	102
120	84
120	64
120	78
120	94
120	136
120	57
120	139
120	18
120	59
120	104
120	37
120	46
120	105
120	114
120	90
120	31
120	65
120	10
120	24
120	133
120	22
120	82
120	25
120	128
120	28
120	44
120	50
120	8
120	144
120	145
120	51
120	147
120	63
120	55
120	89
120	36
120	79
120	81
120	85
120	20
120	54
120	100
120	75
120	109
120	43
120	35
120	34
120	15
120	76
120	71
120	130
120	45
120	56
120	110
120	107
120	80
120	67
120	58
120	66
120	70
120	138
120	146
120	30
120	92
120	127
120	42
120	7
120	12
120	95
120	132
120	140
120	53
120	13
120	23
120	143
120	111
120	61
120	72
120	113
120	2
120	135
120	74
120	38
120	121
120	33
120	98
120	106
120	27
120	117
120	6
120	68
120	115
120	48
120	1
120	40
120	137
120	16
120	131
120	9
120	125
120	39
120	60
120	93
120	91
120	123
120	96
121	85
121	123
121	8
121	91
121	33
121	69
121	132
121	108
121	34
121	9
121	143
121	142
121	23
121	104
121	80
121	94
121	144
121	52
121	16
121	103
122	64
122	99
122	57
122	138
122	118
122	45
122	83
122	58
122	88
122	23
122	10
122	31
122	107
122	63
122	104
122	74
122	82
122	25
122	29
122	94
122	43
122	147
122	71
122	69
122	130
122	123
122	38
122	127
122	61
122	36
122	52
122	132
122	60
122	16
122	42
122	75
122	141
122	146
122	133
122	115
122	46
122	26
122	48
122	28
122	8
122	124
122	137
122	20
122	70
122	59
122	106
122	105
122	142
122	86
122	3
122	34
122	24
122	39
122	68
122	54
122	33
122	32
122	44
122	98
122	84
122	62
122	125
122	30
122	65
122	13
122	113
122	114
122	53
122	89
122	80
122	143
122	15
122	111
122	112
122	12
122	90
122	76
122	144
122	51
122	109
122	120
122	101
122	66
122	67
122	79
122	4
122	136
122	6
122	103
122	1
122	97
122	121
122	22
122	55
122	135
122	2
122	78
122	11
122	95
122	128
122	41
122	73
122	85
122	50
122	108
122	27
122	17
122	92
122	119
122	91
122	35
122	72
122	14
122	129
122	126
122	134
122	145
122	140
122	100
122	7
122	96
122	93
122	81
122	49
122	9
122	77
123	146
123	23
123	86
123	12
123	51
123	72
123	26
123	55
123	88
123	105
123	132
123	99
123	125
123	104
123	103
123	8
123	31
123	6
123	90
123	17
123	82
123	29
123	63
123	75
123	84
123	28
123	52
123	108
123	89
123	120
123	135
123	38
123	94
123	10
123	66
123	87
123	129
123	27
123	127
123	118
123	46
123	116
123	30
123	73
123	69
123	81
123	7
123	122
123	121
123	20
123	77
123	64
123	71
123	133
123	4
123	3
123	67
123	36
123	136
123	44
123	59
123	39
123	61
123	124
123	140
123	58
123	147
123	142
123	128
123	54
123	53
123	41
123	37
123	24
123	95
123	143
123	1
123	21
123	45
123	34
123	141
123	16
123	109
123	115
123	83
123	33
124	5
124	44
124	65
124	81
124	132
124	38
124	18
124	53
124	8
124	37
124	50
124	35
124	111
124	66
124	62
124	12
124	147
124	64
124	26
124	23
124	59
124	52
124	146
124	30
124	2
124	114
124	29
124	135
124	60
124	86
124	120
124	94
124	126
124	99
124	11
124	105
124	117
124	3
124	61
124	36
124	82
124	98
124	51
124	143
124	103
124	24
124	40
124	84
124	69
124	71
124	32
124	93
124	67
124	96
124	88
125	130
125	8
125	86
125	104
125	147
125	28
125	116
125	146
125	46
125	26
125	29
125	23
125	20
125	144
125	64
125	101
125	106
125	133
125	38
125	12
125	4
125	118
125	62
125	122
125	127
125	88
125	138
125	132
125	25
125	66
125	27
125	32
125	84
125	82
125	119
125	65
125	99
125	94
125	36
125	120
125	95
125	52
125	71
125	60
125	108
125	34
125	50
125	22
125	124
125	103
125	59
125	72
125	63
125	140
125	1
125	128
125	69
125	111
125	87
125	105
125	100
125	89
125	129
125	17
126	132
126	65
126	8
126	38
126	128
126	57
126	43
126	147
126	12
126	23
126	86
126	64
126	21
126	55
126	133
126	116
126	51
126	46
126	82
126	28
126	94
126	29
126	120
126	30
126	59
126	105
126	26
126	104
126	20
126	88
126	99
126	32
126	14
126	66
126	143
126	89
126	101
126	146
126	36
126	16
126	58
126	69
126	127
126	62
126	122
126	73
126	84
126	71
126	118
126	52
126	124
126	121
126	54
126	42
126	72
126	31
126	60
126	140
126	15
126	79
126	107
126	109
126	78
126	97
126	48
126	6
126	136
126	103
126	125
126	70
126	90
126	25
126	95
126	68
126	113
126	144
127	88
127	11
127	132
127	8
127	94
127	76
127	99
127	12
127	86
127	65
127	57
127	101
127	14
127	73
127	64
127	35
127	22
127	89
127	63
127	105
127	81
127	69
127	129
127	84
127	119
127	50
127	145
127	97
127	10
127	75
127	128
127	54
127	78
127	26
127	44
127	30
127	146
127	31
127	142
127	121
127	23
127	2
127	55
127	58
127	103
127	126
127	53
127	66
127	59
127	117
127	82
127	144
127	80
127	120
127	104
127	61
127	34
127	124
127	38
127	107
127	46
127	1
127	29
127	60
127	125
127	140
127	36
127	32
127	133
127	83
127	25
127	3
128	31
128	44
128	129
128	26
128	133
128	69
128	8
128	57
128	94
128	61
128	88
128	72
128	99
128	112
128	67
128	16
128	59
128	23
128	130
128	91
128	142
128	114
128	136
128	51
128	65
128	29
128	73
128	38
128	28
128	64
128	97
128	89
128	86
128	14
128	119
128	20
128	105
128	2
128	127
128	132
128	54
128	108
128	147
128	82
128	63
128	109
128	30
128	146
128	15
128	103
128	113
128	118
128	68
128	25
128	70
128	41
128	55
128	46
128	104
128	90
128	36
128	122
128	120
128	95
128	78
129	61
129	44
129	139
129	101
129	69
129	120
129	96
129	27
129	66
129	52
129	63
129	60
129	119
129	146
129	132
129	99
129	89
129	86
129	29
129	65
129	31
129	15
129	59
129	144
129	88
129	53
129	34
129	103
129	25
129	78
129	12
129	11
129	109
129	64
129	46
129	142
129	145
129	124
129	121
129	23
129	107
129	76
129	3
129	28
129	80
129	110
129	39
129	81
129	5
129	22
129	93
129	134
129	84
129	26
129	62
129	51
129	143
129	32
129	35
129	94
129	85
130	64
130	147
130	82
130	51
130	60
130	38
130	121
130	62
130	8
130	104
130	52
130	79
130	23
130	125
130	106
130	99
130	32
130	94
130	84
130	132
130	113
130	144
130	29
130	103
130	46
130	146
130	71
130	78
130	26
130	4
130	34
130	63
130	59
130	66
130	65
130	36
130	10
130	86
130	31
130	48
130	68
130	101
130	44
130	50
130	20
130	102
130	57
130	80
130	28
130	53
130	74
130	137
130	109
130	97
130	92
130	12
130	127
130	88
130	140
130	100
130	22
130	69
130	120
130	89
130	107
130	116
130	72
130	142
130	119
130	25
130	143
130	81
131	8
131	105
131	73
131	86
131	91
131	69
131	23
131	145
131	120
131	52
131	87
131	48
131	112
131	122
131	99
131	80
131	132
131	103
131	51
131	94
131	4
131	44
131	137
131	17
131	90
131	125
131	27
131	66
131	64
131	46
131	7
131	144
131	36
131	101
131	53
131	118
131	45
131	121
131	70
131	60
131	88
131	13
131	124
131	138
131	106
131	63
131	146
131	6
131	136
131	2
131	71
131	68
131	65
131	12
131	34
131	28
131	15
131	104
131	147
131	119
131	82
131	84
131	135
131	54
131	29
131	25
131	58
131	43
131	113
131	72
131	42
131	115
131	16
131	93
131	140
131	61
131	77
131	97
131	127
131	10
131	109
131	30
131	26
131	143
131	57
131	32
132	111
132	123
132	74
132	88
132	36
132	86
132	51
132	104
132	49
132	63
132	118
132	131
132	61
132	85
132	69
132	18
132	46
132	136
132	8
132	94
132	135
132	146
132	26
132	22
132	87
132	145
132	60
132	90
132	77
132	59
132	114
132	52
132	57
132	5
132	12
132	56
132	29
132	65
132	144
132	101
132	11
132	105
132	142
132	15
132	30
132	80
132	33
132	81
132	54
132	64
132	99
132	89
132	82
132	122
132	24
132	50
132	130
132	27
132	31
132	28
132	62
132	103
132	125
132	4
132	23
132	119
132	25
132	6
132	107
132	84
132	128
132	116
132	134
132	53
132	78
132	14
132	120
132	38
132	73
132	100
132	37
132	7
132	95
132	35
132	55
132	2
132	121
132	139
132	124
132	21
132	102
132	127
132	143
132	43
132	44
132	19
132	75
132	17
132	109
132	91
132	48
132	39
132	137
132	66
132	42
132	140
132	10
132	98
132	13
132	3
132	20
132	141
132	110
132	133
132	147
132	40
132	92
132	79
132	138
132	72
132	129
132	126
132	76
132	93
132	58
132	96
132	1
132	32
133	131
133	47
133	19
133	135
133	59
133	8
133	111
133	61
133	39
133	98
133	56
133	94
133	44
133	113
133	74
133	20
133	23
133	68
133	55
133	17
133	12
133	132
134	88
134	104
134	99
134	6
134	101
134	65
134	118
134	122
134	4
134	124
134	127
134	86
134	11
134	102
134	110
134	80
134	81
134	8
134	63
134	103
134	18
134	46
134	44
134	25
134	94
134	133
134	84
134	75
134	59
134	42
134	144
134	62
134	36
134	128
134	95
134	51
134	90
134	45
134	31
134	29
134	92
134	83
134	79
134	26
134	50
134	69
134	22
134	145
134	21
134	138
134	12
134	78
134	105
134	2
134	37
134	61
134	48
134	114
134	143
134	77
134	40
134	142
134	43
134	55
134	147
134	109
134	136
134	60
134	53
134	23
134	5
134	100
134	33
134	98
134	107
134	64
134	54
134	27
134	70
134	89
134	72
134	139
134	57
134	28
134	82
134	1
134	146
134	132
134	140
134	126
134	66
134	76
134	30
134	137
134	141
134	87
134	24
135	26
135	132
135	94
135	29
135	99
135	20
135	64
135	63
135	90
135	104
135	28
135	65
135	8
135	42
135	70
135	36
135	46
135	5
135	59
135	38
135	30
135	118
135	73
135	15
135	52
135	87
135	122
135	147
135	86
135	77
135	21
135	57
135	127
135	103
135	106
135	2
135	10
135	78
135	55
135	75
135	91
135	80
135	105
135	144
135	146
135	13
135	95
135	110
135	58
135	84
135	82
135	120
135	129
135	34
135	142
135	25
135	62
135	23
135	44
135	60
135	112
135	138
135	88
135	124
135	117
135	27
135	136
135	17
135	32
135	31
135	68
135	81
135	116
135	51
135	14
135	97
135	66
135	4
135	43
135	137
135	69
135	125
135	18
135	133
135	72
135	12
135	89
135	79
135	121
135	71
135	24
135	141
135	39
135	83
135	92
135	67
135	9
135	76
135	61
135	11
135	41
135	143
135	139
135	6
135	140
135	93
135	33
136	8
136	26
136	4
136	64
136	101
136	103
136	25
136	87
136	24
136	142
136	23
136	11
136	46
136	106
136	31
136	29
136	146
136	99
136	65
136	69
136	120
136	94
136	57
136	122
136	21
136	86
136	147
136	129
136	53
136	71
136	32
136	143
136	132
136	138
136	88
136	59
136	38
136	66
136	28
136	82
136	37
136	133
136	84
136	124
136	50
136	63
136	36
136	35
136	139
136	144
136	7
136	100
136	78
136	77
136	85
136	90
136	55
136	12
136	2
136	110
136	51
136	127
136	44
136	34
136	130
136	73
136	18
136	5
136	52
136	126
136	76
136	114
136	145
136	68
136	128
136	6
136	137
136	121
136	22
136	10
136	62
136	75
136	140
136	111
136	3
136	27
136	107
136	93
136	74
136	113
136	89
136	30
136	61
136	81
136	33
136	105
137	52
137	101
137	8
137	114
137	82
137	26
137	80
137	103
137	86
137	29
137	23
137	147
137	113
137	30
137	5
137	70
137	79
137	127
137	99
137	34
137	36
137	94
137	44
137	27
137	84
137	69
137	132
137	28
137	83
137	91
137	3
137	64
137	120
137	98
137	110
137	59
137	21
137	68
137	45
137	65
137	116
137	42
137	112
137	39
137	92
137	81
137	142
137	24
137	146
137	140
137	105
137	13
137	89
137	60
137	124
137	75
137	88
137	93
137	71
137	63
137	48
137	90
137	144
137	58
137	143
137	66
137	51
137	138
137	53
138	77
138	105
138	23
138	27
138	21
138	46
138	118
138	60
138	15
138	29
138	90
138	55
138	95
138	142
138	88
138	86
138	8
138	16
138	1
138	72
138	147
138	63
138	124
138	120
138	41
138	42
138	32
138	59
138	64
138	26
138	25
138	108
138	65
138	54
138	78
138	132
138	57
138	48
138	44
138	58
138	80
138	14
138	94
138	67
138	104
138	53
138	70
138	144
138	73
138	99
138	61
138	69
138	51
138	82
138	146
138	113
138	2
138	33
138	52
138	30
138	107
138	136
138	66
138	101
138	79
138	140
138	28
138	106
138	117
138	141
138	127
138	135
138	13
138	36
138	20
138	62
138	97
138	112
138	43
138	139
138	49
138	71
138	81
138	134
138	87
138	131
138	129
138	119
138	122
138	6
138	121
138	91
138	92
139	103
139	99
139	86
139	106
139	88
139	101
139	52
139	44
139	30
139	142
139	90
139	132
139	107
139	80
139	42
139	104
139	72
139	34
139	60
139	8
139	57
139	117
139	69
139	12
139	36
139	51
139	76
139	78
139	94
139	23
139	82
139	53
139	122
139	113
139	41
139	121
139	89
139	35
139	59
139	133
139	66
139	26
139	37
139	46
139	25
139	109
139	10
139	64
139	7
139	65
139	105
139	28
139	31
139	70
139	98
139	84
139	6
139	58
139	125
139	83
139	81
139	116
139	144
139	140
139	68
139	146
139	20
139	2
139	120
139	127
139	63
139	147
139	74
139	79
139	61
139	22
139	135
139	138
139	16
139	29
139	119
139	124
139	75
139	1
139	91
139	108
139	62
139	97
139	126
139	3
139	54
139	131
139	93
139	145
139	137
139	24
139	14
139	48
139	112
139	11
139	55
139	67
139	143
139	110
139	17
139	123
139	96
139	40
139	4
140	134
140	132
140	103
140	88
140	52
140	144
140	34
140	120
140	80
140	122
140	107
140	61
140	86
140	54
140	145
140	101
140	133
140	29
140	82
140	94
140	60
140	71
140	97
140	138
140	142
140	15
140	147
140	27
140	139
140	90
140	106
140	126
140	121
140	28
140	25
140	84
140	143
140	51
140	26
140	93
140	3
140	127
140	48
140	35
140	23
140	4
141	8
141	69
141	60
141	63
141	82
141	86
141	101
141	12
141	42
141	53
141	122
141	61
141	120
141	134
141	94
141	105
141	144
141	73
141	88
141	52
141	97
141	14
141	147
141	22
141	28
141	72
141	132
141	25
141	38
141	34
141	142
141	119
141	99
141	112
141	78
141	139
141	68
141	90
141	138
141	40
141	145
141	83
141	127
141	32
141	70
141	36
141	137
141	113
141	118
141	103
141	108
141	15
141	57
141	104
141	23
142	8
142	105
142	123
142	132
142	15
142	127
142	82
142	133
142	17
142	99
142	64
142	59
142	29
142	5
142	86
142	71
142	67
142	36
142	46
142	26
142	38
142	33
142	54
142	12
142	103
142	27
142	68
142	104
142	60
142	130
142	122
142	120
142	35
142	42
142	146
142	32
142	53
142	141
142	94
142	84
142	73
142	51
143	49
143	38
143	88
143	22
143	101
143	66
143	11
143	31
143	142
143	86
143	35
143	132
143	107
143	12
143	63
143	65
143	50
143	145
143	53
143	76
143	54
143	57
143	121
143	24
143	75
143	117
143	80
143	46
143	98
143	69
143	120
143	8
143	111
143	81
143	96
143	94
143	93
143	78
143	39
143	34
143	82
143	2
144	73
144	1
144	77
144	20
144	78
144	21
144	105
144	14
144	11
144	97
144	6
144	64
144	136
144	55
144	122
144	69
144	94
144	37
144	81
144	118
144	63
144	104
144	18
144	53
144	15
144	26
144	82
144	86
144	46
144	57
144	8
144	90
144	50
144	65
144	146
144	147
144	101
144	132
144	23
144	44
144	114
144	28
144	103
144	12
144	134
144	59
144	40
144	30
144	36
144	142
144	29
144	99
144	54
144	10
144	138
144	133
144	98
144	68
144	128
144	42
144	51
144	130
144	25
144	108
144	35
144	109
144	79
144	66
144	38
144	71
144	137
144	100
144	45
144	95
144	17
144	5
144	115
144	80
144	89
144	67
144	7
144	34
144	83
144	84
144	72
144	88
144	121
144	139
144	87
144	2
144	4
144	85
144	129
144	58
144	124
144	75
144	145
144	3
144	22
144	123
144	9
144	16
144	43
144	13
144	60
144	120
144	113
144	143
144	62
144	74
144	140
144	32
144	92
144	125
144	127
144	48
144	107
144	93
144	116
144	52
144	61
144	24
144	96
144	33
145	147
145	138
145	59
145	48
145	23
145	122
145	69
145	8
145	127
145	103
145	88
145	26
145	65
145	100
145	31
145	80
145	25
145	139
145	29
145	20
145	137
145	132
145	105
145	86
145	113
145	82
145	84
145	46
145	130
145	61
145	133
145	94
145	4
145	5
145	81
145	99
145	143
145	116
145	104
145	66
145	58
145	35
145	39
145	53
145	64
145	51
145	38
145	101
145	18
145	74
145	141
145	67
145	102
145	109
145	28
145	62
145	121
145	12
145	83
145	36
145	144
145	34
145	27
145	129
145	90
145	44
145	106
145	91
145	89
145	97
145	124
145	71
145	60
145	52
145	30
145	11
145	37
145	107
145	63
145	146
145	40
145	42
145	54
145	55
145	112
145	72
145	9
145	98
145	68
145	120
145	70
145	140
145	136
145	95
145	41
145	21
145	32
145	93
145	3
145	110
145	76
146	77
146	69
146	52
146	144
146	101
146	61
146	29
146	87
146	132
146	78
146	86
146	103
146	15
146	88
146	66
146	55
146	21
146	53
146	120
146	139
146	112
146	60
146	104
146	18
146	105
146	145
146	80
146	6
146	76
146	114
146	14
146	73
146	134
146	8
146	4
146	7
146	119
146	90
146	23
146	35
146	31
146	109
146	63
146	136
146	41
146	72
146	13
146	118
146	12
146	81
146	20
146	46
146	133
146	44
146	142
146	64
146	42
146	99
146	5
146	108
146	97
146	38
146	143
146	43
146	25
146	11
146	110
146	84
146	26
146	2
146	79
146	10
146	62
146	122
146	107
146	94
146	3
146	57
146	100
146	59
146	135
146	67
146	121
146	96
146	36
146	40
146	65
146	91
146	28
146	22
146	102
146	125
146	39
146	98
146	140
146	75
146	126
146	137
146	111
146	24
146	89
146	147
146	92
146	93
146	82
146	106
146	30
146	83
146	1
146	37
146	124
146	95
146	85
146	68
147	61
147	129
147	132
147	66
147	52
147	60
147	23
147	101
147	146
147	144
147	10
147	86
147	106
147	26
147	88
147	119
147	5
147	120
147	46
147	71
147	65
147	25
147	48
147	29
147	139
147	57
147	145
147	45
147	27
147	9
147	82
147	134
147	116
147	63
147	84
147	36
147	127
147	128
147	34
147	122
147	143
147	76
147	53
147	99
147	107
147	118
147	51
147	124
147	133
147	12
147	138
147	69
147	75
147	81
147	35
147	28
147	109
147	40
147	8
147	80
147	3
147	24
147	114
147	18
147	44
147	89
147	7
147	121
147	105
147	136
147	59
147	95
147	31
147	94
147	38
147	43
147	117
147	64
147	2
147	30
147	42
147	74
147	96
147	49
147	110
147	39
147	98
147	142
147	126
147	62
147	50
147	79
147	78
147	37
147	54
147	22
147	97
147	68
147	115
147	93
147	83
147	104
147	4
147	85
147	103
147	13
