1	83
1	29
1	88
1	28
1	85
1	61
1	7
1	90
1	42
1	98
1	10
1	18
1	23
1	77
1	19
1	79
1	41
1	17
1	64
1	101
1	52
1	54
1	12
1	36
1	84
1	8
1	4
1	13
1	100
1	20
1	24
1	9
1	91
1	99
1	11
1	70
1	16
1	25
1	53
1	55
1	74
1	51
1	89
1	96
1	102
1	46
1	5
1	26
1	78
1	62
1	49
1	27
1	76
1	75
1	59
1	73
1	94
1	95
1	86
2	58
2	43
2	72
2	65
2	55
2	75
2	101
2	88
2	76
2	77
2	16
2	64
2	12
2	10
2	20
2	37
2	7
3	81
3	22
3	55
3	8
3	72
3	28
3	37
3	50
3	63
3	12
3	7
3	88
3	97
3	98
3	64
3	10
3	23
3	13
3	94
3	53
3	82
3	75
3	16
3	62
3	29
3	17
3	43
3	19
3	78
3	91
3	36
3	33
3	65
3	18
3	101
3	56
3	90
3	4
3	51
3	20
3	92
3	40
3	47
3	96
3	11
3	39
3	48
3	68
3	41
3	83
3	2
3	58
3	52
3	70
3	61
3	15
3	54
3	26
3	71
3	42
3	27
3	89
3	79
3	69
3	31
3	102
3	67
3	46
3	93
3	44
3	99
3	95
3	74
3	49
3	57
4	88
4	64
4	23
4	98
4	14
4	101
4	34
4	20
4	94
4	10
4	12
4	29
4	17
4	75
4	85
4	78
4	73
4	28
4	55
4	8
4	70
4	86
4	47
4	24
4	3
4	9
4	84
4	42
4	11
4	32
4	96
4	18
4	13
4	30
4	2
4	92
4	37
4	45
4	87
4	65
4	43
4	95
4	26
4	25
4	66
4	76
4	50
4	82
4	102
4	41
4	33
5	26
5	6
5	86
5	101
5	94
5	98
5	99
5	60
5	67
5	25
5	31
5	23
5	100
5	33
5	95
5	28
5	54
5	42
5	12
5	10
5	91
5	83
5	61
5	102
5	45
5	55
5	24
5	78
5	88
5	41
5	49
5	34
5	66
5	8
5	9
5	17
5	64
5	14
5	18
5	11
5	77
5	53
5	7
5	73
5	84
5	32
5	74
5	36
5	90
5	71
5	57
5	76
5	79
5	50
5	15
5	87
5	4
5	70
5	46
5	29
5	82
5	65
5	21
5	62
5	2
5	75
5	47
5	37
5	51
6	62
6	88
6	28
6	94
6	30
6	8
6	10
6	2
6	18
6	35
6	64
6	83
6	67
6	86
6	25
6	26
6	33
6	17
6	15
6	65
6	98
6	32
6	93
6	97
6	70
6	102
6	23
6	80
6	20
6	56
6	42
6	90
6	11
6	100
6	5
6	55
6	54
6	9
6	19
6	12
6	7
6	45
6	13
6	75
6	79
6	84
6	99
6	49
6	101
6	74
6	3
6	91
6	95
6	61
6	68
6	29
6	71
6	76
6	34
6	50
6	69
6	85
7	63
7	88
7	14
7	56
7	94
7	90
7	37
7	61
7	97
7	10
7	3
7	33
7	64
7	101
7	8
7	72
7	29
7	82
7	28
7	20
7	75
7	87
7	12
7	43
7	76
7	16
7	55
7	23
7	53
7	65
7	41
7	54
7	98
7	40
7	42
7	83
7	78
7	17
7	50
7	11
7	18
7	68
7	24
7	13
7	48
7	70
7	47
7	22
7	58
7	26
7	93
7	36
7	62
7	2
7	19
7	38
7	84
7	79
7	80
7	6
7	46
7	89
7	44
7	96
7	31
7	69
7	99
7	74
7	57
8	42
8	29
8	23
8	7
8	61
8	18
8	54
8	17
8	36
8	90
8	28
8	85
8	26
8	19
8	56
8	53
8	88
8	99
8	83
8	101
8	11
8	5
8	24
8	70
8	91
8	47
8	1
8	98
8	10
8	84
8	12
8	3
8	63
8	93
8	64
8	58
8	77
8	16
8	52
8	62
8	50
8	74
8	78
8	27
8	41
8	4
8	79
8	20
8	73
8	80
8	31
8	32
8	75
8	38
8	102
8	13
8	39
8	37
8	100
8	49
8	86
8	2
8	51
8	55
8	96
8	76
8	65
8	95
8	69
8	57
8	82
8	44
8	89
8	67
8	60
8	35
8	71
8	48
8	59
8	30
8	33
9	98
9	29
9	17
9	64
9	26
9	86
9	47
9	57
9	42
9	10
9	80
9	35
9	88
9	28
9	83
9	56
9	18
9	50
9	101
9	5
9	66
9	16
9	72
9	52
9	13
9	53
9	62
9	78
9	4
9	7
9	3
9	58
9	102
9	95
9	8
9	11
9	71
9	75
9	31
9	23
9	76
9	2
9	55
9	36
9	94
9	37
9	68
9	79
9	54
9	73
9	20
9	14
9	84
9	70
9	45
9	93
9	12
9	99
9	6
9	85
9	69
9	1
9	65
9	38
9	43
9	89
9	90
9	46
9	25
9	60
9	32
9	39
9	49
9	100
9	61
9	67
9	82
9	59
9	27
9	48
9	24
9	91
9	41
9	96
9	87
10	92
10	94
10	88
10	68
10	101
10	52
10	23
10	26
10	48
10	17
10	78
10	55
10	75
10	73
10	28
10	16
10	12
10	53
10	3
10	33
10	64
10	20
10	97
10	96
10	41
10	11
10	29
10	47
10	2
10	84
10	82
10	42
10	50
10	99
10	70
10	1
10	7
10	57
10	95
10	31
10	83
10	60
10	18
10	13
10	100
10	85
10	67
10	98
10	45
10	46
10	79
10	5
10	4
10	37
10	38
10	81
10	22
10	36
11	87
11	88
11	55
11	53
11	10
11	72
11	94
11	78
11	50
11	29
11	41
11	3
11	8
11	7
11	65
11	82
11	13
11	12
11	43
11	2
11	28
11	23
11	62
11	61
11	17
11	42
11	73
11	67
11	64
11	76
11	99
11	20
11	44
11	18
11	66
11	9
11	54
11	102
11	85
11	37
11	98
11	26
11	75
11	83
11	90
11	79
11	101
11	19
11	21
11	52
11	16
11	93
11	38
11	91
11	48
11	36
11	33
11	1
11	47
11	46
11	31
11	39
11	74
11	70
11	69
11	59
12	3
12	13
12	37
12	94
12	36
12	23
12	11
12	82
12	98
12	101
12	28
12	22
12	7
12	88
12	56
12	1
12	27
12	10
12	29
12	72
12	54
12	99
12	40
12	87
12	24
12	55
12	81
12	65
12	78
12	38
12	59
12	33
13	65
13	72
13	61
13	88
13	87
13	10
13	3
13	85
13	36
13	58
13	28
13	50
13	11
13	82
13	29
13	101
13	55
13	42
13	64
13	2
13	73
13	83
13	12
13	7
13	26
13	18
13	69
13	17
13	75
13	56
13	51
13	99
13	37
13	43
13	97
13	54
13	1
13	32
13	41
13	78
13	96
13	4
13	23
13	90
13	20
13	98
13	14
13	5
13	95
13	48
13	8
13	47
13	45
13	76
13	94
13	16
13	52
13	9
13	53
13	15
13	57
13	93
13	27
13	19
13	74
13	70
13	71
13	31
13	92
13	44
13	89
13	35
13	59
13	67
13	38
13	46
14	52
14	4
14	16
14	98
14	38
14	26
14	7
14	88
14	82
14	73
14	67
14	86
14	48
14	94
14	42
14	28
14	17
14	55
14	87
14	10
14	78
14	1
14	47
14	56
14	23
14	41
14	3
14	8
14	18
14	37
14	101
14	96
14	68
14	20
14	33
14	12
14	35
14	2
14	76
14	5
14	25
14	9
14	11
14	75
14	102
15	102
15	50
15	98
15	56
15	42
15	49
15	64
15	7
15	23
15	101
15	1
15	88
15	28
15	37
15	83
15	41
15	13
15	20
15	6
15	8
15	11
15	26
15	52
15	18
15	62
15	61
15	10
15	75
15	95
15	90
15	12
15	99
15	57
15	71
15	93
15	3
15	47
15	17
15	46
15	53
15	38
15	74
15	55
15	54
15	5
15	69
15	87
15	80
15	14
16	82
16	53
16	28
16	18
16	74
16	7
16	8
16	42
16	36
16	50
16	88
16	64
16	19
16	90
16	29
16	91
16	12
16	23
16	78
16	10
16	38
16	101
16	98
16	51
16	54
16	17
16	9
16	71
16	70
16	83
16	89
16	55
16	47
16	93
16	86
16	75
16	59
16	67
16	99
16	11
16	94
16	39
16	84
16	34
16	20
16	45
16	41
16	95
16	76
16	2
16	56
16	26
16	1
17	54
17	7
17	42
17	23
17	90
17	94
17	21
17	99
17	53
17	11
17	83
17	88
17	63
17	19
17	74
17	79
17	102
17	97
17	91
17	101
17	40
17	64
17	3
17	84
17	37
17	10
17	85
17	18
17	51
17	38
17	70
17	33
18	90
18	9
18	23
18	42
18	36
18	37
18	12
18	28
18	17
18	8
18	51
18	83
18	88
18	98
18	10
18	11
18	64
18	74
18	54
18	71
18	55
18	84
18	78
18	99
18	79
18	102
18	7
18	91
18	19
18	101
18	16
18	48
18	20
18	44
18	87
18	26
18	35
18	57
18	27
18	100
18	25
18	6
18	2
18	29
18	60
18	75
18	13
18	69
18	70
18	49
18	52
18	5
18	15
18	86
18	41
18	24
18	1
18	61
18	77
18	39
18	80
18	38
18	73
18	62
18	93
18	46
18	95
18	67
18	21
18	89
18	3
18	47
19	88
19	20
19	17
19	23
19	28
19	98
19	57
19	6
19	5
19	101
19	102
19	66
19	87
19	8
19	85
19	12
19	29
19	75
19	80
19	55
19	39
19	18
19	83
19	76
19	10
19	93
19	16
19	70
19	73
19	11
19	78
19	64
19	42
19	52
19	62
19	24
19	45
19	7
19	26
19	1
19	68
19	96
19	49
19	41
19	47
19	99
19	92
19	90
19	48
19	59
19	79
19	61
19	69
19	44
19	95
19	4
19	3
19	27
19	46
19	77
19	56
19	9
19	89
19	100
19	35
19	38
19	25
19	37
20	10
20	26
20	55
20	92
20	98
20	90
20	52
20	101
20	53
20	83
20	85
20	28
20	35
20	57
20	100
20	4
20	23
20	49
20	9
20	77
20	46
20	6
20	18
20	64
20	84
20	42
20	88
20	16
20	41
20	5
20	14
20	31
20	27
20	60
20	66
20	56
20	99
20	11
20	74
20	32
20	34
20	75
20	73
20	79
20	12
20	45
20	86
20	17
20	95
20	59
20	33
20	78
20	2
20	19
20	7
20	24
20	96
20	80
20	3
20	76
20	29
20	102
20	62
20	70
20	71
20	91
20	30
20	54
20	39
20	82
20	8
20	93
20	89
20	72
20	50
20	51
20	37
20	87
20	21
20	36
20	65
20	47
20	13
20	1
21	55
21	98
21	53
21	2
21	64
21	88
21	28
21	68
21	66
21	101
21	26
21	62
21	23
21	70
21	42
21	57
21	33
21	7
21	8
21	61
21	10
21	80
21	93
21	35
21	20
21	24
21	49
21	41
21	69
21	44
21	78
21	84
21	6
21	9
21	73
21	72
21	11
21	32
21	47
21	102
21	12
21	51
21	48
21	59
21	94
21	18
21	96
21	15
21	76
21	1
21	83
21	79
21	29
21	17
21	75
21	25
21	4
21	99
21	71
21	52
21	77
21	16
21	31
21	89
21	97
21	100
21	50
21	37
21	95
21	92
21	14
21	39
21	67
21	38
21	5
22	3
22	88
22	64
22	70
22	17
22	80
22	55
22	72
22	50
22	82
22	29
22	58
22	10
22	75
22	11
22	68
22	8
22	48
22	16
22	52
22	42
22	20
22	39
22	43
22	4
22	84
22	96
22	28
22	1
22	73
22	23
22	24
22	101
22	7
22	99
22	78
22	2
22	44
22	6
22	12
22	38
22	83
22	45
22	56
22	35
22	47
22	100
22	27
22	98
22	95
22	61
22	26
22	66
22	91
22	102
22	31
22	90
22	13
22	69
22	93
22	36
22	41
22	32
22	59
22	76
22	51
22	79
22	18
22	65
22	14
22	57
22	15
22	77
22	46
22	37
22	54
22	60
22	49
22	19
22	85
23	94
23	13
23	88
23	33
23	29
23	75
23	55
23	10
23	28
23	50
23	3
23	82
23	20
23	36
23	72
23	8
23	37
23	17
23	43
23	64
23	96
23	83
23	16
23	76
23	78
23	12
23	2
23	24
23	101
23	80
23	73
23	91
23	65
23	39
23	68
23	70
23	7
23	61
23	26
23	52
23	66
23	42
23	69
23	47
23	98
23	84
23	41
23	67
23	18
23	1
23	85
23	25
23	5
23	102
23	58
23	31
23	32
23	56
24	42
24	101
24	62
24	98
24	57
24	83
24	1
24	19
24	16
24	27
24	49
24	46
24	26
24	23
24	88
24	41
24	71
24	5
24	77
24	78
24	17
24	60
24	28
24	9
24	35
24	90
24	6
24	10
24	11
24	75
24	12
24	70
24	54
24	18
24	95
24	8
24	93
24	80
24	56
24	2
24	89
24	87
24	55
24	45
24	65
24	7
24	33
24	25
24	99
24	66
24	94
24	100
25	48
25	47
25	17
25	98
25	7
25	88
25	5
25	8
25	16
25	1
25	100
25	78
25	10
25	42
25	101
25	41
25	84
25	71
25	61
25	26
25	36
25	62
25	52
25	83
25	79
25	27
25	12
25	64
25	97
25	99
25	32
25	63
25	11
25	28
25	23
25	19
25	90
25	102
25	85
25	20
25	80
25	15
25	73
25	6
25	31
25	74
25	35
25	75
25	55
25	87
25	49
25	13
25	18
25	57
25	89
25	37
25	77
25	60
25	44
25	76
25	56
25	54
25	46
25	9
25	2
25	93
25	34
25	70
25	21
25	66
25	4
25	51
25	45
25	3
25	65
26	4
26	62
26	52
26	16
26	57
26	46
26	27
26	101
26	28
26	20
26	53
26	7
26	18
26	88
26	41
26	47
26	72
26	8
26	54
26	36
26	50
26	42
26	93
26	38
26	64
26	55
26	11
26	92
26	12
26	99
26	63
26	23
26	34
26	9
26	83
26	98
26	35
26	10
26	86
26	74
26	24
26	37
26	90
26	49
26	29
26	78
26	1
26	96
26	75
26	5
26	77
26	3
26	89
26	95
26	19
26	17
26	71
26	39
26	102
26	84
26	59
26	79
26	56
26	67
26	91
26	73
26	21
26	69
26	48
26	31
26	76
26	2
27	41
27	8
27	28
27	23
27	83
27	67
27	10
27	11
27	88
27	77
27	91
27	7
27	55
27	78
27	70
27	12
27	90
27	29
27	17
27	42
27	20
27	99
27	54
27	19
27	89
27	47
27	53
27	86
27	79
27	64
27	73
27	6
28	79
28	11
28	42
28	7
28	90
28	83
28	94
28	53
28	2
28	23
28	21
28	54
28	99
28	36
28	17
28	3
28	12
28	19
28	65
28	74
28	91
28	63
28	98
28	87
28	88
28	55
28	26
28	84
28	10
28	64
28	51
28	20
28	29
28	34
28	101
28	9
28	85
28	13
28	8
28	75
28	33
28	102
28	41
28	37
28	46
28	72
28	31
28	16
28	67
28	61
28	59
28	77
28	18
28	4
28	78
28	70
28	30
28	52
28	95
28	96
28	1
29	3
29	37
29	13
29	7
29	42
29	94
29	79
29	83
29	23
29	99
29	11
29	53
29	93
29	64
29	16
29	102
29	26
29	87
29	88
29	8
29	97
29	63
29	98
29	70
29	51
29	82
29	1
29	91
29	101
29	48
29	33
29	52
30	7
30	23
30	1
30	42
30	47
30	11
30	10
30	83
30	68
30	88
30	80
30	79
30	29
30	28
30	26
30	55
30	61
30	95
30	17
30	102
30	84
30	3
30	16
30	98
30	56
30	65
30	12
30	8
30	18
30	78
30	52
30	82
30	50
30	37
30	67
30	49
30	36
30	99
30	13
30	58
30	35
30	53
30	64
30	72
30	73
30	75
30	31
30	32
30	5
30	85
30	90
30	45
30	54
30	19
30	101
30	57
30	2
30	4
30	20
30	60
30	92
30	39
30	41
30	76
30	71
30	34
30	6
30	100
30	51
30	70
30	38
30	63
30	59
30	74
30	66
30	48
31	62
31	16
31	73
31	25
31	8
31	88
31	83
31	89
31	27
31	77
31	17
31	20
31	24
31	46
31	57
31	9
31	42
31	19
31	64
31	26
31	98
31	49
31	78
31	4
31	3
31	44
31	75
31	55
31	40
31	95
31	6
31	100
31	54
31	99
31	41
31	23
31	70
31	60
31	68
31	61
31	87
31	11
31	36
31	7
31	94
31	84
31	28
31	48
31	59
31	18
32	12
32	10
32	88
32	28
32	83
32	64
32	26
32	78
32	8
32	48
32	23
32	75
32	20
32	52
32	80
32	16
32	42
32	84
32	57
32	47
32	46
32	7
32	17
32	6
32	38
32	49
32	62
32	55
32	18
32	41
32	98
32	24
32	56
32	77
32	53
32	5
32	99
32	29
32	70
32	92
32	76
32	71
32	68
32	101
32	59
33	28
33	4
33	98
33	64
33	3
33	13
33	17
33	101
33	42
33	23
33	40
33	89
33	7
33	58
33	8
33	47
33	55
33	88
33	69
33	16
33	78
33	72
33	36
33	25
33	6
33	20
33	10
33	41
33	29
33	11
33	75
33	81
33	52
33	12
33	79
33	5
33	71
33	26
33	76
33	61
33	2
33	37
33	18
33	54
34	26
34	28
34	7
34	88
34	3
34	95
34	68
34	98
34	35
34	73
34	56
34	17
34	48
34	55
34	10
34	16
34	42
34	2
34	8
34	94
34	52
34	23
34	19
34	81
34	67
34	4
34	14
34	12
34	44
34	72
34	76
34	20
34	53
34	31
34	85
34	93
34	64
34	70
34	66
34	1
34	61
34	78
34	71
34	101
34	75
34	90
34	38
34	29
34	18
34	69
34	5
34	49
34	84
34	37
35	17
35	9
35	42
35	57
35	26
35	94
35	25
35	102
35	15
35	61
35	88
35	95
35	8
35	20
35	6
35	100
35	64
35	83
35	11
35	23
35	98
35	38
35	16
35	3
35	74
35	31
35	80
35	76
35	32
35	75
35	36
35	59
35	84
35	78
35	73
35	7
35	28
35	30
35	101
35	54
35	82
35	49
35	47
35	99
35	50
35	53
35	62
35	18
35	51
35	79
35	12
35	52
35	69
36	88
36	16
36	17
36	23
36	57
36	55
36	12
36	28
36	41
36	64
36	8
36	47
36	18
36	5
36	52
36	98
36	60
36	1
36	7
36	86
36	78
36	20
36	32
36	10
36	69
36	75
36	102
36	42
36	11
36	26
36	27
36	39
36	96
36	84
36	13
36	70
36	61
36	29
36	101
36	93
36	49
36	56
36	99
36	46
36	83
36	24
36	73
36	31
36	19
36	44
36	45
36	68
36	76
36	2
36	77
36	48
36	38
36	4
36	9
36	71
36	89
36	37
36	62
36	80
36	59
36	51
36	85
36	67
36	79
36	3
36	95
36	34
36	25
36	66
36	94
36	100
36	81
37	82
37	92
37	50
37	32
37	7
37	75
37	88
37	33
37	72
37	3
37	65
37	96
37	13
37	43
37	42
37	99
37	20
37	76
37	28
37	64
37	2
37	17
37	52
37	62
37	23
37	10
37	4
37	101
37	36
37	83
37	12
37	98
37	35
37	55
37	14
37	46
37	29
37	85
37	11
37	94
37	41
37	58
37	93
37	16
37	31
37	18
37	19
37	27
37	6
37	70
37	80
37	1
37	48
37	78
37	73
37	39
37	69
37	8
37	38
37	25
37	26
37	5
38	28
38	10
38	49
38	5
38	59
38	98
38	101
38	67
38	80
38	41
38	71
38	2
38	31
38	39
38	70
38	93
38	4
38	66
38	92
38	45
38	47
38	21
38	29
38	52
38	48
38	55
38	88
38	1
38	8
38	90
38	78
38	12
38	56
38	85
38	77
38	23
38	14
38	35
38	13
38	34
38	86
38	91
38	64
38	79
38	54
38	58
38	83
38	18
39	47
39	86
39	64
39	101
39	94
39	49
39	26
39	98
39	4
39	45
39	5
39	84
39	28
39	77
39	100
39	2
39	23
39	52
39	6
39	12
39	83
39	9
39	60
39	88
39	54
39	55
39	92
39	41
39	31
39	62
39	7
39	90
39	18
39	14
39	32
39	3
39	67
39	37
39	10
39	25
39	63
39	29
39	78
39	99
39	75
39	16
39	33
39	95
39	73
39	24
39	80
39	97
39	70
39	42
39	66
39	57
39	36
39	102
39	79
39	56
39	93
39	76
39	53
39	17
39	71
39	61
39	59
40	12
40	7
40	3
40	17
40	1
40	98
40	4
40	88
40	102
40	26
40	18
40	42
40	90
40	28
40	75
40	20
40	55
40	99
40	39
40	78
40	80
40	92
40	32
40	36
40	8
40	11
40	68
40	64
40	101
40	52
40	86
40	15
40	5
40	10
40	61
40	47
40	44
40	46
40	67
40	6
40	35
40	23
40	94
40	76
40	45
40	79
40	83
40	48
40	29
40	57
40	16
40	73
40	38
40	31
40	2
40	95
40	93
40	25
40	41
40	85
40	56
40	24
40	14
40	77
40	71
40	53
40	34
40	70
40	89
40	66
41	87
41	29
41	13
41	3
41	94
41	10
41	2
41	37
41	7
41	17
41	36
41	27
41	11
41	33
41	55
41	28
41	88
41	46
41	75
41	43
41	64
41	85
41	65
41	96
41	78
41	98
41	8
41	72
41	47
41	44
41	23
41	12
41	61
41	99
41	50
41	18
41	26
41	67
41	42
41	73
41	83
41	20
41	74
41	82
41	54
41	53
41	52
41	19
41	70
41	90
41	91
41	38
41	76
41	100
41	32
42	88
42	64
42	19
42	37
42	10
42	98
42	80
42	17
42	94
42	32
42	96
42	28
42	43
42	82
42	50
42	3
42	29
42	72
42	65
42	18
42	13
42	75
42	2
42	76
42	12
42	33
42	36
42	73
42	93
42	38
42	78
42	55
42	39
42	23
42	99
42	70
42	16
42	58
42	26
42	20
42	52
42	90
42	85
42	7
42	24
42	84
42	102
42	69
42	41
42	68
42	87
42	74
42	8
42	5
42	57
42	48
42	25
42	51
42	61
43	91
43	64
43	88
43	29
43	20
43	66
43	1
43	42
43	35
43	28
43	83
43	7
43	3
43	101
43	98
43	92
43	68
43	26
43	76
43	78
43	27
43	45
43	56
43	16
43	31
43	62
43	87
43	23
43	77
43	41
43	10
43	99
43	11
43	55
43	52
43	12
43	17
43	14
43	24
43	46
43	73
43	4
43	39
43	18
43	75
43	61
43	38
43	19
43	70
43	96
43	80
43	93
43	8
43	5
43	37
43	6
43	49
43	57
43	90
43	69
43	71
43	48
43	9
43	95
43	67
43	79
43	2
43	34
43	89
43	84
43	13
43	54
43	21
43	47
43	102
43	44
44	80
44	17
44	86
44	98
44	99
44	64
44	42
44	1
44	52
44	18
44	51
44	95
44	101
44	60
44	41
44	70
44	39
44	79
44	71
44	102
44	61
44	26
44	59
44	8
44	75
44	31
44	47
44	5
44	6
44	83
44	16
44	27
44	20
44	14
44	84
44	62
44	92
44	7
44	35
44	19
44	77
44	76
44	28
44	15
44	10
44	56
44	49
44	88
44	36
44	32
44	78
45	16
45	12
45	4
45	88
45	94
45	52
45	67
45	98
45	78
45	69
45	35
45	28
45	7
45	26
45	68
45	8
45	56
45	18
45	39
45	29
45	23
45	6
45	83
45	3
45	14
45	49
45	99
45	10
45	19
45	65
45	47
45	64
45	1
45	89
45	62
45	11
45	86
45	24
45	51
45	50
45	93
45	25
45	76
45	34
45	33
45	9
45	66
45	31
46	54
46	49
46	18
46	12
46	41
46	53
46	11
46	23
46	98
46	99
46	91
46	52
46	88
46	42
46	26
46	36
46	28
46	64
46	25
46	3
46	17
46	10
46	90
46	19
46	83
46	7
46	89
46	6
46	8
46	77
46	70
46	93
46	85
46	38
46	29
46	21
46	78
46	69
46	75
46	44
46	39
46	101
46	71
46	51
46	5
47	4
47	23
47	92
47	26
47	57
47	16
47	10
47	51
47	49
47	6
47	39
47	98
47	77
47	52
47	101
47	64
47	83
47	90
47	85
47	34
47	87
47	18
47	55
47	45
47	75
47	3
47	28
47	84
47	46
47	74
47	70
47	56
47	80
47	9
47	73
47	78
47	41
47	60
47	62
47	96
47	7
47	88
47	5
47	32
47	40
47	14
47	71
47	27
47	79
47	29
47	66
47	31
47	53
47	99
47	17
47	42
47	11
47	8
47	12
47	54
47	36
47	2
47	38
47	93
47	76
47	102
47	81
47	94
47	86
47	35
47	20
47	89
47	50
47	21
47	33
47	59
47	37
47	100
47	43
48	8
48	73
48	5
48	26
48	101
48	98
48	41
48	4
48	23
48	56
48	27
48	71
48	88
48	28
48	66
48	34
48	93
48	60
48	18
48	2
48	62
48	7
48	10
48	14
48	6
48	46
48	90
48	42
48	77
48	64
48	83
48	79
48	53
48	29
48	17
48	91
48	49
48	75
48	12
48	61
48	1
49	94
49	80
49	28
49	7
49	57
49	12
49	26
49	53
49	8
49	95
49	20
49	64
49	91
49	88
49	98
49	76
49	42
49	9
49	36
49	23
49	89
49	101
49	32
49	67
49	38
49	25
49	54
49	55
49	90
49	99
49	48
49	15
49	56
49	96
49	1
49	59
49	47
49	24
49	51
49	75
49	61
49	29
49	33
49	10
49	86
49	16
49	70
49	17
49	11
49	69
49	79
49	45
49	18
49	5
49	19
49	41
49	83
49	71
49	60
49	85
49	73
49	3
49	27
49	102
50	88
50	92
50	52
50	39
50	78
50	20
50	17
50	10
50	42
50	64
50	16
50	28
50	62
50	29
50	57
50	5
50	61
50	38
50	3
50	69
50	98
50	6
50	85
50	15
50	55
50	7
50	8
50	66
50	68
50	71
50	80
50	18
50	99
50	83
50	47
50	24
50	2
50	100
50	70
50	102
50	12
50	101
50	26
50	23
50	60
50	1
50	35
50	86
50	11
50	48
50	51
50	44
50	45
50	75
50	49
50	14
50	31
50	41
50	53
50	84
50	37
50	96
50	67
50	56
50	19
50	97
50	90
50	32
50	40
50	73
50	87
50	27
50	46
50	76
50	36
50	13
50	21
50	79
50	77
50	95
50	4
50	30
50	9
50	93
50	54
50	25
50	89
50	59
50	82
50	94
51	27
51	88
51	83
51	98
51	52
51	16
51	41
51	8
51	57
51	101
51	17
51	26
51	94
51	10
51	24
51	35
51	67
51	1
51	75
51	28
51	89
51	68
51	11
51	48
51	62
51	39
51	64
51	69
51	77
51	93
51	20
51	49
51	42
51	31
51	79
51	29
51	66
51	12
51	46
51	92
51	23
51	80
51	18
51	15
51	61
51	102
51	45
51	4
51	76
51	36
51	99
51	70
51	44
51	90
51	5
51	95
51	73
52	10
52	29
52	101
52	98
52	23
52	100
52	84
52	18
52	41
52	77
52	92
52	75
52	14
52	28
52	17
52	55
52	102
52	88
52	78
52	51
52	83
52	20
52	68
52	70
52	25
52	47
52	58
52	32
52	3
52	42
52	16
52	64
52	30
52	72
52	95
52	76
52	33
52	37
52	34
52	24
52	82
52	93
52	46
52	11
52	26
52	85
52	48
52	65
52	12
52	31
52	56
52	45
52	13
52	79
52	86
52	43
52	67
52	9
52	80
52	73
52	96
52	61
52	7
52	35
52	5
52	8
52	69
52	71
52	38
52	15
52	2
52	94
52	6
52	49
52	59
52	99
52	57
52	87
52	66
52	39
52	36
52	1
53	47
53	8
53	68
53	88
53	16
53	64
53	57
53	94
53	28
53	42
53	23
53	75
53	98
53	48
53	101
53	62
53	24
53	10
53	96
53	12
53	49
53	20
53	17
53	1
53	79
53	55
53	85
53	46
53	100
53	9
53	26
53	31
53	76
53	29
53	84
53	41
53	33
53	78
53	18
53	37
53	61
53	32
53	83
53	71
53	73
53	67
53	56
53	5
53	7
53	6
53	30
53	93
53	45
53	69
53	66
53	38
53	102
53	80
53	15
53	2
53	99
53	11
53	35
53	70
53	52
53	77
53	3
53	27
53	50
53	39
53	44
53	95
53	89
53	51
53	13
53	97
53	86
53	25
53	90
54	98
54	88
54	101
54	17
54	28
54	55
54	61
54	68
54	86
54	24
54	7
54	26
54	99
54	2
54	10
54	23
54	67
54	59
54	31
54	44
54	97
54	76
54	64
54	35
54	11
54	18
54	42
54	49
54	9
54	8
54	73
54	48
54	70
54	57
54	12
54	83
54	41
54	14
54	84
54	32
54	93
54	29
54	75
54	71
54	56
54	79
54	5
54	96
54	77
54	20
54	78
54	92
54	66
54	60
54	47
54	85
54	1
54	69
54	100
54	102
54	38
54	95
54	39
54	80
54	46
54	52
54	62
54	16
54	15
54	30
54	13
54	27
54	89
54	45
54	19
54	87
54	21
54	36
54	33
55	37
55	13
55	3
55	72
55	82
55	81
55	47
55	88
55	94
55	33
55	101
55	64
55	23
55	17
55	7
55	75
55	8
56	52
56	18
56	16
56	53
56	26
56	4
56	50
56	8
56	36
56	55
56	67
56	19
56	7
56	28
56	10
56	78
56	34
56	42
56	64
56	94
56	23
56	88
56	102
56	12
56	35
56	11
56	29
56	83
56	32
56	37
56	2
56	54
56	99
56	70
56	89
56	74
56	61
56	90
56	45
56	17
56	66
56	25
56	5
56	71
56	79
56	33
56	75
56	1
57	99
57	53
57	25
57	92
57	88
57	23
57	36
57	67
57	83
57	42
57	49
57	85
57	54
57	17
57	7
57	8
57	38
57	98
57	76
57	90
57	86
57	100
57	11
57	55
57	28
57	10
57	64
57	75
57	89
57	26
57	71
57	19
57	79
57	84
57	82
57	12
57	29
57	101
57	70
57	94
57	5
57	69
57	60
57	51
57	18
58	88
58	28
58	2
58	52
58	1
58	16
58	98
58	20
58	8
58	100
58	99
58	80
58	48
58	73
58	10
58	68
58	42
58	64
58	86
58	17
58	24
58	39
58	78
58	47
58	26
58	18
58	69
58	101
58	31
58	83
58	61
58	7
58	55
58	93
58	46
58	77
58	44
58	13
58	45
58	36
58	32
58	5
58	12
58	51
58	60
58	59
58	23
58	29
58	41
58	102
58	70
58	11
58	49
58	76
58	40
58	96
58	84
58	90
58	94
58	38
58	56
58	4
58	37
58	75
58	79
58	27
58	91
58	6
58	57
58	74
58	53
58	92
58	34
58	95
58	65
58	71
58	81
58	3
59	38
59	15
59	49
59	69
59	64
59	67
59	88
59	100
59	55
59	83
59	17
59	28
59	98
59	93
59	18
59	30
59	70
59	75
59	10
59	45
59	34
59	6
59	2
59	20
59	12
59	31
59	23
59	77
59	1
59	24
59	101
59	96
59	8
59	36
59	47
59	73
59	78
59	94
59	3
59	7
59	42
59	19
59	14
59	37
59	16
59	52
60	94
60	18
60	70
60	38
60	33
60	88
60	26
60	25
60	10
60	41
60	28
60	42
60	31
60	7
60	67
60	32
60	61
60	8
60	64
60	47
60	2
60	55
60	96
60	101
60	20
60	99
60	29
60	5
60	77
60	83
60	100
60	23
60	16
60	93
60	17
60	12
60	71
60	13
60	75
60	73
60	21
60	78
60	3
60	11
60	84
60	39
60	51
61	101
61	64
61	98
61	88
61	18
61	49
61	17
61	90
61	42
61	75
61	31
61	94
61	83
61	53
61	74
61	36
61	28
61	23
61	91
61	20
61	10
61	57
61	25
61	11
61	7
61	78
61	8
61	19
61	24
61	76
61	12
61	54
61	52
61	3
61	70
61	26
61	15
61	1
61	55
61	29
61	34
61	77
61	6
61	41
61	2
61	51
61	68
61	73
61	89
61	71
61	84
61	47
61	69
61	39
61	87
61	102
61	16
61	62
61	50
61	67
61	5
61	95
61	60
61	86
61	80
61	100
61	38
62	42
62	19
62	10
62	17
62	18
62	8
62	6
62	91
62	88
62	90
62	7
62	23
62	20
62	75
62	54
62	28
62	93
62	25
62	29
62	83
62	64
62	78
62	94
62	11
62	67
62	69
62	50
62	79
62	99
62	71
62	15
62	41
62	12
62	89
62	55
62	70
63	101
63	88
63	56
63	7
63	10
63	50
63	76
63	82
63	64
63	65
63	77
63	20
63	28
63	73
63	1
63	98
63	32
63	68
63	44
63	11
63	43
63	72
63	16
63	6
63	52
63	71
63	42
63	26
63	62
63	23
63	84
63	12
63	83
63	93
63	29
63	78
63	24
63	70
63	55
63	17
63	99
63	75
63	61
63	87
63	4
63	47
63	92
63	41
63	49
63	37
63	8
63	13
63	95
63	2
63	48
63	25
63	58
63	36
63	38
63	35
63	5
63	31
63	18
63	79
63	69
63	90
63	45
63	57
63	15
63	3
63	100
63	96
63	46
63	27
63	80
64	8
64	84
64	3
64	102
64	53
64	23
64	11
64	42
64	99
64	13
64	7
64	37
64	83
64	36
64	79
64	94
64	93
64	88
64	21
64	87
64	74
64	19
64	28
64	51
64	82
64	20
64	63
64	29
64	101
64	33
64	26
64	10
64	22
64	96
64	69
64	17
64	24
65	88
65	78
65	12
65	28
65	26
65	75
65	4
65	64
65	10
65	42
65	45
65	83
65	1
65	44
65	8
65	14
65	68
65	7
65	38
65	52
65	29
65	80
65	60
65	5
65	35
65	17
65	23
65	98
65	27
65	61
65	20
65	18
65	2
65	41
65	48
65	93
65	47
65	84
65	46
65	77
65	62
65	99
65	101
65	49
65	24
65	91
65	53
65	73
65	16
65	57
65	11
65	56
65	79
65	55
65	71
65	96
65	70
65	39
65	69
65	31
65	92
65	37
65	100
65	102
65	13
65	87
65	66
65	76
65	86
65	94
65	51
65	3
65	54
65	15
65	90
65	85
65	89
65	59
65	19
65	34
65	30
66	41
66	98
66	94
66	49
66	25
66	88
66	85
66	60
66	101
66	79
66	23
66	7
66	52
66	42
66	92
66	83
66	53
66	64
66	9
66	8
66	90
66	99
66	54
66	67
66	36
66	17
66	28
66	11
66	6
66	78
66	26
66	29
66	77
66	10
66	84
66	68
66	35
66	86
66	45
66	18
66	100
66	75
66	16
67	18
67	26
67	28
67	35
67	3
67	11
67	42
67	7
67	17
67	88
67	98
67	54
67	10
67	8
67	101
67	19
67	16
67	13
67	75
67	87
67	41
67	37
67	83
67	46
67	90
67	52
67	9
67	56
67	23
67	12
67	57
67	76
67	63
67	66
67	100
67	72
67	64
67	61
67	73
67	4
67	65
67	55
67	62
67	70
67	99
67	43
67	93
67	6
67	53
67	97
67	78
67	29
67	2
67	71
67	91
67	45
67	36
67	47
67	102
67	79
67	59
67	22
67	5
67	34
67	1
67	49
67	20
67	39
67	80
67	84
68	12
68	61
68	14
68	26
68	28
68	98
68	5
68	17
68	56
68	20
68	31
68	71
68	75
68	101
68	102
68	1
68	47
68	64
68	42
68	59
68	11
68	80
68	49
68	84
68	23
68	79
68	7
68	35
68	51
68	92
68	93
68	9
68	41
68	15
68	62
68	10
68	6
68	52
68	88
68	57
68	8
68	95
68	45
68	66
68	73
68	77
68	90
68	97
68	39
68	87
68	29
68	99
68	60
68	27
68	83
68	53
68	94
68	86
68	78
69	23
69	42
69	75
69	64
69	26
69	97
69	83
69	57
69	88
69	10
69	62
69	87
69	11
69	84
69	27
69	6
69	60
69	17
69	16
69	9
69	12
69	53
69	24
69	46
69	8
69	7
69	100
69	78
69	18
69	102
69	63
69	15
69	95
69	3
69	13
69	19
69	61
69	41
69	45
69	1
69	29
69	28
69	33
69	94
69	89
69	30
69	35
69	55
69	36
69	51
69	20
69	73
69	76
69	49
69	54
69	38
69	79
69	67
69	81
69	47
69	37
69	70
69	80
70	28
70	7
70	101
70	42
70	98
70	35
70	83
70	88
70	77
70	20
70	17
70	5
70	29
70	18
70	26
70	23
70	78
70	41
70	3
70	52
70	91
70	99
70	21
70	53
70	87
70	4
70	49
70	10
70	79
70	92
70	71
70	8
70	64
70	12
70	34
70	13
70	40
70	94
70	6
70	61
70	72
70	45
70	2
70	75
70	46
70	1
70	55
70	16
70	62
70	9
70	11
70	27
70	37
70	31
70	96
70	69
70	30
70	67
70	38
70	76
71	42
71	94
71	98
71	53
71	99
71	49
71	26
71	36
71	25
71	28
71	29
71	101
71	11
71	23
71	54
71	77
71	64
71	45
71	34
71	19
71	7
71	95
71	83
71	39
71	96
71	90
71	9
71	102
71	10
71	41
71	60
71	47
71	6
71	50
71	55
71	18
71	62
71	8
71	88
71	16
71	61
71	31
71	27
71	1
71	17
71	78
71	67
71	84
71	85
71	66
71	93
71	20
71	79
71	51
71	57
71	37
72	3
72	88
72	83
72	20
72	62
72	27
72	12
72	8
72	7
72	26
72	1
72	4
72	75
72	78
72	28
72	10
72	64
72	93
72	18
72	57
72	68
72	98
72	101
72	80
72	52
72	17
72	23
72	13
72	86
72	66
72	16
72	41
72	11
72	70
72	77
72	35
72	60
72	29
72	48
72	49
72	55
72	95
72	45
72	34
72	73
72	96
72	97
72	47
72	56
72	79
72	69
72	42
72	102
72	14
72	39
72	61
72	85
72	24
72	84
72	46
72	71
72	99
72	76
72	90
72	87
72	25
72	31
72	44
72	38
72	51
72	2
72	37
72	54
72	92
72	67
72	100
72	19
72	53
72	5
72	59
72	15
72	94
72	6
72	32
72	89
72	9
72	65
72	91
72	82
72	63
72	74
73	35
73	53
73	52
73	41
73	88
73	54
73	42
73	101
73	49
73	28
73	94
73	99
73	77
73	7
73	18
73	10
73	83
73	19
73	60
73	23
73	98
73	89
73	8
73	9
73	6
73	79
73	71
73	45
73	75
73	4
73	17
73	76
73	92
73	95
73	40
73	13
73	34
73	29
73	26
73	14
73	25
73	21
73	36
73	64
73	16
73	12
73	38
73	24
73	100
73	32
74	12
74	64
74	98
74	75
74	88
74	15
74	17
74	29
74	73
74	41
74	101
74	83
74	31
74	70
74	26
74	60
74	39
74	55
74	100
74	61
74	84
74	2
74	8
74	28
74	68
74	24
74	10
74	7
74	9
74	42
74	44
74	5
74	20
74	23
74	47
74	16
74	79
74	102
74	32
74	95
74	14
74	11
74	93
74	56
74	6
74	48
74	87
74	67
74	62
74	3
74	13
74	38
74	85
74	99
74	69
74	53
74	71
74	94
74	52
74	78
74	89
74	35
74	18
74	77
75	23
75	3
75	42
75	62
75	79
75	88
75	94
75	83
75	99
75	7
75	82
75	37
75	11
75	13
75	84
75	102
75	22
75	10
75	98
75	87
75	101
75	51
75	73
75	33
75	59
75	20
75	58
75	81
76	94
76	37
76	3
76	23
76	72
76	82
76	7
76	65
76	58
76	13
76	42
76	88
76	43
76	83
76	99
76	90
76	21
76	19
76	53
76	54
76	81
76	52
76	38
76	33
77	13
77	87
77	94
77	82
77	46
77	3
77	55
77	65
77	26
77	72
77	17
77	18
77	2
77	76
77	33
77	88
77	64
77	10
77	99
77	43
77	37
77	29
77	80
77	101
77	50
77	52
77	58
77	53
77	49
77	85
77	20
77	42
77	27
77	36
77	28
77	11
77	47
77	6
77	8
78	3
78	82
78	99
78	7
78	84
78	83
78	94
78	53
78	37
78	51
78	13
78	81
78	87
78	64
78	26
78	73
78	42
78	79
78	47
78	62
78	23
78	22
78	11
78	10
78	28
78	38
78	88
78	45
78	20
78	8
79	83
79	28
79	7
79	51
79	88
79	29
79	98
79	94
79	64
79	67
79	1
79	76
79	86
79	66
79	75
79	70
79	10
79	46
79	52
79	58
79	90
79	31
79	12
79	57
79	25
79	39
79	8
79	2
79	17
79	6
79	36
79	56
79	33
79	45
79	26
79	18
79	24
79	38
79	16
79	47
79	20
79	23
79	42
79	11
80	36
80	18
80	4
80	57
80	49
80	42
80	28
80	101
80	26
80	50
80	98
80	6
80	10
80	100
80	45
80	23
80	63
80	41
80	85
80	92
80	88
80	52
80	83
80	69
80	29
80	53
80	87
80	71
80	5
80	55
80	60
80	9
80	8
80	22
80	32
80	77
80	34
80	62
80	17
80	78
80	11
80	1
80	25
80	73
80	89
80	19
80	96
80	54
80	16
80	64
80	39
80	84
80	51
80	70
80	75
80	79
80	31
80	102
80	15
80	90
80	14
80	27
80	46
80	7
80	2
80	47
80	91
80	12
80	95
81	66
81	88
81	99
81	3
81	10
81	17
81	56
81	52
81	29
81	23
81	98
81	82
81	16
81	72
81	65
81	36
81	50
81	47
81	58
81	13
81	11
81	76
81	7
81	4
81	41
81	28
81	102
81	20
81	42
81	53
81	24
81	55
81	101
81	68
81	2
81	64
81	35
81	8
81	1
81	31
81	14
81	61
81	19
81	45
81	80
81	37
81	12
81	75
81	83
81	69
81	78
81	48
81	97
81	54
81	26
81	77
81	18
81	57
81	44
81	15
81	27
81	43
81	90
81	70
81	96
81	39
81	51
81	92
81	6
81	84
81	38
81	73
81	94
81	30
81	59
81	89
81	5
81	93
81	71
82	62
82	88
82	18
82	16
82	98
82	55
82	57
82	78
82	28
82	12
82	20
82	25
82	70
82	45
82	10
82	49
82	52
82	48
82	26
82	80
82	61
82	23
82	76
82	75
82	7
82	29
82	27
82	64
82	92
82	73
82	8
82	79
82	42
82	47
82	24
82	69
82	1
82	39
82	83
82	71
82	3
82	84
82	101
82	5
82	46
82	41
82	15
82	56
82	38
82	17
82	68
82	6
82	97
82	59
82	93
82	11
82	60
82	67
82	31
82	53
82	14
82	4
82	2
82	99
82	30
82	96
82	85
82	34
82	13
82	77
82	37
82	32
82	9
82	66
82	102
82	100
82	40
82	86
82	35
82	95
82	91
82	33
82	87
82	44
82	54
82	90
82	50
82	89
82	19
82	94
83	29
83	94
83	78
83	79
83	87
83	10
83	28
83	65
83	88
83	48
83	3
83	72
83	43
83	69
83	2
83	17
83	64
83	36
83	37
83	42
83	13
83	61
83	51
83	76
83	12
83	96
83	1
83	55
83	82
83	50
83	18
83	99
83	7
83	52
83	98
83	58
83	24
83	102
83	91
83	26
83	49
83	46
83	39
83	70
83	27
83	11
83	75
83	14
83	33
83	8
83	47
84	8
84	52
84	16
84	23
84	17
84	88
84	26
84	20
84	28
84	62
84	98
84	6
84	80
84	57
84	64
84	44
84	35
84	101
84	10
84	42
84	70
84	48
84	94
84	46
84	24
84	4
84	56
84	27
84	37
84	41
84	47
84	60
84	79
84	67
84	9
84	49
84	32
84	93
84	66
84	12
84	76
84	73
84	25
84	100
84	7
84	53
84	39
84	86
84	102
84	18
84	29
84	75
84	69
84	36
84	61
84	1
84	5
84	54
84	96
84	77
84	89
84	31
84	78
84	2
84	91
84	83
84	3
84	71
84	99
84	45
84	38
84	14
84	95
84	59
84	90
84	55
84	51
85	7
85	52
85	42
85	98
85	20
85	88
85	41
85	64
85	23
85	28
85	79
85	29
85	57
85	10
85	45
85	49
85	62
85	17
85	16
85	78
85	11
85	27
85	101
85	73
85	8
85	67
85	46
85	55
85	39
85	4
85	34
85	47
85	96
85	100
85	93
85	6
85	48
85	38
85	80
85	71
85	5
85	37
85	1
85	83
85	77
85	53
85	70
85	26
85	18
85	69
85	3
85	44
85	75
85	99
85	94
85	61
85	87
85	2
85	25
85	12
86	78
86	94
86	98
86	49
86	88
86	28
86	17
86	72
86	16
86	42
86	29
86	54
86	8
86	7
86	13
86	11
86	73
86	101
86	79
86	23
86	96
86	85
86	26
86	76
86	55
86	4
86	6
86	41
86	18
86	56
86	3
86	10
86	64
86	34
86	62
86	20
86	47
86	99
86	12
86	83
86	45
86	5
86	84
86	37
86	57
86	71
86	67
86	9
86	46
86	53
86	102
86	68
86	27
86	24
86	80
86	25
86	52
86	87
86	69
87	28
87	55
87	12
87	65
87	82
87	10
87	69
87	58
87	72
87	51
87	43
87	26
87	33
87	94
87	27
87	62
87	18
87	29
87	88
87	8
87	101
87	13
87	2
87	23
87	64
87	5
87	78
87	20
87	61
87	11
87	83
87	16
87	41
87	98
87	75
87	77
88	42
88	98
88	1
88	83
88	23
88	7
88	11
88	8
88	29
88	35
88	19
88	28
88	80
88	101
88	37
88	79
88	34
88	9
88	3
88	16
88	27
88	41
88	26
88	47
88	45
88	6
88	17
88	62
88	100
88	12
88	75
88	4
88	64
88	5
88	57
88	92
88	86
88	31
88	77
88	78
88	13
88	61
88	55
88	49
88	71
88	10
88	73
88	54
88	46
88	90
88	82
88	99
88	66
88	14
88	70
88	52
88	102
88	67
88	76
88	56
88	87
88	18
88	51
88	53
88	59
88	21
88	85
88	60
88	20
88	2
88	84
88	24
88	74
88	63
88	39
88	91
88	89
88	96
88	93
88	32
88	36
88	95
88	65
88	58
88	48
88	72
88	97
88	30
88	50
88	38
88	15
88	22
88	69
88	68
88	40
88	44
88	33
88	81
88	43
89	9
89	98
89	17
89	1
89	101
89	88
89	14
89	59
89	64
89	47
89	26
89	10
89	100
89	42
89	41
89	7
89	39
89	76
89	95
89	49
89	80
89	23
89	57
89	102
89	86
89	96
89	90
89	63
89	25
89	28
89	27
89	67
89	84
89	31
89	15
89	16
89	51
89	6
89	8
89	61
89	83
90	10
90	88
90	64
90	98
90	55
90	28
90	101
90	68
90	31
90	49
90	79
90	47
90	80
90	102
90	7
90	20
90	85
90	29
90	76
90	35
90	52
90	41
90	12
90	70
90	18
90	24
90	42
90	2
90	6
90	8
90	86
90	34
90	17
90	69
90	75
90	92
90	78
90	59
90	26
90	5
90	83
90	11
90	44
90	23
90	16
90	9
90	1
90	73
90	30
90	48
90	67
90	71
90	99
90	45
90	38
90	62
90	93
90	39
90	56
90	95
90	4
90	96
90	61
90	57
90	66
90	15
90	32
90	87
90	3
90	53
90	77
90	27
90	46
90	37
90	63
90	13
90	25
90	89
90	51
90	60
90	72
90	100
90	14
90	94
90	58
91	16
91	88
91	64
91	29
91	18
91	28
91	12
91	23
91	97
91	17
91	5
91	20
91	75
91	99
91	78
91	24
91	32
91	10
91	55
91	101
91	98
91	2
91	73
91	70
91	42
91	11
91	4
91	96
91	67
91	84
91	94
91	52
91	93
91	79
91	7
91	6
91	87
91	57
91	62
91	26
91	35
91	27
91	80
91	92
91	100
91	38
91	51
91	14
91	3
91	31
91	56
91	61
91	41
91	44
91	69
91	60
91	39
91	48
91	8
92	52
92	16
92	4
92	88
92	7
92	1
92	18
92	94
92	64
92	101
92	42
92	20
92	26
92	35
92	10
92	24
92	3
92	70
92	5
92	28
92	41
92	38
92	67
92	75
92	73
92	78
92	8
92	32
92	13
92	29
92	12
92	37
92	23
92	17
92	80
92	39
92	55
92	79
92	34
92	69
92	71
92	77
92	27
92	6
92	98
92	99
92	89
92	19
92	46
92	62
92	66
92	25
92	93
92	31
92	47
93	57
93	16
93	27
93	7
93	28
93	10
93	78
93	62
93	98
93	46
93	83
93	64
93	55
93	42
93	75
93	6
93	41
93	13
93	99
93	23
93	101
93	53
93	11
93	12
93	70
93	87
93	74
93	8
93	71
93	52
93	5
93	92
93	3
93	69
93	17
93	85
93	20
93	18
93	48
93	102
93	77
93	60
93	76
93	90
93	49
93	45
93	84
93	36
93	47
93	21
93	4
93	38
93	100
93	31
93	26
93	2
93	56
93	29
93	37
94	9
94	3
94	7
94	88
94	35
94	42
94	17
94	98
94	28
94	101
94	80
94	23
94	41
94	46
94	95
94	51
94	62
94	19
94	37
94	10
94	83
94	22
94	34
94	61
94	11
94	52
94	12
94	90
94	85
94	47
94	75
94	97
94	73
94	87
94	4
94	49
94	54
94	30
94	77
94	8
94	99
94	26
94	57
94	13
94	55
94	16
94	92
94	84
94	56
94	86
94	69
94	14
94	18
94	45
94	72
94	40
94	76
94	64
94	21
94	89
94	29
94	91
94	1
94	65
94	68
94	79
94	6
94	15
94	96
94	27
94	71
94	53
94	100
94	82
94	2
94	36
94	78
94	60
94	66
94	43
94	44
94	70
94	20
94	102
94	39
94	5
94	33
94	58
94	74
94	59
95	28
95	8
95	55
95	52
95	17
95	16
95	101
95	53
95	12
95	88
95	7
95	42
95	34
95	78
95	30
95	19
95	92
95	3
95	10
95	98
95	86
95	26
95	25
95	94
95	68
95	2
95	64
95	4
95	24
95	14
95	90
95	83
95	70
95	29
95	23
95	11
95	75
95	93
95	80
95	89
95	18
95	35
95	36
95	50
95	37
95	13
95	87
95	20
95	96
95	76
95	67
95	21
95	39
95	1
95	47
95	49
95	5
95	51
95	65
95	69
96	3
96	42
96	22
96	23
96	13
96	8
96	7
96	37
96	84
96	79
96	82
96	53
96	11
96	81
96	60
96	6
96	101
96	10
96	28
96	83
96	55
96	41
96	98
96	94
96	78
96	2
96	87
96	48
96	51
96	99
96	100
96	64
96	66
96	56
97	20
97	7
97	78
97	16
97	10
97	17
97	64
97	98
97	88
97	13
97	3
97	29
97	11
97	42
97	68
97	52
97	2
97	9
97	26
97	57
97	41
97	49
97	69
97	55
97	73
97	4
97	44
97	75
97	12
97	28
97	8
97	23
97	60
97	70
97	62
97	27
97	1
97	79
97	76
97	99
97	101
97	83
97	56
97	46
97	71
97	5
97	48
97	39
97	6
97	90
97	102
97	24
97	66
97	93
97	95
97	38
97	47
97	100
97	45
97	80
97	63
97	89
97	61
97	85
97	34
97	31
97	35
97	54
97	18
97	87
97	92
97	53
97	21
97	37
97	72
97	96
97	91
97	86
97	77
98	30
98	94
98	34
98	17
98	102
98	9
98	88
98	33
98	29
98	12
98	37
98	28
98	78
98	82
98	55
98	72
98	97
98	23
98	64
98	3
98	26
98	47
98	67
98	45
98	10
98	53
98	54
98	75
98	83
98	7
98	16
98	19
98	43
98	52
98	6
98	32
98	42
98	40
98	18
98	13
98	8
98	4
98	56
98	86
98	14
98	11
98	70
98	41
98	74
98	89
98	20
98	36
98	96
98	65
98	61
98	99
98	50
98	38
98	46
98	35
98	101
98	68
98	58
98	15
98	2
98	1
98	90
98	93
98	5
98	25
98	21
98	66
98	100
98	24
99	87
99	33
99	17
99	3
99	13
99	88
99	35
99	64
99	82
99	65
99	29
99	36
99	72
99	2
99	96
99	9
99	94
99	37
99	10
99	28
99	73
99	55
99	1
99	11
99	76
99	42
99	26
99	50
99	77
99	43
99	83
99	16
99	101
99	8
99	93
99	61
99	31
99	58
99	68
99	75
99	85
99	69
99	70
99	78
100	26
100	80
100	11
100	28
100	8
100	25
100	7
100	74
100	6
100	49
100	88
100	16
100	1
100	66
100	42
100	62
100	57
100	5
100	47
100	94
100	60
100	53
100	76
100	97
100	9
100	102
100	70
100	23
100	17
100	101
100	84
100	52
100	98
100	78
100	10
100	46
100	64
100	83
100	92
100	41
100	15
100	71
100	20
100	40
100	29
100	73
100	67
100	63
100	61
100	18
100	99
100	39
100	31
100	35
100	77
100	27
100	12
100	90
100	14
100	56
100	36
100	33
101	94
101	3
101	33
101	59
101	42
101	82
101	75
101	98
101	28
101	5
101	61
101	9
101	88
101	65
101	7
101	26
101	95
101	18
101	55
101	92
101	20
101	87
101	71
101	16
101	56
101	12
101	8
101	2
101	64
101	23
101	76
101	102
101	36
101	17
101	29
101	37
101	52
101	34
101	51
101	10
101	69
101	72
101	13
101	91
101	49
101	46
101	83
101	41
101	99
101	62
101	96
101	86
101	11
101	60
101	35
101	78
101	45
101	43
101	90
101	47
101	24
101	79
101	4
101	70
101	48
101	50
101	73
101	1
101	67
101	89
101	22
101	53
101	38
101	27
101	80
101	58
101	39
101	93
101	84
102	52
102	88
102	23
102	29
102	8
102	26
102	62
102	101
102	49
102	18
102	25
102	84
102	28
102	11
102	82
102	4
102	10
102	46
102	83
102	36
102	98
102	7
102	57
102	94
102	6
102	16
102	55
102	45
102	15
102	2
102	12
102	60
102	42
102	74
102	27
102	64
102	70
102	9
102	67
102	41
102	3
102	96
102	90
102	14
102	89
102	53
102	47
102	100
102	48
102	99
102	17
102	13
102	76
102	75
102	51
102	20
102	5
102	34
102	78
102	19
102	91
102	35
102	39
102	59
102	79
102	1
102	95
102	86
