1	111
1	9
1	36
1	136
1	134
1	116
1	92
1	77
1	80
1	54
1	160
1	50
1	100
1	56
1	49
1	45
1	42
1	29
1	41
1	95
1	114
1	147
1	110
1	65
1	81
1	22
1	121
1	2
1	18
1	159
1	165
1	128
1	46
1	122
1	152
1	161
1	120
1	140
2	94
2	75
2	112
2	98
2	126
2	59
2	97
2	108
2	79
2	160
2	142
2	137
2	37
2	7
2	132
2	22
2	118
2	20
2	5
2	164
2	123
2	95
2	151
2	171
2	129
2	28
2	140
2	99
2	90
2	119
2	167
2	111
2	122
2	169
2	67
2	60
2	31
2	34
2	62
2	74
2	135
2	51
2	4
2	53
2	11
2	153
2	139
2	143
3	34
3	45
3	157
3	140
3	62
3	90
3	54
3	144
3	94
3	59
3	15
3	2
3	110
3	111
3	7
3	50
3	22
3	28
3	146
3	101
3	88
3	32
3	92
3	147
3	39
3	56
3	86
3	74
3	132
3	6
3	72
3	163
3	57
3	41
3	18
3	127
3	21
3	162
3	104
3	27
3	43
3	150
3	69
3	95
3	55
3	143
3	160
3	63
3	164
3	148
4	172
4	56
4	121
4	111
4	92
4	141
4	63
4	147
4	39
4	106
4	145
4	21
4	22
4	132
4	125
4	43
4	26
4	69
4	20
4	41
4	18
4	108
4	79
4	31
4	140
4	139
4	77
4	164
4	152
4	57
4	53
4	62
4	74
4	151
4	144
4	89
4	49
4	35
4	45
4	114
4	34
4	72
4	28
4	25
4	160
4	61
4	24
4	161
4	143
4	2
4	7
4	94
4	156
4	42
4	50
4	162
4	112
4	110
4	116
4	129
4	150
4	120
4	5
4	122
4	97
4	159
4	171
4	12
4	119
4	165
4	32
4	78
4	30
4	75
4	86
5	140
5	50
5	103
5	28
5	111
5	150
5	161
5	148
5	7
5	63
5	34
5	65
5	36
5	45
5	23
5	2
5	146
5	79
5	47
5	44
5	20
5	139
5	22
5	35
5	62
5	171
5	15
5	54
5	164
5	130
5	97
5	94
5	33
5	14
5	101
5	56
5	151
5	114
5	4
5	123
5	6
5	16
5	64
5	73
5	42
5	159
5	71
5	144
5	26
5	90
5	143
5	88
6	62
6	97
6	36
6	77
6	79
6	142
6	98
6	125
6	94
6	7
6	15
6	5
6	160
6	65
6	162
6	113
6	129
6	56
6	145
6	11
6	61
6	22
6	41
6	164
6	42
6	39
6	137
6	29
6	59
6	70
6	45
6	85
6	140
6	24
6	119
6	3
6	110
6	57
6	141
6	99
6	71
6	133
6	118
6	116
6	26
6	130
6	63
6	148
6	96
6	47
6	103
6	172
6	66
6	165
7	56
7	112
7	119
7	110
7	32
7	140
7	29
7	45
7	36
7	141
7	163
7	1
7	118
7	166
7	21
7	172
7	69
7	160
7	168
7	151
7	67
7	63
7	96
7	107
7	103
7	50
7	105
7	42
7	111
7	75
7	54
7	22
7	14
7	138
7	55
7	121
7	26
7	34
7	122
7	18
7	147
7	76
7	37
7	72
7	53
7	135
7	150
7	43
7	66
7	9
7	102
7	62
7	8
7	92
7	145
7	115
7	143
7	146
7	31
7	20
7	59
7	46
7	19
7	57
7	25
7	144
7	38
7	13
7	10
7	137
7	94
7	28
7	49
7	130
7	52
7	90
7	44
7	91
7	16
7	89
7	70
7	65
7	152
7	60
7	117
7	39
7	79
7	97
7	98
7	126
7	86
7	68
7	153
7	169
7	85
7	81
7	95
7	4
7	129
7	159
7	23
7	106
7	104
7	12
7	40
7	164
7	149
7	142
7	35
7	125
7	6
7	161
7	15
7	41
7	78
7	128
7	116
7	114
7	136
7	93
7	47
7	24
7	77
7	99
7	132
7	109
7	64
7	33
7	83
7	51
7	113
7	82
7	162
7	133
7	120
7	48
7	154
8	73
8	111
8	59
8	94
8	141
8	2
8	62
8	17
8	140
8	139
8	32
8	21
8	80
8	90
8	45
8	7
8	6
8	22
8	153
8	26
8	42
8	72
8	130
8	46
8	54
8	135
8	96
8	131
8	102
8	92
8	144
8	138
8	82
8	53
8	113
8	64
8	14
8	129
8	121
8	164
8	103
8	44
8	39
8	163
8	79
8	37
8	56
8	29
8	152
8	20
8	4
8	127
8	57
8	40
8	50
8	28
9	69
9	45
9	13
9	79
9	111
9	81
9	77
9	121
9	114
9	105
9	56
9	39
9	94
9	113
9	72
9	20
9	140
9	35
9	49
9	162
9	33
9	19
9	88
9	97
9	160
9	54
9	95
9	41
9	62
9	53
9	93
9	34
9	167
9	46
9	163
9	90
9	133
9	171
9	165
9	29
9	7
9	67
9	68
9	120
9	152
9	151
10	56
10	140
10	39
10	36
10	136
10	111
10	76
10	80
10	45
10	20
10	104
10	65
10	164
10	134
10	98
10	167
10	64
10	61
10	114
10	151
10	95
10	79
10	128
10	147
10	86
10	116
10	43
10	7
10	32
10	100
10	50
10	25
10	165
10	21
10	42
10	90
10	18
10	168
10	60
11	34
11	132
11	144
11	15
11	83
11	94
11	7
11	111
11	87
11	45
11	62
11	26
11	73
11	131
11	140
11	42
11	71
11	17
11	172
11	164
11	86
11	3
11	69
11	40
11	1
11	104
11	72
11	160
11	157
11	6
11	112
11	122
11	2
11	56
11	120
11	97
11	19
11	8
11	102
11	22
11	148
11	88
11	171
11	121
11	150
11	54
12	72
12	32
12	111
12	45
12	125
12	48
12	39
12	90
12	130
12	94
12	76
12	141
12	67
12	50
12	49
12	114
12	119
12	144
12	22
12	7
12	56
12	147
12	20
12	88
12	34
12	23
12	6
12	52
12	146
12	140
12	59
12	64
12	117
12	161
12	78
12	26
12	153
12	51
12	91
12	145
12	62
12	69
12	83
12	138
13	140
13	157
13	172
13	109
13	101
13	73
13	148
13	29
13	159
13	106
13	72
13	111
13	94
13	141
13	77
13	104
13	87
13	121
13	153
13	138
13	164
13	22
13	130
13	34
13	129
13	144
13	15
13	134
13	11
13	32
13	45
13	71
13	59
13	95
13	7
13	90
13	69
13	50
14	48
14	121
14	151
14	69
14	54
14	111
14	44
14	62
14	43
14	92
14	110
14	143
14	72
14	78
14	94
14	7
14	103
14	46
14	106
14	42
14	141
14	41
14	74
14	102
14	25
14	147
14	122
14	34
14	8
14	164
14	172
14	50
14	18
14	83
14	144
14	53
14	68
14	63
14	140
14	22
14	161
14	153
14	155
14	80
14	21
15	76
15	69
15	75
15	62
15	140
15	72
15	141
15	21
15	39
15	9
15	32
15	111
15	107
15	26
15	68
15	147
15	103
15	20
15	56
15	160
15	25
15	136
15	45
15	63
15	74
15	77
15	133
15	98
15	146
15	65
15	66
15	110
15	97
15	139
15	151
15	28
15	35
15	49
15	40
15	47
15	114
15	123
15	55
15	164
15	144
15	134
15	43
15	156
15	120
15	4
15	70
15	19
15	67
15	42
15	90
15	13
15	109
15	57
15	95
15	127
15	29
15	22
15	78
15	101
15	172
15	92
15	18
15	58
15	168
15	157
15	161
15	100
15	53
15	112
15	51
15	171
15	79
15	64
15	132
15	27
16	140
16	36
16	57
16	56
16	77
16	29
16	7
16	39
16	32
16	91
16	35
16	50
16	49
16	22
16	43
16	104
16	90
16	92
16	135
16	110
16	93
16	34
16	123
16	62
16	21
16	111
16	151
16	127
16	96
16	153
16	82
16	115
16	55
16	143
16	121
16	113
17	160
17	69
17	100
17	7
17	141
17	74
17	82
17	128
17	53
17	35
17	22
17	85
17	45
17	84
17	113
17	47
17	148
17	62
17	31
17	147
17	162
17	68
17	79
17	104
17	111
17	92
17	140
17	98
17	24
17	55
17	110
17	139
17	161
17	63
17	119
17	112
17	56
17	135
17	89
17	65
17	155
17	106
17	166
17	80
17	72
17	78
17	126
17	159
17	43
17	77
17	93
17	36
17	133
17	81
17	21
17	29
17	13
17	28
18	111
18	96
18	62
18	104
18	34
18	45
18	38
18	32
18	57
18	90
18	22
18	72
18	139
18	123
18	26
18	76
18	158
18	54
18	21
18	59
18	7
18	130
18	138
18	140
18	79
18	169
18	94
18	133
18	28
18	56
18	102
18	164
18	77
18	160
18	113
18	129
18	151
18	50
18	148
18	65
18	33
18	24
18	66
18	29
18	97
18	40
18	2
18	143
18	93
18	103
18	20
18	37
18	150
18	81
18	55
18	17
18	14
18	52
18	47
18	159
18	153
18	126
18	68
18	105
18	107
18	162
18	41
18	163
18	119
18	27
18	69
18	124
18	165
18	155
18	30
18	39
18	120
18	6
18	149
18	132
19	45
19	72
19	166
19	90
19	22
19	155
19	80
19	77
19	111
19	7
19	161
19	97
19	18
19	33
19	158
19	78
19	140
19	28
19	170
19	160
19	62
19	5
19	79
19	56
19	164
19	169
19	130
19	57
19	92
19	11
19	74
19	94
19	63
19	133
19	134
19	121
19	150
19	89
19	21
19	102
19	50
19	42
19	100
19	43
19	123
19	172
19	163
20	140
20	111
20	96
20	78
20	45
20	58
20	2
20	22
20	71
20	34
20	148
20	90
20	56
20	1
20	7
20	94
20	21
20	57
20	50
20	6
20	151
20	28
20	72
20	67
20	76
20	59
20	144
20	107
20	101
20	15
20	169
20	162
20	17
20	23
20	147
20	132
20	161
20	54
20	102
20	62
20	8
20	46
20	160
20	125
20	110
20	40
20	98
20	41
20	143
20	18
20	92
20	43
20	38
20	79
20	121
20	130
20	129
20	44
20	10
20	47
20	122
20	139
20	93
20	163
20	5
20	171
20	48
20	164
20	32
20	14
20	66
20	73
20	64
20	55
20	24
20	104
20	133
20	103
20	26
20	9
20	112
20	33
20	135
20	145
20	19
20	95
20	42
20	149
20	25
20	65
20	69
20	12
20	115
20	170
20	70
20	141
20	150
20	39
20	157
20	85
20	159
20	61
20	4
20	108
20	97
20	99
20	113
20	80
20	68
20	60
20	146
20	118
20	63
20	136
21	39
21	45
21	59
21	144
21	148
21	17
21	36
21	66
21	90
21	140
21	111
21	100
21	22
21	69
21	63
21	150
21	42
21	147
21	94
21	7
21	50
21	125
21	164
21	77
21	72
21	8
21	26
21	130
21	75
21	57
21	78
21	34
21	9
21	115
21	132
21	143
21	139
21	160
21	44
21	163
21	123
21	97
21	104
21	171
21	161
21	25
21	65
21	113
21	170
21	23
21	16
21	152
21	168
21	95
21	129
21	88
21	153
21	102
21	114
21	70
21	158
21	24
21	146
21	110
21	165
21	157
21	118
21	71
21	84
21	79
21	98
21	6
21	120
21	73
21	37
21	28
21	62
21	1
21	155
21	122
21	5
21	126
21	56
21	86
21	149
21	91
22	59
22	75
22	69
22	62
22	151
22	71
22	17
22	153
22	11
22	23
22	124
22	129
22	97
22	140
22	94
22	63
22	108
22	3
22	98
22	76
22	77
22	56
22	61
22	58
22	9
22	117
22	2
22	169
22	79
22	123
22	111
22	20
22	95
22	131
22	47
22	154
22	142
22	138
22	7
22	31
22	162
22	146
22	64
22	164
22	116
22	35
22	5
22	37
22	167
22	99
22	160
22	114
22	49
22	170
22	29
22	65
22	16
22	156
22	8
22	53
22	120
22	132
22	4
22	119
22	133
22	145
22	39
22	86
22	125
22	34
22	50
22	122
22	66
22	60
22	148
22	51
22	104
22	84
22	13
22	78
22	139
22	143
22	130
22	90
22	82
22	118
22	112
22	100
22	36
22	93
22	144
22	26
22	159
22	30
22	165
22	109
22	72
22	57
22	152
22	89
22	45
22	83
22	24
22	81
22	137
22	135
23	62
23	111
23	108
23	22
23	79
23	94
23	151
23	59
23	162
23	164
23	97
23	20
23	99
23	69
23	156
23	132
23	167
23	140
23	170
23	11
23	47
23	137
23	129
23	95
23	56
23	145
23	113
23	169
23	46
23	14
23	45
23	75
23	53
23	63
24	62
24	32
24	147
24	64
24	119
24	150
24	1
24	111
24	40
24	22
24	91
24	56
24	95
24	21
24	43
24	112
24	29
24	57
24	18
24	118
24	41
24	39
24	49
24	45
24	72
24	67
24	140
24	4
24	26
24	77
24	94
24	5
24	145
24	82
24	23
24	53
24	146
24	123
24	148
24	153
24	54
24	16
25	111
25	2
25	109
25	153
25	129
25	9
25	140
25	45
25	89
25	123
25	56
25	35
25	49
25	117
25	95
25	34
25	94
25	90
25	113
25	120
25	156
25	114
25	39
25	84
25	36
25	65
25	28
25	20
25	87
25	160
25	99
25	127
26	168
26	109
26	87
26	151
26	121
26	111
26	153
26	62
26	10
26	94
26	1
26	80
26	50
26	44
26	15
26	90
26	12
26	22
26	140
26	112
26	115
26	56
26	46
26	16
26	108
26	42
26	41
26	20
26	6
26	7
26	149
26	30
27	75
27	152
27	164
27	147
27	107
27	92
27	103
27	141
27	29
27	81
27	79
27	57
27	111
27	7
27	139
27	161
27	8
27	3
27	22
27	32
27	45
27	162
27	50
27	62
27	28
27	31
27	21
27	70
27	53
27	47
27	56
27	129
27	64
27	26
27	43
27	89
27	82
27	77
27	95
27	121
27	159
27	93
27	126
27	39
27	30
27	54
27	94
27	132
27	67
27	160
28	62
28	161
28	162
28	139
28	104
28	140
28	73
28	94
28	149
28	160
28	153
28	37
28	38
28	120
28	7
28	19
28	138
28	111
28	31
28	95
28	79
28	47
28	84
28	56
28	35
28	72
28	46
28	169
28	97
28	32
28	88
28	121
28	166
28	151
28	142
28	49
28	144
28	57
28	128
28	21
28	65
28	170
28	130
28	69
28	15
28	119
28	93
28	129
28	39
28	115
28	55
28	45
28	34
28	22
28	99
28	89
28	114
28	30
28	3
28	50
28	77
28	141
29	56
29	104
29	129
29	64
29	73
29	95
29	148
29	80
29	140
29	130
29	7
29	136
29	59
29	122
29	6
29	126
29	1
29	111
29	43
29	77
29	45
29	72
29	151
29	47
29	142
29	57
29	114
29	94
29	12
29	141
29	161
29	22
29	63
29	44
29	52
29	160
29	24
29	97
29	88
29	156
29	91
29	113
29	92
29	37
29	50
29	112
29	86
29	4
29	162
29	159
29	144
29	32
29	34
29	123
29	147
29	146
29	120
29	119
29	54
29	84
29	70
29	68
29	27
29	93
29	143
29	38
29	62
29	165
30	95
30	81
30	138
30	162
30	32
30	65
30	140
30	159
30	120
30	67
30	7
30	43
30	94
30	111
30	148
30	88
30	165
30	22
30	45
30	90
30	9
30	104
30	68
30	164
30	54
30	161
30	64
30	72
30	21
30	124
30	16
30	82
30	143
30	134
30	23
30	150
30	50
30	86
30	6
30	27
30	89
30	29
30	122
30	100
30	85
30	34
30	163
30	69
30	119
30	126
31	79
31	21
31	92
31	118
31	36
31	141
31	80
31	7
31	88
31	90
31	18
31	140
31	107
31	8
31	62
31	94
31	22
31	167
31	39
31	4
31	130
31	124
31	95
31	2
31	65
31	133
31	164
31	48
31	114
31	20
31	170
31	163
31	70
31	56
31	45
31	57
31	159
31	106
31	97
31	58
31	28
31	29
31	144
31	50
31	172
31	27
31	153
31	150
31	138
31	47
31	143
31	151
31	64
31	9
31	23
31	73
31	149
31	34
31	111
31	38
31	16
31	54
31	15
32	111
32	67
32	89
32	11
32	73
32	159
32	68
32	92
32	63
32	34
32	29
32	140
32	144
32	152
32	48
32	2
32	47
32	106
32	97
32	107
32	141
32	104
32	22
32	4
32	132
32	94
32	96
32	59
32	121
32	163
32	77
32	18
32	8
32	55
32	119
32	38
32	95
32	142
32	7
32	138
32	86
32	25
32	62
32	105
32	110
32	131
32	130
32	168
32	88
32	79
32	45
32	120
32	113
32	50
32	148
32	39
32	158
32	35
32	51
32	112
32	155
32	151
32	147
32	65
32	6
32	56
32	14
32	60
32	114
32	99
32	143
32	74
32	80
32	129
32	122
32	137
32	42
32	57
32	27
32	162
32	139
32	54
32	31
32	76
32	127
32	24
32	150
32	90
32	30
32	165
32	17
32	124
32	1
32	160
32	116
32	153
32	41
32	101
32	123
32	52
32	33
32	12
32	171
32	16
32	70
32	13
32	15
32	40
32	84
32	5
32	125
32	9
32	117
32	69
32	72
32	100
33	7
33	93
33	43
33	159
33	90
33	62
33	52
33	38
33	22
33	164
33	111
33	28
33	32
33	56
33	118
33	26
33	97
33	138
33	96
33	160
33	14
33	8
33	57
33	126
33	79
33	44
33	11
33	45
33	12
33	145
33	21
33	66
33	3
33	140
33	102
33	76
33	95
33	69
33	41
33	141
33	39
33	165
33	64
33	112
33	51
33	30
33	150
33	18
33	161
33	168
34	59
34	62
34	76
34	94
34	65
34	98
34	89
34	22
34	153
34	136
34	79
34	63
34	99
34	36
34	18
34	148
34	77
34	111
34	78
34	145
34	5
34	110
34	54
34	20
34	123
34	4
34	29
34	130
34	140
34	31
34	124
34	7
34	132
34	142
34	129
34	97
34	154
34	13
34	155
34	169
34	72
34	151
34	107
34	11
34	2
34	113
34	144
34	157
34	116
34	162
34	48
34	121
34	167
34	90
34	152
34	164
34	55
34	61
34	84
34	127
34	118
34	58
34	80
34	104
34	51
34	95
34	15
34	102
34	170
34	114
34	37
34	56
34	160
34	64
34	21
34	75
34	49
34	45
34	163
34	41
34	156
34	8
34	143
34	119
34	53
34	165
34	122
34	35
34	133
34	57
34	47
34	147
34	32
34	43
35	8
35	144
35	124
35	148
35	111
35	34
35	164
35	22
35	159
35	100
35	45
35	95
35	60
35	38
35	47
35	7
35	130
35	2
35	80
35	140
35	9
35	62
35	152
35	28
35	172
35	94
35	51
35	12
35	26
35	114
35	162
35	141
35	66
35	89
35	15
35	88
35	32
35	101
35	157
35	10
35	72
35	21
35	119
35	93
35	103
35	39
35	65
35	23
35	121
35	163
35	63
35	6
35	56
35	107
35	90
35	155
36	157
36	134
36	45
36	15
36	119
36	22
36	155
36	142
36	101
36	111
36	95
36	69
36	90
36	7
36	144
36	140
36	72
36	164
36	148
36	73
36	113
36	5
36	63
36	28
36	19
36	88
36	125
36	103
36	94
36	78
36	136
36	2
36	62
36	160
36	20
36	34
36	108
36	168
36	141
36	50
36	100
36	86
36	6
36	110
36	104
36	51
36	97
36	33
36	21
36	171
36	67
37	153
37	22
37	50
37	140
37	138
37	32
37	76
37	62
37	94
37	112
37	170
37	157
37	26
37	122
37	106
37	16
37	166
37	8
37	56
37	12
37	172
37	87
37	38
37	45
37	118
37	111
37	164
37	25
37	132
37	165
37	30
37	28
37	113
38	130
38	43
38	134
38	136
38	45
38	80
38	166
38	139
38	151
38	120
38	158
38	20
38	100
38	26
38	28
38	90
38	13
38	160
38	39
38	9
38	36
38	35
38	95
38	11
38	49
38	153
38	161
38	144
38	170
38	29
38	140
38	87
38	69
38	62
38	115
38	114
38	109
38	171
38	65
38	111
38	22
38	146
38	137
38	150
38	86
38	94
38	122
38	37
38	8
38	159
38	50
38	143
38	164
38	21
38	99
38	165
38	88
38	163
38	129
38	128
38	6
38	133
38	131
39	111
39	22
39	76
39	129
39	140
39	59
39	148
39	144
39	161
39	26
39	14
39	90
39	7
39	45
39	27
39	137
39	4
39	69
39	51
39	53
39	84
39	62
39	145
39	43
39	2
39	64
39	163
39	164
39	152
39	106
39	166
39	28
39	119
39	57
39	97
39	122
39	78
39	79
39	150
39	41
39	32
39	94
39	40
39	50
39	56
39	147
39	96
39	33
39	12
39	101
39	49
39	139
39	68
39	114
39	100
39	141
39	38
39	54
39	113
39	168
39	58
39	157
39	65
39	159
39	47
39	10
39	151
39	80
39	16
39	162
39	169
39	135
39	6
39	19
39	21
39	23
39	91
39	46
39	34
39	42
39	153
39	5
39	131
39	167
39	66
39	37
39	31
39	82
39	48
39	120
39	85
39	104
39	81
39	67
39	143
39	165
39	102
39	132
39	121
39	9
39	74
40	2
40	18
40	141
40	147
40	70
40	162
40	7
40	86
40	111
40	20
40	164
40	168
40	19
40	59
40	140
40	110
40	94
40	118
40	62
40	45
40	51
40	22
40	21
40	50
40	166
40	6
40	160
40	41
40	161
40	79
40	108
40	31
40	54
40	131
40	72
40	124
40	163
40	47
40	104
40	138
40	23
40	90
40	78
40	130
41	34
41	102
41	50
41	33
41	7
41	139
41	45
41	90
41	111
41	65
41	147
41	8
41	22
41	80
41	38
41	158
41	43
41	59
41	150
41	16
41	129
41	115
41	20
41	100
41	151
41	78
41	72
41	14
41	44
41	18
41	121
41	69
41	64
41	77
41	9
41	26
41	130
41	141
41	28
41	131
41	148
41	104
41	140
41	153
41	143
41	63
41	57
41	97
41	125
41	116
41	103
41	159
41	132
41	62
41	76
41	123
41	160
41	172
41	6
41	79
41	48
41	51
41	94
41	155
41	165
41	164
41	68
41	119
41	30
41	120
41	134
41	138
41	54
41	110
42	148
42	144
42	56
42	111
42	34
42	168
42	169
42	130
42	122
42	62
42	90
42	57
42	131
42	33
42	96
42	51
42	143
42	50
42	140
42	132
42	150
42	35
42	88
42	72
42	97
42	123
42	121
42	133
42	139
42	160
42	135
42	23
42	89
42	102
42	65
42	114
42	171
42	37
42	93
42	26
42	59
42	94
42	22
42	6
42	63
42	45
42	105
42	5
42	14
42	84
42	164
42	137
42	17
42	9
42	161
42	151
42	68
42	104
42	127
42	43
42	55
42	120
43	102
43	6
43	90
43	2
43	100
43	45
43	147
43	63
43	52
43	163
43	4
43	7
43	50
43	141
43	149
43	25
43	79
43	119
43	144
43	71
43	92
43	105
43	22
43	150
43	136
43	159
43	18
43	21
43	111
43	124
43	125
43	38
43	34
43	72
43	129
43	76
43	140
43	56
43	60
43	26
43	8
43	122
43	135
43	104
43	65
43	106
43	95
43	145
43	88
43	48
43	32
43	29
43	13
43	151
43	139
43	155
43	55
43	39
43	1
43	97
43	113
43	10
43	57
43	164
43	143
43	94
43	62
43	54
43	80
43	35
43	20
43	82
43	73
43	115
43	112
43	153
43	47
43	103
43	165
43	96
43	67
43	160
43	30
43	42
43	89
43	27
43	162
43	126
44	36
44	136
44	77
44	56
44	160
44	20
44	46
44	142
44	62
44	49
44	35
44	114
44	50
44	150
44	29
44	55
44	152
44	61
44	28
44	65
44	156
44	79
44	140
44	116
44	45
44	120
44	94
44	98
44	95
44	164
44	133
44	165
44	153
44	124
44	39
45	75
45	56
45	59
45	169
45	28
45	134
45	65
45	125
45	120
45	29
45	97
45	62
45	129
45	79
45	13
45	33
45	152
45	36
45	107
45	124
45	2
45	94
45	113
45	32
45	140
45	15
45	136
45	108
45	99
45	148
45	50
45	20
45	89
45	22
45	98
45	116
45	5
45	77
45	71
45	172
45	155
45	151
45	6
45	119
45	142
45	117
45	7
45	111
45	153
45	160
45	162
45	150
45	37
45	127
45	167
45	39
45	72
45	100
45	144
45	158
45	90
45	11
45	58
45	18
45	139
45	164
45	85
45	147
45	70
45	35
45	49
45	114
45	55
45	95
45	47
45	61
45	3
45	34
45	23
45	88
45	83
45	9
45	156
45	170
45	145
45	41
45	63
45	51
45	68
45	78
45	104
45	4
45	130
45	122
45	109
45	86
45	16
45	12
45	143
45	105
45	112
45	57
45	44
45	76
45	66
45	64
45	96
45	84
45	110
45	165
45	27
45	133
45	157
45	161
45	21
45	31
45	103
45	82
45	121
45	30
45	54
45	138
45	92
46	160
46	144
46	22
46	34
46	45
46	62
46	44
46	130
46	151
46	8
46	72
46	111
46	54
46	148
46	163
46	90
46	28
46	50
46	7
46	23
46	140
46	104
46	110
46	113
46	159
46	78
46	97
46	65
46	92
46	6
46	100
46	94
46	75
46	42
46	135
46	73
46	47
46	165
47	53
47	92
47	161
47	32
47	119
47	94
47	25
47	159
47	80
47	140
47	7
47	111
47	67
47	4
47	151
47	36
47	56
47	29
47	109
47	18
47	112
47	147
47	96
47	21
47	126
47	31
47	144
47	107
47	43
47	106
47	14
47	8
47	82
47	113
47	141
47	122
47	73
47	58
47	91
47	137
47	75
47	103
47	22
47	40
47	110
47	98
47	90
47	45
47	24
47	160
47	62
47	70
47	128
47	105
47	63
47	121
47	104
47	57
47	127
47	68
48	7
48	161
48	104
48	79
48	62
48	60
48	45
48	92
48	1
48	20
48	134
48	21
48	56
48	119
48	24
48	140
48	10
48	47
48	132
48	29
48	52
48	107
48	151
48	94
48	112
48	113
48	89
48	43
48	145
48	126
48	70
48	159
48	64
48	111
48	82
48	162
48	27
48	32
48	54
48	91
48	9
48	155
48	57
48	103
48	109
48	72
48	120
48	30
48	150
48	18
48	164
49	35
49	124
49	45
49	130
49	111
49	47
49	7
49	56
49	92
49	140
49	90
49	95
49	54
49	132
49	161
49	85
49	148
49	44
49	101
49	103
49	62
49	102
49	144
49	50
49	160
49	28
49	86
49	93
49	65
49	157
49	100
49	6
49	121
49	9
49	22
49	150
49	164
49	94
49	32
49	98
49	17
49	163
49	31
49	70
49	60
49	123
49	26
49	135
49	69
49	2
49	97
49	71
49	96
49	168
49	8
49	63
49	4
49	129
49	43
49	10
49	114
49	38
49	104
49	11
49	34
49	1
49	5
49	141
49	89
49	91
49	21
49	143
49	55
49	156
49	23
49	105
49	165
49	159
50	96
50	10
50	28
50	107
50	44
50	1
50	7
50	140
50	160
50	67
50	111
50	59
50	105
50	41
50	121
50	33
50	56
50	130
50	9
50	55
50	52
50	60
50	149
50	168
50	97
50	14
50	103
50	45
50	125
50	79
50	19
50	115
50	102
50	38
50	42
50	43
50	104
50	151
50	110
50	141
50	136
50	64
50	4
50	164
50	113
50	119
50	63
50	118
50	135
50	22
50	92
50	82
50	157
50	57
50	23
50	159
50	147
50	62
50	16
50	153
50	137
50	120
50	51
50	93
50	152
50	166
50	40
50	85
50	18
50	66
50	69
50	100
50	90
50	132
50	94
50	54
50	80
50	39
50	95
50	146
50	78
50	122
50	75
50	143
50	123
50	68
50	77
50	6
50	26
50	25
50	53
50	81
50	72
50	131
50	150
50	163
51	22
51	39
51	36
51	122
51	66
51	56
51	12
51	64
51	50
51	65
51	138
51	91
51	45
51	111
51	160
51	162
51	86
51	79
51	7
51	130
51	108
51	169
51	29
51	72
51	76
51	2
51	115
51	93
51	62
51	137
51	141
51	140
51	32
51	40
51	151
51	26
51	143
51	120
51	30
51	75
51	125
51	153
51	124
51	165
51	147
51	164
51	9
51	61
51	94
52	92
52	36
52	56
52	64
52	39
52	147
52	111
52	62
52	43
52	138
52	55
52	140
52	150
52	86
52	134
52	26
52	88
52	144
52	17
52	47
52	149
52	163
52	12
52	119
52	50
52	24
52	139
52	45
52	7
52	46
52	101
52	160
52	172
52	141
52	54
52	57
52	121
53	152
53	150
53	94
53	93
53	107
53	4
53	13
53	105
53	18
53	110
53	59
53	164
53	148
53	17
53	151
53	92
53	102
53	7
53	145
53	68
53	29
53	22
53	140
53	50
53	82
53	6
53	69
53	104
53	62
53	43
53	91
53	135
53	54
53	97
53	28
53	147
53	25
53	170
53	33
53	79
53	11
53	154
53	165
53	47
53	144
53	125
53	153
53	73
53	139
53	159
53	149
53	86
53	143
53	45
53	21
53	138
53	132
53	19
53	38
53	72
53	171
53	168
53	166
53	111
53	141
53	39
53	155
53	57
53	41
53	126
53	32
53	40
54	94
54	129
54	59
54	26
54	151
54	31
54	11
54	98
54	97
54	53
54	79
54	20
54	140
54	113
54	99
54	133
54	37
54	91
54	7
54	21
54	50
54	116
54	164
54	153
54	28
54	132
54	160
54	51
54	22
54	69
54	111
54	68
54	2
54	45
55	39
55	110
55	18
55	147
55	111
55	56
55	92
55	74
55	140
55	141
55	106
55	77
55	120
55	123
55	142
55	45
55	148
55	44
55	29
55	139
55	114
55	22
55	97
55	61
55	94
55	160
55	122
55	65
55	156
55	50
55	68
55	36
55	167
55	21
55	166
55	78
55	95
55	150
55	51
55	133
56	39
56	45
56	127
56	71
56	7
56	140
56	111
56	38
56	113
56	22
56	27
56	21
56	101
56	47
56	100
56	94
56	14
56	104
56	72
56	42
56	90
56	97
56	74
56	144
56	106
56	145
56	130
56	147
56	121
56	54
56	52
56	141
56	85
56	79
56	163
56	148
56	110
56	151
56	161
56	1
56	69
56	76
56	44
56	51
56	28
56	18
56	41
56	62
56	26
56	160
56	162
56	78
56	55
56	102
56	92
56	105
56	43
56	34
56	50
56	142
56	131
56	2
56	128
56	152
56	123
56	125
56	146
56	73
56	149
56	24
56	88
56	32
56	80
56	70
56	59
56	129
56	132
56	153
56	143
56	23
56	6
56	150
56	139
56	108
56	158
56	115
56	5
56	4
56	60
56	33
56	120
56	95
56	99
56	164
56	66
56	119
56	48
56	15
56	46
56	96
56	134
56	57
56	35
56	16
56	67
56	157
56	171
56	12
56	166
56	29
56	138
56	159
56	170
56	53
56	172
56	114
56	68
56	118
56	122
56	135
56	65
56	93
56	61
56	19
56	107
56	124
56	91
56	40
56	20
56	10
56	25
56	169
56	36
56	86
56	3
56	168
56	63
56	167
56	9
56	11
56	103
56	31
56	154
56	58
56	17
57	55
57	111
57	56
57	45
57	161
57	94
57	4
57	89
57	7
57	38
57	172
57	88
57	136
57	151
57	1
57	62
57	50
57	32
57	60
57	140
57	29
57	90
57	103
57	63
57	114
57	9
57	52
57	65
57	92
57	2
57	144
57	22
57	135
57	67
57	164
57	41
57	132
57	155
57	69
57	74
57	104
57	139
57	166
57	47
57	48
57	54
57	153
57	112
57	95
57	128
57	159
57	34
57	93
57	72
57	130
57	76
57	18
57	115
57	10
57	160
57	149
57	163
57	78
57	21
57	143
57	165
57	109
57	85
57	146
57	24
57	84
57	150
57	70
57	162
57	147
57	42
58	50
58	155
58	103
58	135
58	9
58	18
58	32
58	67
58	92
58	141
58	73
58	28
58	43
58	98
58	164
58	111
58	149
58	94
58	14
58	86
58	161
58	122
58	137
58	62
58	23
58	2
58	7
58	90
58	54
58	144
58	88
58	21
58	172
58	147
58	102
58	45
58	140
58	38
58	163
58	148
58	60
58	6
58	169
59	15
59	22
59	34
59	94
59	87
59	130
59	172
59	2
59	68
59	23
59	41
59	83
59	150
59	7
59	148
59	96
59	19
59	32
59	171
59	78
59	140
59	21
59	131
59	67
59	66
59	50
59	111
59	9
59	117
59	62
59	18
59	47
59	73
59	12
59	88
59	149
59	135
59	3
59	138
59	86
59	72
59	163
59	159
59	28
59	17
59	144
59	161
59	97
59	43
59	16
59	33
59	164
59	55
59	48
59	14
59	45
59	168
59	39
59	166
59	57
59	56
59	42
59	129
59	162
59	69
59	93
59	91
59	38
59	44
59	160
59	105
59	53
59	6
59	26
59	84
59	143
59	54
60	100
60	111
60	9
60	130
60	20
60	86
60	50
60	2
60	156
60	49
60	160
60	140
60	72
60	163
60	120
60	61
60	101
60	158
60	75
60	141
60	22
60	32
60	51
60	144
60	152
60	45
60	165
60	143
60	57
60	64
60	17
60	21
60	30
61	22
61	148
61	79
61	172
61	104
61	144
61	92
61	124
61	44
61	111
61	140
61	43
61	65
61	62
61	34
61	160
61	45
61	8
61	109
61	97
61	170
61	2
61	56
61	130
61	94
61	50
61	55
61	102
61	9
61	164
61	71
61	96
61	114
61	95
61	132
61	63
61	25
61	7
61	14
61	21
61	28
61	67
61	141
61	54
61	105
62	59
62	94
62	129
62	139
62	3
62	22
62	79
62	31
62	163
62	122
62	11
62	98
62	113
62	34
62	108
62	53
62	116
62	97
62	21
62	160
62	167
62	12
62	45
62	75
62	154
62	7
62	95
62	151
62	145
62	111
62	142
62	164
62	38
62	2
62	148
62	5
62	20
62	13
62	26
62	112
62	115
62	4
62	46
62	64
62	70
62	119
62	103
62	171
62	140
62	99
62	25
62	83
62	170
62	39
62	56
62	65
62	50
62	90
62	58
62	146
62	137
62	8
62	52
62	17
62	81
62	37
62	54
62	166
62	155
62	125
62	123
62	141
62	169
62	43
62	143
62	78
62	76
62	118
62	29
62	147
62	132
62	51
62	28
62	102
62	47
62	92
62	87
62	41
62	168
62	153
62	86
62	55
62	85
62	23
62	121
62	33
62	30
62	16
62	104
62	63
62	32
63	111
63	11
63	15
63	94
63	56
63	95
63	9
63	140
63	124
63	22
63	39
63	99
63	25
63	32
63	136
63	79
63	141
63	98
63	20
63	120
63	164
63	169
63	145
63	90
63	23
63	82
63	34
63	77
63	72
63	130
63	158
63	148
63	28
63	78
63	125
63	8
63	131
63	66
63	142
63	17
63	26
63	160
63	13
63	172
63	117
63	35
63	45
63	132
63	123
63	50
63	49
63	127
63	48
63	29
63	96
63	150
63	147
63	61
63	62
63	102
63	161
63	89
63	7
63	144
63	33
63	54
63	156
63	67
63	18
63	113
63	122
63	167
63	43
63	57
63	143
63	74
63	103
63	6
63	68
63	171
63	151
63	139
63	71
63	105
63	101
63	16
63	21
63	163
63	165
63	157
63	112
63	81
63	76
63	97
63	88
63	31
63	30
63	138
63	65
64	22
64	7
64	95
64	60
64	113
64	107
64	145
64	94
64	111
64	121
64	41
64	140
64	38
64	150
64	56
64	1
64	10
64	55
64	151
64	139
64	66
64	8
64	2
64	163
64	112
64	4
64	54
64	29
64	167
64	50
64	39
64	78
64	28
64	32
64	45
64	161
64	46
64	72
64	34
64	63
64	160
64	92
64	159
64	165
64	13
64	23
64	103
64	24
64	143
64	90
64	104
64	9
64	74
65	108
65	122
65	88
65	94
65	7
65	170
65	151
65	153
65	97
65	32
65	17
65	79
65	96
65	144
65	22
65	59
65	20
65	68
65	48
65	49
65	61
65	99
65	31
65	101
65	121
65	91
65	95
65	111
65	156
65	43
65	47
65	127
65	62
65	39
65	58
65	16
65	44
65	93
65	45
65	56
65	36
65	146
65	86
65	106
65	30
65	64
65	140
66	56
66	162
66	107
66	36
66	79
66	140
66	1
66	20
66	94
66	98
66	160
66	5
66	49
66	35
66	145
66	61
66	114
66	7
66	65
66	99
66	93
66	39
66	62
66	51
66	50
66	31
66	92
66	29
66	133
66	155
66	28
66	41
67	89
67	111
67	169
67	110
67	63
67	151
67	172
67	56
67	152
67	92
67	147
67	12
67	4
67	78
67	123
67	22
67	69
67	43
67	141
67	107
67	72
67	122
67	14
67	160
67	164
67	103
67	95
67	32
67	5
67	106
67	49
67	25
67	74
67	145
67	62
67	167
67	45
67	79
67	115
67	9
67	96
67	94
67	100
67	146
67	87
67	65
67	130
67	90
67	142
67	116
67	29
67	26
67	42
67	28
67	80
67	105
67	165
67	140
67	119
67	54
67	88
67	150
67	97
67	38
67	23
67	153
67	13
67	18
67	30
67	27
67	143
68	7
68	104
68	161
68	10
68	110
68	26
68	94
68	111
68	45
68	62
68	72
68	32
68	140
68	67
68	97
68	151
68	65
68	22
68	133
68	149
68	31
68	112
68	39
68	126
68	2
68	63
68	116
68	40
68	119
68	152
68	85
68	160
68	167
68	143
68	93
68	139
68	135
68	95
68	103
68	9
68	96
68	153
68	159
68	21
68	82
68	52
68	53
68	66
68	18
68	120
68	79
68	47
68	154
68	117
69	94
69	4
69	22
69	19
69	7
69	63
69	67
69	140
69	32
69	79
69	89
69	72
69	21
69	45
69	107
69	77
69	108
69	157
69	56
69	57
69	96
69	161
69	8
69	150
69	64
69	55
69	100
69	132
69	50
69	40
69	121
69	155
69	144
69	151
69	95
69	29
69	62
69	43
69	148
69	33
69	82
69	66
69	91
69	167
69	147
69	39
69	160
69	60
69	65
69	31
69	164
69	23
69	118
69	145
69	85
69	80
69	111
69	1
69	146
69	141
69	2
69	159
69	59
69	98
69	78
69	52
69	38
69	16
69	105
69	28
69	90
69	25
69	114
69	115
69	133
69	47
69	149
69	93
69	104
69	126
69	134
69	110
69	53
69	112
70	23
70	79
70	37
70	73
70	57
70	118
70	12
70	148
70	111
70	28
70	169
70	65
70	20
70	144
70	140
70	92
70	104
70	164
70	64
70	109
70	86
70	43
70	29
70	112
70	151
70	62
70	6
70	129
70	50
70	47
70	137
70	39
70	139
70	22
70	56
70	63
70	51
70	33
70	162
70	38
70	163
70	14
70	147
70	7
71	78
71	111
71	21
71	76
71	141
71	63
71	5
71	26
71	107
71	36
71	45
71	20
71	22
71	136
71	77
71	56
71	98
71	168
71	100
71	115
71	125
71	90
71	39
71	121
71	114
71	49
71	35
71	147
71	157
71	130
71	99
71	101
71	25
71	65
71	58
71	170
71	156
71	61
71	97
71	103
71	146
71	42
71	116
71	152
71	28
71	171
71	165
71	144
71	150
72	151
72	152
72	159
72	10
72	7
72	52
72	38
72	4
72	111
72	121
72	29
72	14
72	107
72	160
72	8
72	67
72	74
72	55
72	164
72	26
72	112
72	98
72	90
72	60
72	63
72	91
72	40
72	21
72	19
72	43
72	92
72	96
72	132
72	69
72	3
72	146
72	147
72	50
72	22
72	66
72	150
72	57
72	95
72	32
72	106
72	75
72	89
72	144
72	143
72	82
72	1
72	140
72	135
72	65
72	126
72	42
72	118
72	18
72	54
72	93
72	79
72	30
72	41
72	161
73	15
73	22
73	144
73	140
73	28
73	129
73	94
73	78
73	77
73	102
73	163
73	2
73	72
73	19
73	14
73	66
73	41
73	50
73	111
73	26
73	95
73	7
73	17
73	115
73	133
73	34
73	62
73	56
73	93
73	6
73	153
73	161
73	60
73	171
73	148
73	68
73	141
73	117
73	101
73	168
73	90
73	143
74	119
74	47
74	111
74	157
74	2
74	105
74	140
74	7
74	26
74	22
74	72
74	34
74	161
74	90
74	13
74	103
74	35
74	114
74	45
74	71
74	61
74	144
74	31
74	164
74	94
74	20
74	102
74	56
74	52
74	54
74	91
74	62
74	32
74	97
74	50
74	148
74	142
74	153
74	53
74	84
74	172
74	14
74	18
74	23
75	94
75	148
75	53
75	144
75	63
75	67
75	140
75	78
75	109
75	23
75	7
75	31
75	34
75	90
75	29
75	132
75	22
75	9
75	111
75	120
75	163
75	47
75	45
75	2
75	62
75	160
75	143
75	107
75	93
75	126
75	122
75	88
75	32
75	87
75	84
75	38
75	112
75	50
75	141
75	27
75	24
75	16
75	60
75	150
75	69
75	72
75	138
75	135
75	54
75	44
75	130
75	121
75	79
76	169
76	139
76	39
76	97
76	154
76	116
76	108
76	160
76	112
76	58
76	56
76	133
76	79
76	63
76	50
76	20
76	3
76	49
76	89
76	94
76	59
76	125
76	69
76	144
76	17
76	99
76	26
76	62
76	37
76	111
77	144
77	66
77	45
77	1
77	71
77	111
77	34
77	149
77	69
77	51
77	148
77	130
77	6
77	78
77	52
77	159
77	38
77	7
77	161
77	150
77	103
77	127
77	132
77	47
77	23
77	133
77	50
77	139
77	28
77	119
77	17
77	57
77	135
77	90
77	140
77	100
77	2
77	92
77	151
77	26
77	13
77	162
77	172
77	72
77	21
77	27
77	9
77	22
77	160
77	95
77	82
77	43
77	54
77	85
77	101
77	141
77	4
77	76
77	62
77	79
77	104
77	46
77	94
77	121
77	143
77	5
77	32
77	55
77	15
77	14
78	2
78	131
78	28
78	140
78	7
78	94
78	83
78	87
78	43
78	108
78	66
78	18
78	72
78	62
78	132
78	86
78	111
78	79
78	88
78	112
78	101
78	121
78	151
78	148
78	107
78	45
78	20
78	38
78	99
78	54
78	115
78	160
78	70
78	40
78	6
78	96
78	163
78	63
78	22
78	50
78	56
78	172
78	144
78	57
78	4
78	126
78	27
78	16
78	150
79	120
79	63
79	75
79	164
79	144
79	116
79	158
79	7
79	10
79	68
79	107
79	143
79	20
79	36
79	84
79	140
79	50
79	160
79	104
79	136
79	34
79	145
79	99
79	94
79	90
79	5
79	137
79	114
79	8
79	70
79	35
79	111
79	49
79	45
79	22
79	172
79	15
79	61
79	71
79	98
79	97
79	156
79	95
79	31
79	77
79	124
79	153
79	149
79	159
79	165
79	40
79	39
79	43
79	23
79	46
79	108
79	92
79	32
79	47
79	103
79	51
79	67
79	117
79	72
79	139
79	129
80	90
80	107
80	13
80	7
80	56
80	150
80	140
80	148
80	111
80	144
80	45
80	43
80	78
80	163
80	113
80	151
80	98
80	76
80	10
80	159
80	52
80	58
80	103
80	62
80	161
80	41
80	149
80	139
80	47
80	164
80	160
80	28
80	50
80	66
80	112
80	57
80	63
80	26
80	121
80	135
80	96
80	101
80	169
80	79
80	153
80	29
80	72
80	97
80	36
80	116
80	104
80	60
80	54
80	4
80	95
80	22
80	172
80	38
80	133
80	34
80	119
80	31
80	53
80	6
80	32
80	92
80	89
80	143
80	35
80	15
80	67
81	149
81	50
81	7
81	94
81	4
81	28
81	9
81	22
81	2
81	171
81	42
81	140
81	70
81	100
81	147
81	56
81	122
81	69
81	79
81	144
81	62
81	55
81	32
81	91
81	106
81	23
81	8
81	45
81	90
81	80
81	67
81	19
81	160
81	38
81	164
81	118
81	82
81	111
81	88
81	121
81	41
81	17
81	16
81	158
81	157
81	57
81	72
81	150
81	40
81	66
82	111
82	7
82	79
82	22
82	150
82	45
82	31
82	109
82	144
82	48
82	110
82	25
82	2
82	6
82	92
82	44
82	115
82	160
82	81
82	139
82	50
82	5
82	56
82	132
82	140
82	122
82	126
82	143
82	153
82	42
82	118
82	91
82	16
82	94
82	24
82	168
82	102
82	54
82	33
82	72
82	90
82	106
82	120
82	39
82	14
82	138
82	103
82	74
82	62
82	18
82	104
82	165
83	108
83	34
83	164
83	32
83	140
83	94
83	45
83	50
83	57
83	18
83	8
83	70
83	148
83	104
83	130
83	22
83	7
83	129
83	143
83	14
83	47
83	111
83	26
83	28
83	64
83	105
83	48
83	115
83	125
83	33
83	68
83	139
83	44
83	23
83	51
83	56
83	54
83	110
83	72
83	90
83	78
83	6
83	69
83	41
83	11
83	106
83	12
83	76
83	161
83	81
83	144
83	67
83	141
83	91
83	121
84	89
84	82
84	108
84	77
84	22
84	6
84	142
84	28
84	97
84	95
84	169
84	103
84	98
84	127
84	7
84	42
84	45
84	57
84	18
84	79
84	111
84	159
84	109
84	47
84	150
84	143
84	117
84	140
84	119
84	4
84	21
84	62
84	120
84	104
84	9
84	149
84	54
84	106
84	27
84	75
84	93
84	126
84	72
84	112
84	132
84	14
84	162
84	151
84	43
84	165
84	30
84	63
84	53
85	111
85	29
85	54
85	141
85	56
85	22
85	160
85	21
85	50
85	139
85	57
85	144
85	152
85	102
85	23
85	91
85	70
85	140
85	113
85	62
85	20
85	129
85	97
85	51
85	40
85	28
85	90
85	47
85	148
85	130
85	12
85	112
85	84
85	137
85	7
85	32
85	94
85	96
85	43
85	143
85	104
85	151
85	119
85	138
85	45
86	160
86	46
86	169
86	92
86	5
86	39
86	38
86	151
86	126
86	52
86	140
86	106
86	45
86	71
86	145
86	98
86	57
86	6
86	50
86	147
86	62
86	123
86	110
86	26
86	103
86	63
86	159
86	66
86	112
86	40
86	141
86	60
86	56
86	121
86	78
86	153
86	41
86	55
86	94
86	122
86	117
86	150
86	125
86	85
86	82
86	146
86	18
87	112
87	111
87	144
87	56
87	171
87	97
87	107
87	101
87	9
87	45
87	2
87	20
87	148
87	94
87	140
87	159
87	7
87	138
87	21
87	122
87	34
87	24
87	22
87	28
87	125
87	15
87	8
87	17
87	35
87	50
87	130
87	66
87	62
87	103
87	90
87	14
87	133
87	55
87	38
87	127
87	75
87	96
87	105
87	161
87	167
87	160
87	23
87	172
87	26
87	164
87	37
87	12
87	141
87	92
87	104
87	67
87	88
87	32
87	118
87	16
87	54
88	96
88	7
88	160
88	28
88	142
88	138
88	95
88	46
88	164
88	67
88	63
88	60
88	150
88	111
88	33
88	89
88	135
88	22
88	38
88	35
88	159
88	4
88	62
88	123
88	25
88	141
88	41
88	165
88	49
88	52
88	153
88	50
88	72
88	127
88	131
88	90
88	151
88	34
88	144
88	110
88	122
88	30
88	103
88	148
88	18
88	55
88	130
88	120
88	113
88	124
88	137
89	62
89	79
89	32
89	144
89	150
89	111
89	131
89	67
89	113
89	148
89	161
89	94
89	140
89	34
89	91
89	124
89	139
89	49
89	35
89	90
89	48
89	151
89	97
89	118
89	85
89	43
89	92
89	86
89	104
89	88
89	50
89	77
89	55
89	69
89	7
89	31
89	57
89	22
89	45
89	127
89	41
89	51
89	163
89	145
89	68
89	6
89	165
90	59
90	75
90	3
90	98
90	92
90	32
90	88
90	121
90	45
90	138
90	79
90	13
90	139
90	11
90	151
90	94
90	50
90	114
90	170
90	108
90	97
90	9
90	63
90	28
90	144
90	35
90	93
90	129
90	140
90	20
90	62
90	2
90	74
90	22
90	111
90	131
90	60
90	160
90	21
90	83
90	31
90	30
90	133
91	18
91	143
91	2
91	170
91	151
91	97
91	111
91	95
91	93
91	140
91	164
91	9
91	22
91	148
91	124
91	104
91	116
91	159
91	28
91	47
91	147
91	115
91	7
91	50
91	141
91	65
91	80
91	117
91	11
91	8
91	76
91	132
91	54
91	144
91	72
91	90
91	10
91	102
91	53
91	122
91	94
91	33
91	21
91	62
91	81
91	45
91	130
91	66
91	68
91	30
91	86
91	16
91	48
91	92
91	51
92	140
92	105
92	102
92	50
92	111
92	95
92	45
92	134
92	120
92	79
92	34
92	89
92	150
92	130
92	144
92	47
92	62
92	94
92	78
92	142
92	129
92	39
92	63
92	158
92	8
92	98
92	161
92	135
92	7
92	133
92	32
92	96
92	68
92	19
92	21
92	164
92	101
92	22
92	159
92	2
92	169
92	54
92	72
92	160
92	90
92	115
92	56
92	103
92	131
92	143
92	43
92	139
92	148
92	4
92	73
92	86
92	163
92	149
92	118
92	48
92	153
92	53
92	117
92	97
92	152
92	57
92	69
92	147
92	38
92	83
92	26
92	156
92	24
92	33
92	104
92	23
92	91
92	37
92	125
92	61
92	138
92	127
92	116
92	67
92	170
92	20
92	132
92	9
92	31
92	29
92	99
92	65
92	137
92	76
92	121
92	28
92	151
92	40
92	70
92	30
92	168
92	27
93	74
93	78
93	119
93	160
93	122
93	136
93	121
93	54
93	151
93	55
93	97
93	63
93	141
93	52
93	5
93	134
93	115
93	110
93	50
93	62
93	56
93	123
93	103
93	169
93	113
93	18
93	53
93	152
93	65
93	86
93	8
93	44
93	147
93	92
93	43
93	106
93	124
93	137
93	111
93	39
93	7
93	145
93	164
93	116
93	82
93	140
93	85
93	22
93	4
93	150
93	159
93	114
93	126
93	27
93	13
93	112
93	10
93	75
93	46
93	12
93	42
93	90
93	47
93	153
93	146
93	16
93	127
93	31
94	22
94	122
94	4
94	63
94	111
94	56
94	78
94	7
94	125
94	121
94	32
94	41
94	57
94	124
94	14
94	107
94	141
94	67
94	43
94	104
94	92
94	151
94	19
94	115
94	159
94	130
94	54
94	64
94	5
94	10
94	55
94	34
94	147
94	144
94	152
94	25
94	164
94	42
94	31
94	158
94	126
94	114
94	136
94	120
94	51
94	118
94	93
94	1
94	110
94	108
94	116
94	21
94	96
94	76
94	37
94	146
94	145
94	39
94	45
94	79
94	18
94	40
94	75
94	88
94	2
94	8
94	91
94	135
94	153
94	142
94	69
94	95
94	163
94	38
94	70
94	28
94	77
94	168
94	162
94	60
94	140
94	59
94	82
94	23
94	166
94	85
94	46
94	74
94	65
94	89
94	90
94	17
94	12
94	117
94	15
94	62
94	171
94	105
94	139
94	58
94	97
94	112
94	9
94	44
94	160
94	101
94	80
94	156
94	11
94	170
94	50
94	133
94	16
94	29
94	150
94	103
94	169
94	138
94	128
94	20
94	52
94	119
94	26
94	148
94	131
94	27
94	81
94	161
94	165
94	106
94	149
94	109
94	113
94	53
94	30
94	102
94	33
94	61
94	100
94	68
94	3
95	124
95	155
95	116
95	22
95	107
95	32
95	31
95	138
95	142
95	160
95	136
95	79
95	26
95	48
95	35
95	70
95	97
95	162
95	153
95	65
95	49
95	114
95	55
95	78
95	94
95	61
95	9
95	144
95	93
95	109
95	34
95	99
95	20
95	10
95	125
95	159
95	77
95	23
95	164
95	156
95	140
95	165
95	15
95	40
95	62
95	28
95	88
95	92
95	137
95	86
95	150
95	6
95	2
95	111
95	104
95	7
95	120
95	75
95	39
95	45
95	36
95	1
95	63
95	33
95	43
96	78
96	22
96	103
96	39
96	97
96	147
96	18
96	92
96	109
96	119
96	69
96	122
96	110
96	141
96	164
96	138
96	23
96	42
96	74
96	62
96	140
96	145
96	5
96	56
96	21
96	130
96	72
96	90
96	151
96	160
96	143
96	10
96	106
96	134
96	63
96	132
96	162
96	112
96	12
96	34
96	108
96	20
96	167
96	95
96	28
96	158
96	88
96	46
96	7
96	54
96	76
96	150
96	70
96	26
96	17
96	121
96	120
96	9
96	115
97	45
97	155
97	89
97	39
97	4
97	123
97	136
97	94
97	20
97	56
97	138
97	34
97	142
97	125
97	28
97	120
97	13
97	70
97	140
97	49
97	99
97	35
97	160
97	114
97	111
97	72
97	65
97	127
97	22
97	8
97	156
97	74
97	36
97	67
97	84
97	113
97	25
97	32
97	6
97	98
97	26
97	78
97	95
97	55
97	153
97	126
98	111
98	148
98	94
98	45
98	27
98	73
98	109
98	131
98	17
98	54
98	50
98	22
98	151
98	26
98	164
98	139
98	118
98	144
98	140
98	21
98	160
98	138
98	62
98	46
98	171
98	32
98	158
98	15
98	20
98	7
98	161
98	58
98	90
98	97
98	172
98	31
98	132
98	28
98	102
98	56
98	1
98	9
98	150
98	123
98	163
98	6
98	112
98	2
98	55
98	101
98	170
98	166
98	96
98	130
98	67
98	121
98	57
98	100
98	34
98	24
98	59
98	66
98	157
98	135
98	119
98	143
98	110
98	72
98	162
98	42
98	19
98	146
99	45
99	142
99	38
99	111
99	144
99	148
99	47
99	1
99	43
99	79
99	4
99	6
99	28
99	90
99	71
99	53
99	58
99	34
99	94
99	88
99	171
99	101
99	23
99	118
99	22
99	93
99	65
99	140
99	57
99	143
99	160
99	52
99	25
99	130
99	95
99	24
99	9
99	7
99	154
99	14
99	2
99	170
99	97
99	172
99	15
99	50
99	116
99	132
99	19
99	164
99	102
99	150
99	46
99	39
99	135
99	54
99	161
99	104
99	114
99	91
99	67
99	68
99	166
99	159
99	44
99	153
99	141
99	26
99	146
99	96
99	60
99	163
100	45
100	103
100	56
100	148
100	57
100	147
100	144
100	171
100	161
100	120
100	150
100	79
100	157
100	43
100	47
100	29
100	7
100	99
100	111
100	155
100	39
100	162
100	77
100	28
100	62
100	104
100	34
100	22
100	94
100	82
100	90
100	167
100	172
100	17
100	50
100	53
100	143
100	6
100	88
100	24
100	85
100	160
100	89
100	13
100	151
100	35
100	158
100	140
100	49
100	20
100	64
100	135
100	92
100	32
100	95
100	113
100	65
100	114
100	139
100	97
100	37
100	10
100	55
100	66
100	58
100	52
100	165
100	81
100	153
100	69
100	93
100	27
100	159
100	142
100	102
100	133
100	73
100	117
100	36
100	119
100	1
100	15
100	38
100	71
100	12
100	152
100	16
100	121
100	138
100	5
101	121
101	56
101	45
101	2
101	107
101	71
101	136
101	160
101	77
101	141
101	164
101	99
101	13
101	20
101	157
101	100
101	72
101	32
101	150
101	63
101	49
101	35
101	43
101	114
101	62
101	55
101	61
101	9
101	54
101	65
101	25
101	144
101	21
101	46
101	111
101	156
101	98
101	69
101	153
101	26
101	158
101	172
101	60
101	14
102	94
102	95
102	97
102	120
102	98
102	20
102	31
102	75
102	151
102	116
102	129
102	99
102	5
102	79
102	164
102	140
102	39
102	130
102	32
102	160
102	62
102	46
102	111
102	45
102	154
102	153
102	4
102	137
102	3
103	111
103	45
103	139
103	36
103	59
103	172
103	136
103	39
103	143
103	28
103	79
103	22
103	50
103	63
103	51
103	98
103	15
103	49
103	125
103	54
103	150
103	9
103	53
103	94
103	160
103	95
103	57
103	65
103	156
103	115
103	119
103	7
103	85
103	68
103	110
103	148
103	164
103	166
103	140
103	96
103	62
103	97
103	92
103	117
103	163
103	25
103	132
103	153
103	100
103	17
103	16
103	151
103	159
103	47
103	165
103	43
103	64
103	169
103	104
103	27
103	120
104	62
104	33
104	94
104	134
104	147
104	126
104	43
104	7
104	69
104	36
104	97
104	96
104	57
104	22
104	20
104	124
104	38
104	95
104	93
104	111
104	160
104	12
104	37
104	10
104	135
104	90
104	32
104	103
104	45
104	64
104	58
104	21
104	55
104	130
104	82
104	164
104	39
104	112
104	52
104	54
104	65
104	159
104	123
104	142
104	102
104	56
104	117
104	61
104	139
104	144
104	166
104	8
104	114
104	14
104	105
104	140
104	161
104	28
104	122
104	78
104	41
104	70
104	63
104	76
104	170
104	51
104	4
104	1
104	129
104	66
104	107
104	169
104	72
104	19
104	137
104	151
104	150
104	31
104	92
104	89
104	153
104	79
104	113
104	49
104	67
104	143
104	118
104	29
104	138
104	165
104	120
104	13
104	141
104	152
104	106
104	91
104	167
104	125
104	80
104	44
104	23
104	119
104	81
104	47
104	30
104	121
104	115
104	9
104	75
104	16
105	78
105	147
105	22
105	141
105	88
105	76
105	9
105	59
105	18
105	92
105	7
105	160
105	2
105	53
105	62
105	106
105	102
105	122
105	164
105	124
105	130
105	132
105	50
105	110
105	11
105	94
105	43
105	26
105	79
105	12
105	159
105	95
105	56
105	103
105	68
105	162
105	24
105	142
105	51
105	140
105	61
106	63
106	78
106	32
106	34
106	41
106	62
106	160
106	111
106	69
106	148
106	123
106	107
106	169
106	133
106	39
106	129
106	108
106	140
106	72
106	28
106	43
106	45
106	77
106	4
106	168
106	24
106	144
106	13
106	162
106	65
106	73
106	54
106	16
106	120
106	143
106	113
106	50
106	56
106	83
106	95
106	47
106	91
106	90
106	139
106	104
106	103
106	30
106	161
106	37
106	6
106	23
106	22
106	94
106	164
106	5
106	51
106	68
106	84
106	40
106	122
106	150
106	130
107	160
107	140
107	90
107	45
107	161
107	111
107	95
107	124
107	155
107	104
107	144
107	163
107	121
107	38
107	126
107	134
107	32
107	94
107	89
107	79
107	72
107	172
107	110
107	141
107	43
107	147
107	69
107	106
107	97
107	34
107	152
107	56
107	150
107	7
107	18
107	31
107	40
107	78
107	74
107	132
107	122
107	115
107	16
107	112
107	53
107	62
107	54
108	28
108	94
108	34
108	50
108	67
108	18
108	62
108	59
108	45
108	160
108	78
108	111
108	144
108	79
108	90
108	21
108	54
108	131
108	140
108	22
108	69
108	8
108	9
108	150
108	148
108	32
108	137
108	139
108	171
108	66
108	26
108	7
108	57
108	110
108	138
108	56
108	143
108	72
108	130
108	135
108	15
108	132
108	161
108	44
108	23
108	129
108	115
108	6
108	88
108	41
109	38
109	72
109	140
109	22
109	163
109	50
109	93
109	94
109	28
109	172
109	33
109	34
109	48
109	45
109	157
109	164
109	111
109	147
109	7
109	78
109	18
109	8
109	103
109	19
109	37
109	146
109	76
109	70
109	104
109	141
109	14
109	119
109	88
109	138
109	6
109	139
109	56
109	9
109	148
109	43
109	71
109	15
109	120
109	161
109	98
109	144
109	4
109	69
109	23
109	150
109	132
109	2
109	151
109	26
109	67
109	96
109	166
109	13
109	170
109	1
109	122
109	129
109	92
109	86
109	143
109	42
109	65
109	130
109	32
109	101
109	21
109	16
109	54
109	46
109	160
109	162
109	149
109	113
109	24
109	159
109	90
110	39
110	40
110	36
110	73
110	148
110	136
110	111
110	144
110	69
110	19
110	113
110	160
110	77
110	151
110	50
110	130
110	26
110	72
110	22
110	140
110	109
110	79
110	104
110	169
110	12
110	119
110	56
110	7
110	46
110	129
110	138
110	94
110	20
110	45
110	67
110	48
110	164
110	123
110	65
110	80
110	86
110	90
110	114
110	162
110	76
110	34
110	25
110	156
110	21
110	161
110	37
110	82
110	44
110	47
110	23
110	103
110	28
110	62
110	32
110	41
110	143
110	15
110	66
110	14
110	78
110	88
110	96
110	105
110	59
110	120
110	150
110	97
110	159
110	125
110	165
110	27
110	24
110	146
110	117
110	163
110	51
110	167
110	168
110	54
111	3
111	75
111	59
111	62
111	37
111	56
111	32
111	120
111	63
111	94
111	34
111	1
111	11
111	143
111	129
111	158
111	89
111	95
111	169
111	124
111	79
111	134
111	167
111	29
111	107
111	36
111	147
111	10
111	53
111	119
111	136
111	113
111	98
111	12
111	155
111	97
111	21
111	160
111	22
111	40
111	172
111	112
111	31
111	20
111	104
111	77
111	13
111	116
111	108
111	145
111	141
111	50
111	151
111	139
111	83
111	144
111	162
111	142
111	76
111	9
111	28
111	117
111	43
111	8
111	138
111	123
111	140
111	130
111	45
111	41
111	26
111	154
111	4
111	164
111	148
111	153
111	132
111	65
111	90
111	46
111	39
111	99
111	78
111	72
111	5
111	161
111	61
111	49
111	35
111	114
111	71
111	55
111	74
111	171
111	170
111	150
111	51
111	125
111	156
111	48
111	157
111	2
111	91
111	168
111	58
111	106
111	152
111	47
111	146
111	159
111	7
111	19
111	42
111	60
111	101
111	6
111	163
111	165
111	70
111	86
111	88
111	44
111	109
111	24
111	115
111	30
111	131
111	68
111	69
111	64
111	25
111	102
111	57
111	54
111	121
111	67
111	133
111	82
111	18
112	73
112	63
112	43
112	129
112	62
112	34
112	32
112	106
112	22
112	94
112	141
112	18
112	45
112	92
112	168
112	124
112	42
112	140
112	57
112	147
112	119
112	64
112	72
112	2
112	28
112	151
112	8
112	59
112	33
112	14
112	93
112	56
112	159
112	37
112	132
112	160
112	79
112	23
112	50
112	7
112	150
112	54
112	130
112	120
112	90
112	6
112	4
112	138
112	1
112	111
112	110
112	67
112	76
112	27
112	31
112	24
112	105
113	63
113	3
113	29
113	89
113	20
113	108
113	132
113	14
113	120
113	34
113	79
113	94
113	36
113	43
113	147
113	72
113	32
113	59
113	140
113	49
113	116
113	145
113	126
113	141
113	121
113	156
113	98
113	170
113	70
113	55
113	31
113	45
113	22
113	104
113	6
113	166
113	54
113	62
113	1
113	12
113	50
114	144
114	94
114	104
114	2
114	22
114	151
114	140
114	34
114	111
114	45
114	161
114	49
114	62
114	100
114	103
114	163
114	50
114	19
114	47
114	70
114	29
114	7
114	148
114	33
114	92
114	150
114	160
114	71
114	157
114	28
114	170
114	83
114	152
114	17
114	80
114	13
114	57
114	56
114	164
114	43
114	110
114	61
114	69
114	4
114	125
114	53
114	97
114	32
114	128
114	138
114	9
114	121
114	63
114	15
114	91
114	156
114	132
114	95
114	25
114	44
114	90
114	112
114	86
114	21
114	146
114	73
114	130
114	54
114	6
114	141
114	119
114	102
114	162
114	14
114	42
114	93
114	26
114	159
114	168
114	58
114	23
114	67
114	171
114	68
114	153
115	111
115	6
115	34
115	22
115	7
115	57
115	88
115	140
115	28
115	94
115	164
115	123
115	129
115	72
115	125
115	13
115	62
115	8
115	26
115	92
115	17
115	144
115	45
115	103
115	102
115	60
115	4
115	51
115	114
115	160
115	48
115	99
115	95
115	118
115	151
115	50
115	70
115	149
115	2
115	68
115	41
115	16
115	63
115	155
115	150
115	104
115	75
115	21
115	79
115	93
116	32
116	94
116	79
116	147
116	150
116	111
116	59
116	7
116	142
116	113
116	140
116	104
116	20
116	139
116	8
116	22
116	50
116	64
116	148
116	6
116	114
116	25
116	29
116	10
116	108
116	38
116	80
116	43
116	40
116	152
116	158
116	21
116	160
116	62
116	97
116	144
116	26
116	28
116	47
117	32
117	96
117	132
117	123
117	153
117	45
117	15
117	69
117	102
117	56
117	110
117	90
117	18
117	22
117	171
117	140
117	154
117	111
117	135
117	50
117	101
117	64
117	79
117	161
117	65
117	150
117	91
117	151
117	12
117	118
117	128
117	23
117	7
117	94
117	148
117	138
117	92
117	86
117	55
117	158
117	71
117	62
117	143
117	164
117	152
117	115
117	34
117	38
117	11
118	78
118	22
118	96
118	111
118	79
118	110
118	130
118	63
118	141
118	105
118	62
118	140
118	125
118	74
118	164
118	9
118	95
118	45
118	121
118	50
118	147
118	70
118	92
118	160
118	7
118	116
118	5
118	72
118	153
118	102
118	90
118	150
118	133
118	94
118	143
118	18
118	84
118	67
118	27
118	134
118	129
119	140
119	64
119	147
119	79
119	92
119	94
119	111
119	106
119	4
119	45
119	62
119	80
119	28
119	77
119	7
119	21
119	96
119	110
119	131
119	43
119	139
119	98
119	160
119	97
119	67
119	50
119	32
119	49
119	70
119	29
119	101
119	57
119	6
119	20
119	130
119	1
119	19
119	11
119	159
119	123
119	23
119	37
119	17
119	65
119	13
119	39
119	122
119	24
119	112
119	69
119	12
119	109
119	33
119	38
119	22
119	141
119	56
119	18
119	167
119	151
119	164
119	31
119	152
119	90
119	63
119	165
119	34
119	143
119	82
119	66
119	126
119	150
119	72
119	9
120	9
120	111
120	45
120	141
120	150
120	66
120	4
120	57
120	94
120	50
120	90
120	162
120	22
120	161
120	140
120	34
120	104
120	147
120	93
120	38
120	103
120	154
120	6
120	63
120	47
120	106
120	97
120	145
120	26
120	101
120	69
120	11
120	170
120	148
120	139
120	32
120	122
120	56
120	144
120	114
120	134
120	43
120	123
120	71
120	28
120	54
120	164
120	7
120	72
120	121
120	24
120	143
120	44
120	163
120	130
120	126
120	23
120	79
120	113
120	37
120	29
120	91
120	125
120	33
120	64
120	88
120	17
120	127
120	15
120	2
120	5
120	51
120	27
120	128
120	10
120	110
120	67
120	1
120	48
120	14
120	52
120	89
120	119
120	165
120	62
120	138
120	73
120	118
120	30
120	153
120	109
120	55
120	96
121	140
121	62
121	39
121	45
121	148
121	34
121	22
121	63
121	107
121	50
121	2
121	144
121	96
121	136
121	108
121	69
121	33
121	77
121	28
121	130
121	72
121	131
121	76
121	51
121	111
121	7
121	79
121	138
121	26
121	90
121	8
121	112
121	104
121	54
121	44
121	141
121	78
121	151
121	98
121	68
121	102
121	97
121	94
121	171
121	80
121	19
121	99
121	160
121	150
121	9
121	114
121	132
121	65
121	164
121	66
121	125
121	81
121	37
121	88
121	133
121	103
121	110
121	149
121	147
121	16
121	165
121	55
121	47
121	157
121	4
121	73
121	128
121	159
121	123
121	162
121	57
121	17
121	166
121	101
121	119
121	100
121	158
121	93
121	135
121	1
121	75
121	143
121	120
121	18
121	84
122	22
122	51
122	23
122	62
122	140
122	92
122	2
122	143
122	169
122	88
122	15
122	111
122	7
122	141
122	50
122	28
122	42
122	26
122	90
122	32
122	18
122	43
122	34
122	54
122	56
122	94
122	31
122	151
122	144
122	17
122	55
122	148
122	147
122	39
122	79
122	130
122	114
122	159
122	104
122	116
122	14
122	57
122	69
122	37
122	103
122	96
122	131
122	63
122	150
122	100
122	165
122	45
122	81
122	137
122	118
122	160
122	68
122	133
122	124
122	82
122	149
122	106
122	9
122	60
122	138
123	28
123	169
123	140
123	90
123	164
123	117
123	7
123	130
123	142
123	86
123	99
123	15
123	144
123	139
123	109
123	62
123	50
123	138
123	22
123	94
123	61
123	6
123	34
123	56
123	111
123	39
123	69
123	132
123	33
123	163
123	2
123	16
123	115
123	58
123	54
123	141
123	129
123	18
123	126
123	93
123	157
123	148
123	153
123	160
124	79
124	34
124	94
124	95
124	71
124	101
124	47
124	45
124	62
124	103
124	38
124	13
124	148
124	7
124	151
124	56
124	21
124	18
124	111
124	54
124	140
124	150
124	6
124	23
124	72
124	78
124	160
124	25
124	22
124	57
124	159
124	28
124	163
124	110
124	143
124	93
124	92
124	123
124	165
124	69
124	75
124	68
124	102
125	62
125	153
125	124
125	154
125	141
125	94
125	140
125	139
125	49
125	117
125	5
125	79
125	95
125	156
125	61
125	112
125	3
125	158
125	84
125	51
125	47
125	20
125	75
125	113
125	163
125	81
125	53
125	50
125	126
125	12
125	30
125	22
126	111
126	56
126	147
126	141
126	106
126	154
126	163
126	161
126	39
126	85
126	125
126	104
126	103
126	145
126	8
126	42
126	51
126	86
126	151
126	137
126	153
126	110
126	12
126	4
126	37
126	144
126	94
126	115
126	90
126	18
126	92
126	65
126	76
126	132
126	133
126	160
126	79
126	122
126	63
127	26
127	7
127	25
127	54
127	73
127	56
127	94
127	50
127	45
127	28
127	92
127	110
127	34
127	138
127	2
127	79
127	32
127	72
127	148
127	140
127	22
127	130
127	17
127	147
127	39
127	69
127	132
127	102
127	43
127	70
127	78
127	139
127	58
127	37
127	111
127	96
127	57
127	67
127	90
127	80
127	144
127	113
127	47
127	104
127	171
127	86
127	91
127	168
127	108
127	162
127	137
127	62
127	3
128	7
128	144
128	121
128	136
128	44
128	119
128	77
128	111
128	62
128	148
128	82
128	21
128	47
128	6
128	160
128	13
128	46
128	17
128	28
128	114
128	54
128	104
128	50
128	143
128	58
128	56
128	53
128	72
128	12
128	22
128	45
128	57
128	19
128	40
128	172
128	151
128	129
128	165
128	24
128	162
128	140
128	93
128	161
128	66
128	27
128	69
128	150
128	18
128	131
128	26
128	109
128	153
128	139
128	171
128	79
128	95
128	16
128	31
128	126
128	83
128	133
128	94
128	15
128	68
128	103
129	94
129	111
129	63
129	66
129	108
129	79
129	99
129	34
129	150
129	20
129	148
129	171
129	28
129	123
129	65
129	45
129	50
129	22
129	3
129	7
129	167
129	73
129	16
129	2
129	140
129	81
129	47
129	54
129	95
129	15
129	4
129	26
129	17
129	91
129	97
129	130
129	56
129	52
129	141
130	120
130	140
130	56
130	131
130	164
130	139
130	65
130	13
130	136
130	29
130	77
130	98
130	62
130	119
130	79
130	20
130	64
130	160
130	28
130	70
130	35
130	111
130	169
130	114
130	124
130	49
130	72
130	97
130	163
130	39
130	156
130	61
130	99
130	113
130	22
130	94
130	45
130	51
130	145
130	162
130	7
130	50
130	159
130	25
130	93
130	90
130	75
130	89
130	165
130	95
130	40
130	158
130	30
130	38
130	143
131	62
131	92
131	140
131	72
131	56
131	54
131	104
131	39
131	32
131	22
131	18
131	139
131	26
131	63
131	153
131	77
131	44
131	141
131	59
131	13
131	94
131	45
131	11
131	145
131	111
131	21
131	8
131	147
131	106
131	91
131	29
131	20
131	57
131	120
131	110
131	125
131	86
131	160
131	169
131	9
131	168
131	150
131	97
131	98
131	119
131	37
131	46
131	158
131	121
131	122
132	94
132	108
132	164
132	5
132	79
132	98
132	151
132	20
132	97
132	122
132	75
132	145
132	160
132	99
132	7
132	116
132	4
132	11
132	22
132	163
132	59
132	51
132	154
132	95
132	31
132	140
132	137
132	106
132	142
132	54
132	153
132	125
132	72
133	130
133	168
133	142
133	94
133	111
133	160
133	79
133	45
133	19
133	132
133	54
133	164
133	5
133	118
133	15
133	121
133	22
133	70
133	144
133	7
133	56
133	140
133	108
133	66
133	25
133	102
133	90
133	138
133	21
133	167
133	52
133	141
133	41
133	32
134	56
134	45
134	29
134	155
134	147
134	11
134	158
134	111
134	130
134	90
134	31
134	79
134	104
134	145
134	43
134	52
134	80
134	44
134	94
134	167
134	74
134	98
134	152
134	106
134	149
134	139
134	144
134	6
134	103
134	18
134	92
134	68
134	161
134	9
134	46
134	160
134	140
134	51
134	49
134	89
134	95
134	150
134	70
134	64
134	97
134	114
134	151
134	54
134	50
134	126
134	110
134	28
134	141
134	132
134	162
134	5
134	53
134	20
134	41
134	119
134	125
134	62
134	47
134	138
134	22
134	143
134	21
134	40
134	69
134	121
134	100
135	59
135	97
135	111
135	21
135	45
135	80
135	32
135	142
135	22
135	42
135	138
135	8
135	158
135	90
135	92
135	152
135	146
135	130
135	9
135	131
135	88
135	144
135	140
135	65
135	134
135	169
135	159
135	2
135	39
135	161
135	44
135	94
135	7
135	165
136	148
136	144
136	95
136	111
136	102
136	45
136	90
136	15
136	50
136	37
136	121
136	21
136	119
136	16
136	9
136	52
136	57
136	22
136	94
136	140
136	7
136	32
136	26
136	157
136	17
136	88
136	47
136	132
136	159
136	79
136	123
136	38
136	161
136	2
136	5
136	42
136	118
136	150
136	25
136	103
136	104
136	56
136	153
136	28
136	78
136	163
136	18
136	34
136	130
137	103
137	26
137	9
137	94
137	7
137	140
137	132
137	138
137	50
137	87
137	90
137	22
137	32
137	42
137	148
137	34
137	45
137	146
137	95
137	40
137	142
137	70
137	93
137	58
137	122
137	164
137	150
137	147
137	68
137	92
137	141
137	10
137	62
137	153
137	160
137	115
137	63
137	39
137	57
137	111
137	161
137	134
137	125
137	31
137	4
137	24
137	47
137	129
137	151
137	118
137	159
137	79
137	21
137	152
137	97
137	52
137	76
137	88
137	2
137	143
137	53
137	162
137	28
137	67
137	43
137	91
137	105
137	64
137	66
137	130
137	104
137	72
137	30
137	23
137	127
138	22
138	112
138	94
138	162
138	45
138	50
138	111
138	142
138	95
138	140
138	90
138	52
138	102
138	54
138	62
138	7
138	160
138	14
138	12
138	39
138	132
138	151
138	47
138	127
138	119
138	104
138	164
138	68
138	24
138	107
138	153
138	63
138	125
138	161
138	150
138	31
138	120
138	43
138	37
138	91
138	79
138	100
138	158
139	34
139	75
139	109
139	45
139	127
139	138
139	22
139	111
139	87
139	21
139	140
139	7
139	8
139	56
139	94
139	112
139	143
139	160
139	14
139	86
139	141
139	130
139	43
139	95
139	76
139	144
139	38
139	15
139	4
139	98
139	44
139	2
139	65
139	57
139	105
139	25
139	157
139	97
139	171
139	123
139	167
139	70
139	104
139	91
139	16
139	66
139	90
139	50
139	161
139	63
139	150
139	88
139	28
139	37
139	32
139	134
139	163
140	112
140	122
140	7
140	26
140	159
140	32
140	160
140	4
140	62
140	169
140	63
140	142
140	67
140	133
140	111
140	92
140	104
140	10
140	22
140	82
140	149
140	45
140	168
140	5
140	56
140	118
140	38
140	90
140	12
140	155
140	52
140	43
140	54
140	9
140	107
140	135
140	164
140	150
140	95
140	121
140	19
140	93
140	39
140	126
140	13
140	152
140	97
140	119
140	120
140	103
140	69
140	64
140	151
140	44
140	57
140	8
140	161
140	94
140	113
140	127
140	96
140	147
140	138
140	145
140	139
140	105
140	37
140	125
140	70
140	132
140	42
140	130
140	162
140	58
140	85
140	21
140	18
140	72
140	59
140	34
140	75
140	77
140	55
140	143
140	129
140	110
140	28
140	91
140	79
140	24
140	141
140	146
140	65
140	98
140	60
140	47
140	73
140	1
140	81
140	61
140	106
140	68
140	41
140	99
140	50
140	156
140	66
140	3
140	40
140	124
140	137
140	51
140	53
140	166
140	114
140	89
140	100
140	102
140	158
140	36
140	170
140	29
140	80
140	23
140	153
140	31
140	116
140	20
140	84
140	165
140	123
140	30
140	16
140	101
140	154
140	144
140	27
140	167
140	49
140	11
140	25
141	2
141	75
141	56
141	124
141	111
141	47
141	94
141	120
141	22
141	63
141	7
141	17
141	36
141	140
141	97
141	45
141	39
141	78
141	92
141	96
141	64
141	55
141	25
141	44
141	172
141	136
141	106
141	148
141	157
141	104
141	69
141	103
141	62
141	77
141	142
141	34
141	105
141	122
141	138
141	132
141	131
141	153
141	28
141	40
141	72
141	88
141	126
141	95
141	158
141	50
141	123
141	145
141	73
141	53
141	43
141	26
141	46
141	150
141	20
141	168
141	159
141	162
141	171
141	161
141	35
141	160
141	151
141	98
141	68
141	4
141	144
141	49
141	114
141	10
141	93
141	135
141	29
141	61
141	102
141	15
141	143
141	65
141	57
141	101
141	167
141	156
141	164
141	99
141	5
141	9
141	79
141	59
141	121
141	38
141	116
141	86
141	119
141	66
141	27
141	137
141	58
141	115
141	85
141	80
141	32
141	3
141	129
141	165
141	81
141	33
141	84
141	14
141	90
141	67
141	54
141	37
141	60
142	140
142	111
142	121
142	90
142	32
142	141
142	45
142	8
142	7
142	34
142	88
142	125
142	135
142	94
142	50
142	131
142	138
142	117
142	97
142	106
142	42
142	147
142	2
142	23
142	160
142	127
142	51
142	68
142	161
142	86
143	94
143	4
143	105
143	140
143	111
143	54
143	72
143	62
143	49
143	53
143	44
143	130
143	56
143	7
143	155
143	97
143	28
143	41
143	18
143	123
143	102
143	67
143	161
143	29
143	22
143	150
143	16
143	125
143	164
143	45
143	151
143	121
143	122
143	160
143	85
143	96
143	64
143	124
143	30
143	46
143	165
143	70
143	163
143	104
143	15
143	63
143	106
143	60
144	39
144	110
144	56
144	75
144	45
144	141
144	111
144	162
144	7
144	47
144	65
144	100
144	29
144	74
144	161
144	140
144	89
144	85
144	134
144	151
144	80
144	107
144	36
144	68
144	64
144	43
144	57
144	147
144	52
144	38
144	24
144	27
144	104
144	128
144	20
144	13
144	99
144	119
144	136
144	109
144	150
144	120
144	77
144	103
144	21
144	108
144	93
144	135
144	90
144	79
144	10
144	98
144	92
144	155
144	50
144	142
144	94
144	70
144	28
144	35
144	49
144	160
144	114
144	130
144	95
144	112
144	55
144	167
144	139
144	53
144	84
144	61
144	58
144	19
144	163
144	153
144	172
144	159
144	166
144	156
144	149
144	78
144	137
144	44
144	69
144	31
144	148
144	165
144	62
144	32
144	18
144	42
144	22
144	133
144	51
144	9
144	113
144	143
144	67
145	54
145	140
145	7
145	90
145	56
145	67
145	163
145	94
145	122
145	28
145	138
145	63
145	20
145	111
145	139
145	72
145	32
145	116
145	33
145	44
145	166
145	48
145	141
145	50
145	92
145	109
145	76
145	162
145	79
145	62
145	26
145	143
145	97
145	23
145	57
145	14
145	148
145	6
145	22
145	103
145	64
145	133
146	125
146	7
146	130
146	162
146	59
146	140
146	50
146	22
146	2
146	65
146	111
146	153
146	28
146	90
146	71
146	148
146	44
146	95
146	23
146	37
146	12
146	69
146	46
146	34
146	94
146	32
146	81
146	3
146	139
146	62
146	103
146	96
146	105
146	72
146	73
146	172
146	151
146	120
146	68
146	17
146	51
146	150
146	157
146	21
146	67
146	55
147	90
147	39
147	140
147	7
147	22
147	155
147	94
147	163
147	95
147	111
147	148
147	33
147	79
147	123
147	47
147	24
147	150
147	63
147	50
147	32
147	58
147	62
147	78
147	42
147	4
147	2
147	25
147	57
147	59
147	41
147	134
147	121
147	36
147	56
147	166
147	160
147	142
147	72
147	69
147	103
147	164
147	73
147	28
147	144
147	8
147	65
147	138
147	45
147	12
147	112
147	162
147	97
147	29
147	139
147	104
147	151
147	54
147	131
147	153
147	21
147	26
147	61
147	130
147	114
147	17
147	113
147	10
147	27
147	16
147	43
147	40
147	20
147	137
147	167
147	6
147	102
147	76
147	88
147	159
147	89
147	149
147	11
147	110
147	161
147	99
147	93
147	53
147	92
147	14
147	67
147	127
147	145
147	143
147	84
147	109
147	75
147	154
147	146
147	126
147	117
148	102
148	7
148	119
148	45
148	9
148	39
148	161
148	141
148	104
148	68
148	106
148	140
148	47
148	38
148	111
148	19
148	103
148	62
148	27
148	57
148	1
148	76
148	160
148	53
148	142
148	162
148	59
148	21
148	151
148	69
148	58
148	10
148	164
148	150
148	56
148	28
148	94
148	81
148	24
148	80
148	98
148	29
148	49
148	92
148	64
148	44
148	97
148	67
148	114
148	26
148	89
148	147
148	20
148	133
148	135
148	65
148	48
148	134
148	79
148	22
148	158
148	107
148	72
148	130
148	60
148	4
148	11
148	153
148	75
148	31
148	52
148	32
148	3
148	13
148	55
148	43
148	51
148	128
148	66
148	152
148	165
148	109
148	82
148	126
148	35
148	139
149	92
149	56
149	107
149	119
149	69
149	150
149	164
149	10
149	50
149	45
149	140
149	122
149	72
149	166
149	7
149	134
149	95
149	32
149	52
149	22
149	161
149	79
149	113
149	62
149	111
149	118
149	105
149	90
149	104
149	109
149	121
149	94
149	61
149	163
149	138
149	9
149	128
149	82
149	37
149	57
149	103
149	30
149	155
149	47
149	2
149	43
150	32
150	3
150	64
150	28
150	43
150	57
150	37
150	111
150	45
150	161
150	119
150	121
150	82
150	149
150	94
150	135
150	79
150	139
150	13
150	21
150	152
150	98
150	53
150	124
150	7
150	85
150	62
150	40
150	95
150	91
150	76
150	140
150	164
150	92
150	52
150	49
150	141
150	4
150	44
150	56
150	153
150	147
150	99
150	102
150	60
150	22
150	118
150	26
150	160
150	63
150	31
150	104
150	132
150	65
150	110
150	107
150	162
150	93
150	18
150	61
150	127
150	89
150	100
150	38
150	96
150	136
150	67
150	109
150	90
150	163
150	120
150	41
150	171
150	158
150	70
150	113
150	68
150	20
150	33
150	30
150	86
150	106
150	115
150	80
150	130
150	77
150	9
150	165
150	122
150	78
151	100
151	56
151	121
151	42
151	140
151	28
151	147
151	80
151	166
151	13
151	110
151	37
151	45
151	134
151	38
151	43
151	14
151	77
151	112
151	34
151	72
151	116
151	94
151	18
151	111
151	17
151	92
151	62
151	164
151	141
151	93
151	128
151	102
151	90
151	153
151	119
151	39
151	78
151	144
151	35
151	32
151	49
151	127
151	114
151	54
151	55
151	148
151	29
151	7
151	160
151	85
151	70
151	22
151	125
151	44
151	120
151	60
151	159
151	8
151	52
151	130
151	65
151	50
151	1
151	146
151	57
151	109
151	83
151	162
151	46
151	21
151	165
151	47
151	74
151	48
151	53
151	25
151	71
151	103
151	122
151	6
151	88
151	51
151	124
151	40
151	155
151	132
151	143
151	104
151	67
151	30
151	172
151	118
151	91
151	150
152	139
152	39
152	50
152	144
152	59
152	26
152	47
152	34
152	136
152	161
152	28
152	102
152	45
152	113
152	22
152	119
152	62
152	12
152	57
152	1
152	172
152	111
152	92
152	70
152	148
152	140
152	95
152	162
152	90
152	143
152	100
152	51
152	21
152	158
152	159
152	32
152	24
152	94
152	150
152	16
152	89
152	52
152	7
152	166
152	44
152	33
152	138
152	54
152	133
152	125
152	72
152	160
153	117
153	98
153	106
153	160
153	57
153	32
153	78
153	22
153	54
153	15
153	17
153	95
153	102
153	8
153	96
153	50
153	90
153	7
153	65
153	62
153	79
153	140
153	38
153	76
153	138
153	148
153	20
153	130
153	72
153	44
153	64
153	94
153	143
153	172
153	144
153	112
153	45
153	71
153	34
153	14
153	110
153	132
153	86
153	26
153	66
153	104
153	111
153	127
153	67
153	42
153	92
153	25
153	116
153	161
153	4
153	154
153	120
153	33
153	60
153	118
153	82
153	163
153	168
153	165
153	69
153	126
153	121
153	150
153	24
153	47
153	40
153	28
154	67
154	94
154	148
154	4
154	144
154	50
154	130
154	140
154	45
154	6
154	111
154	71
154	145
154	69
154	151
154	56
154	161
154	34
154	28
154	83
154	22
154	18
154	90
154	171
154	41
154	54
154	55
154	31
154	92
154	26
154	157
154	85
154	79
154	7
154	24
154	38
154	48
154	72
154	25
154	44
154	62
154	104
154	76
154	1
154	147
154	150
154	118
154	88
154	60
154	165
154	110
154	15
154	11
154	40
155	64
155	32
155	29
155	160
155	43
155	148
155	136
155	94
155	34
155	79
155	45
155	144
155	104
155	95
155	48
155	22
155	111
155	49
155	57
155	21
155	55
155	35
155	156
155	141
155	36
155	128
155	18
155	7
155	140
155	150
155	39
155	6
155	24
155	118
155	62
155	9
155	54
155	41
155	134
155	72
155	47
156	94
156	22
156	2
156	111
156	62
156	45
156	144
156	50
156	21
156	103
156	28
156	164
156	132
156	140
156	72
156	54
156	7
156	141
156	71
156	166
156	168
156	8
156	15
156	148
156	119
156	61
156	40
156	114
156	89
156	91
156	65
156	160
156	101
156	143
156	6
156	32
156	23
156	170
157	45
157	43
157	71
157	39
157	13
157	107
157	141
157	147
157	150
157	21
157	36
157	136
157	128
157	99
157	77
157	76
157	111
157	28
157	98
157	100
157	42
157	97
157	11
157	160
157	56
157	35
157	49
157	130
157	144
157	62
157	114
157	170
157	60
157	61
157	63
157	80
157	158
157	172
157	101
157	65
157	153
157	108
157	156
157	20
157	152
157	46
157	121
157	165
157	95
157	139
157	164
157	37
157	103
157	122
157	146
158	24
158	140
158	22
158	62
158	106
158	48
158	84
158	169
158	7
158	71
158	121
158	34
158	45
158	111
158	32
158	28
158	160
158	171
158	144
158	95
158	88
158	65
158	153
158	56
158	68
158	172
158	92
158	21
158	81
158	69
158	165
158	50
158	150
158	94
158	164
158	52
158	152
158	39
158	138
159	39
159	140
159	45
159	147
159	161
159	166
159	141
159	80
159	56
159	136
159	72
159	135
159	50
159	110
159	18
159	9
159	134
159	13
159	68
159	70
159	139
159	93
159	113
159	114
159	61
159	92
159	95
159	7
159	65
159	156
159	29
159	120
159	43
159	164
159	160
159	86
159	15
159	57
159	8
159	157
159	111
159	128
159	112
159	74
159	62
159	90
159	154
159	100
159	150
159	119
159	165
159	126
159	87
159	69
159	142
159	88
159	106
159	22
159	34
159	149
159	104
159	42
159	51
159	143
159	131
159	53
159	64
159	155
159	21
159	153
159	4
159	103
159	94
160	111
160	45
160	134
160	168
160	5
160	172
160	94
160	153
160	22
160	121
160	7
160	138
160	32
160	140
160	43
160	8
160	20
160	77
160	141
160	154
160	28
160	62
160	142
160	120
160	130
160	102
160	73
160	2
160	99
160	50
160	162
160	39
160	98
160	144
160	26
160	17
160	80
160	109
160	157
160	66
160	38
160	9
160	112
160	127
160	125
160	135
160	117
160	97
160	42
160	34
160	67
160	6
160	68
160	150
160	58
160	16
160	51
160	137
160	63
160	152
160	104
160	164
160	69
160	118
160	95
160	41
160	60
160	44
160	103
160	10
160	4
160	143
160	15
160	55
160	90
160	29
160	148
160	14
160	47
160	151
160	88
160	129
160	161
160	30
160	72
160	33
160	147
160	54
160	131
160	126
160	146
161	134
161	140
161	76
161	32
161	104
161	64
161	59
161	107
161	135
161	164
161	98
161	118
161	133
161	82
161	172
161	18
161	124
161	85
161	9
161	139
161	28
161	43
161	13
161	114
161	10
161	49
161	141
161	56
161	91
161	1
161	38
161	79
161	63
161	92
161	149
161	160
161	55
161	3
161	95
161	53
161	57
161	167
161	97
161	62
161	81
161	33
161	39
161	31
161	7
161	47
161	130
161	94
161	119
161	29
161	45
161	37
161	22
161	19
161	50
161	151
161	21
161	40
161	12
161	169
161	86
161	103
161	145
161	144
161	111
161	60
161	58
161	41
161	75
161	106
161	126
161	153
161	143
161	109
161	112
161	84
161	122
161	30
162	92
162	4
162	111
162	13
162	43
162	31
162	63
162	64
162	56
162	8
162	94
162	45
162	62
162	21
162	153
162	60
162	119
162	49
162	1
162	169
162	144
162	152
162	100
162	54
162	57
162	32
162	93
162	7
162	55
162	125
162	112
162	10
162	147
162	135
162	53
162	11
162	140
162	22
162	52
162	167
162	129
162	74
162	150
162	41
162	91
162	83
162	151
162	141
162	12
162	90
162	42
162	40
163	9
163	111
163	43
163	64
163	32
163	10
163	60
163	172
163	161
163	82
163	106
163	57
163	62
163	160
163	79
163	169
163	140
163	45
163	123
163	7
163	126
163	164
163	35
163	114
163	20
163	40
163	152
163	19
163	94
163	22
163	44
163	151
163	38
163	128
163	156
163	4
163	135
163	148
163	21
163	28
163	16
163	119
163	104
163	31
163	54
163	63
163	149
163	47
163	99
163	52
163	121
163	90
163	107
163	110
163	165
163	55
163	93
163	77
163	53
163	132
163	51
163	81
163	147
163	39
163	105
163	141
163	84
164	153
164	79
164	59
164	29
164	13
164	36
164	94
164	39
164	58
164	77
164	20
164	56
164	141
164	55
164	127
164	142
164	62
164	160
164	97
164	137
164	120
164	50
164	133
164	35
164	49
164	114
164	89
164	95
164	99
164	7
164	45
164	61
164	57
164	65
164	140
164	31
164	156
164	170
164	34
164	113
164	5
164	168
164	16
164	32
164	38
164	43
164	165
164	148
164	28
164	122
164	72
164	100
164	30
164	119
164	150
164	138
164	51
164	169
164	121
165	95
165	79
165	30
165	140
165	25
165	90
165	144
165	54
165	111
165	52
165	100
165	45
165	126
165	92
165	121
165	101
165	76
165	128
165	29
165	21
165	88
165	104
165	17
165	7
165	159
165	31
165	94
165	148
165	97
165	1
165	43
165	65
165	93
165	123
165	57
165	14
165	67
165	27
165	15
165	162
165	62
165	139
165	141
165	122
165	89
165	134
165	16
165	38
165	47
165	32
165	69
165	142
165	103
165	22
165	64
165	24
165	78
165	68
165	150
165	4
165	161
165	119
165	149
165	164
165	87
165	151
165	157
165	153
165	19
165	12
165	33
165	163
165	46
165	34
165	50
165	77
165	152
165	143
165	130
165	40
165	9
165	91
165	23
166	131
166	4
166	64
166	111
166	66
166	140
166	56
166	1
166	148
166	2
166	63
166	62
166	121
166	149
166	138
166	7
166	50
166	94
166	114
166	45
166	119
166	160
166	92
166	161
166	141
166	80
166	25
166	78
166	54
166	12
166	33
166	144
166	104
166	39
166	29
166	150
166	109
166	68
166	143
166	79
166	22
166	69
166	97
166	6
166	164
166	103
166	48
166	89
166	127
166	151
167	144
167	107
167	79
167	29
167	136
167	56
167	98
167	104
167	94
167	31
167	154
167	7
167	137
167	160
167	49
167	61
167	2
167	58
167	55
167	114
167	5
167	70
167	41
167	95
167	65
167	111
167	121
167	39
167	122
167	45
167	128
167	28
167	164
167	59
167	3
167	126
167	120
167	50
167	150
167	22
167	51
167	140
168	140
168	50
168	111
168	73
168	134
168	28
168	160
168	169
168	58
168	96
168	22
168	118
168	32
168	77
168	142
168	88
168	153
168	8
168	34
168	7
168	151
168	95
168	144
168	45
168	72
168	104
168	14
168	16
168	62
168	100
168	44
168	63
168	124
168	141
168	148
168	2
168	40
168	6
168	150
168	13
168	121
168	82
168	55
168	122
168	38
169	22
169	90
169	140
169	50
169	96
169	81
169	132
169	62
169	17
169	146
169	7
169	144
169	2
169	34
169	28
169	94
169	69
169	6
169	39
169	167
169	162
169	93
169	26
169	86
169	111
169	23
169	161
169	122
169	47
169	40
169	66
170	140
170	45
170	65
170	111
170	153
170	7
170	34
170	121
170	94
170	11
170	161
170	44
170	72
170	91
170	8
170	66
170	97
170	164
170	50
170	14
170	39
170	2
170	54
170	28
170	32
170	160
170	26
170	130
170	92
170	86
170	74
170	62
170	22
170	56
170	138
170	104
170	47
170	159
170	23
170	148
170	143
170	6
170	131
170	69
170	123
170	21
170	83
170	132
170	103
170	51
171	45
171	28
171	22
171	79
171	155
171	129
171	62
171	100
171	50
171	121
171	97
171	11
171	80
171	78
171	63
171	111
171	16
171	6
171	43
171	130
171	102
171	108
171	154
171	14
171	170
171	31
171	90
171	164
171	160
171	133
171	117
171	17
171	150
171	42
171	7
171	158
172	112
172	140
172	135
172	95
172	151
172	149
172	56
172	64
172	63
172	32
172	150
172	107
172	82
172	93
172	90
172	160
172	7
172	108
172	22
172	164
172	125
172	28
172	123
172	98
172	104
172	142
172	70
172	35
172	55
172	60
172	141
172	12
172	49
172	72
172	19
172	79
172	62
172	145
172	133
172	119
172	100
172	88
172	169
172	114
172	110
172	167
172	51
172	86
172	31
172	2
172	122
172	153
172	13
172	45
172	115
172	73
172	146
172	29
172	94
172	127
172	38
172	165
172	50
172	126
172	118
172	57
172	42
172	111
172	155
172	41
172	53
172	76
