1	83
1	23
1	15
1	98
1	74
1	115
1	46
1	38
1	68
1	30
1	94
1	53
1	87
1	18
1	95
1	12
1	44
1	63
1	69
1	73
1	66
1	27
1	39
1	92
1	31
1	32
1	125
1	72
1	107
1	112
1	130
1	70
1	56
1	96
1	24
1	40
1	19
1	113
1	59
1	57
1	124
1	65
1	2
1	127
1	62
1	78
2	77
2	12
2	36
2	98
2	82
2	78
2	90
2	5
2	53
2	27
2	97
2	1
2	70
2	4
2	99
2	22
2	59
2	17
2	54
2	69
2	102
2	68
2	21
2	127
2	46
2	71
2	107
2	83
2	67
2	130
2	106
2	23
2	31
2	14
2	37
2	123
2	108
2	81
2	11
2	60
2	111
2	80
2	116
2	39
2	85
2	75
2	76
2	28
2	113
2	38
2	66
2	112
2	63
2	15
2	20
2	128
2	79
2	92
2	87
2	32
2	124
2	8
2	42
2	117
2	96
2	16
3	58
3	69
3	105
3	112
3	95
3	53
3	110
3	71
3	17
3	70
3	11
3	116
3	119
3	106
3	23
3	27
3	117
3	77
3	8
3	128
3	36
3	113
3	66
3	65
3	12
3	73
3	120
3	68
3	90
3	83
3	104
3	102
3	49
3	46
3	31
3	84
3	100
3	59
3	80
3	107
3	67
3	118
3	41
3	38
3	7
3	97
3	98
3	32
3	72
3	37
3	122
3	33
3	13
3	124
3	1
3	55
3	20
3	4
3	82
3	89
3	63
3	9
3	25
3	15
3	111
3	114
3	92
3	125
3	127
3	74
3	79
3	78
3	101
3	99
4	29
4	10
4	112
4	54
4	117
4	89
4	102
4	43
4	94
4	62
4	59
4	127
4	70
4	98
4	69
4	11
4	6
4	83
4	77
4	96
4	56
4	106
4	26
4	72
4	107
4	27
4	97
4	53
4	100
4	50
4	39
4	51
4	22
4	113
4	30
4	119
4	58
4	63
4	95
4	31
4	60
4	123
4	65
4	57
4	86
4	2
4	64
4	13
4	12
4	34
4	24
4	15
4	19
4	101
4	105
4	25
4	61
5	69
5	46
5	112
5	128
5	74
5	121
5	83
5	39
5	70
5	107
5	36
5	98
5	23
5	66
5	22
5	59
5	84
5	12
5	115
5	11
5	89
5	76
5	27
5	85
5	113
5	26
5	9
5	127
5	97
5	45
5	92
5	15
5	51
5	90
5	87
5	35
5	104
5	32
5	54
5	124
5	61
5	44
5	30
5	68
5	71
5	103
5	16
5	19
5	14
5	13
5	53
5	109
5	63
5	125
5	28
5	78
5	60
5	105
5	101
5	64
5	8
5	110
5	10
5	1
5	34
6	82
6	64
6	45
6	100
6	65
6	85
6	129
6	125
6	107
6	43
6	90
6	122
6	98
6	40
6	35
6	17
6	63
6	36
6	70
6	83
6	95
6	109
6	93
6	59
6	79
6	74
6	69
6	115
6	41
6	52
6	46
6	21
6	19
6	16
6	118
6	127
6	27
6	23
6	11
6	130
6	4
6	108
6	47
6	22
7	76
7	114
7	54
7	39
7	66
7	31
7	61
7	42
7	115
7	94
7	113
7	11
7	91
7	60
7	52
7	101
7	100
7	119
7	89
7	37
7	51
7	25
7	107
7	2
7	3
7	10
7	117
7	23
7	127
7	26
7	22
7	130
7	9
7	68
7	108
7	69
7	53
7	79
7	118
7	129
7	78
7	28
7	64
7	33
7	75
7	70
7	59
7	110
7	126
7	27
7	38
7	116
7	30
7	34
7	98
7	13
7	120
7	12
7	46
7	121
7	81
7	15
7	58
7	124
8	60
8	79
8	39
8	82
8	113
8	49
8	40
8	89
8	98
8	90
8	97
8	1
8	101
8	127
8	59
8	12
8	100
8	116
8	69
8	95
8	27
8	6
8	112
8	22
8	94
8	110
8	11
8	125
8	78
8	35
8	13
8	2
8	81
8	86
8	20
8	19
8	80
8	104
8	108
8	111
8	50
8	117
8	118
8	102
8	17
8	46
8	121
8	119
8	16
8	54
8	51
8	62
8	5
8	70
8	122
8	66
8	123
8	57
8	120
8	28
8	55
8	72
8	26
8	71
8	77
8	83
8	44
8	43
8	29
8	107
8	37
8	115
8	31
8	52
8	128
8	42
8	33
8	99
8	58
8	45
8	3
8	25
8	10
8	63
8	65
8	48
8	41
8	18
8	34
8	103
8	30
8	124
8	15
8	36
9	98
9	69
9	107
9	57
9	123
9	8
9	45
9	56
9	20
9	36
9	97
9	95
9	71
9	59
9	67
9	90
9	63
9	40
9	27
9	79
9	66
9	127
9	11
9	70
9	112
9	60
9	89
9	12
9	118
9	108
9	94
9	128
9	39
9	111
9	30
9	43
9	110
9	5
9	81
9	50
9	124
9	113
9	96
9	17
9	52
9	77
9	31
9	26
9	75
9	116
9	16
9	21
9	1
9	14
9	117
9	33
9	121
9	53
9	106
9	78
9	28
9	55
9	105
9	49
9	93
9	76
9	6
9	64
9	19
9	120
9	54
9	2
9	65
9	122
9	104
9	80
9	68
9	35
9	37
9	100
9	22
9	102
9	62
9	13
9	46
9	73
9	99
9	15
9	48
10	66
10	27
10	98
10	99
10	106
10	67
10	69
10	55
10	114
10	53
10	30
10	31
10	17
10	22
10	107
10	84
10	11
10	80
10	36
10	127
10	68
10	16
10	37
10	7
10	14
10	128
10	104
10	32
10	72
10	39
10	113
10	23
10	90
10	130
10	71
10	26
10	110
10	79
10	48
10	21
10	73
10	46
10	33
10	87
10	124
10	116
10	118
10	12
10	59
10	112
10	88
10	45
10	70
10	63
10	123
10	97
11	115
11	22
11	98
11	83
11	38
11	69
11	23
11	63
11	87
11	130
11	113
11	46
11	30
11	44
11	74
11	70
11	68
11	39
11	24
11	15
11	91
11	10
11	112
11	94
11	123
11	107
11	127
11	59
11	73
11	84
11	65
11	81
11	49
11	75
11	110
11	60
11	56
11	31
11	66
11	12
11	104
11	45
11	54
11	106
11	17
11	29
11	27
11	102
11	16
11	47
11	20
11	32
11	124
11	96
11	3
11	42
11	103
11	53
11	62
11	18
11	97
11	77
11	125
11	26
11	6
11	116
11	25
11	99
11	1
11	117
11	108
11	57
11	120
11	58
11	2
11	72
11	36
11	88
12	85
12	23
12	115
12	46
12	38
12	68
12	63
12	83
12	36
12	69
12	97
12	39
12	11
12	128
12	74
12	53
12	15
12	107
12	70
12	24
12	109
12	117
12	94
12	66
12	106
12	77
12	127
12	87
12	108
12	27
12	130
12	124
12	113
12	96
12	35
12	59
12	116
12	40
12	81
12	98
12	121
12	104
12	9
12	79
12	30
12	129
12	84
12	47
12	1
12	73
12	14
12	32
12	18
12	72
12	20
12	41
12	91
12	60
12	3
12	99
12	16
12	42
12	114
12	112
12	110
12	89
12	119
12	13
12	86
12	102
12	75
12	6
12	71
12	65
12	105
12	76
12	122
12	57
12	120
12	56
12	78
12	54
12	123
12	111
12	10
12	44
13	77
13	59
13	98
13	63
13	128
13	90
13	127
13	113
13	27
13	8
13	94
13	118
13	69
13	100
13	11
13	79
13	107
13	66
13	108
13	111
13	35
13	106
13	16
13	20
13	71
13	12
13	17
13	33
13	81
13	96
13	83
13	70
13	45
13	46
13	97
13	53
13	78
13	130
13	30
13	22
13	23
13	39
13	36
13	56
13	95
13	60
13	21
13	104
13	112
13	67
13	28
13	14
13	102
13	114
13	110
13	75
13	122
14	69
14	54
14	59
14	103
14	89
14	119
14	8
14	127
14	128
14	3
14	98
14	96
14	116
14	107
14	91
14	113
14	106
14	12
14	27
14	20
14	22
14	63
14	115
14	11
14	60
14	17
14	71
14	94
14	39
14	117
14	76
14	90
14	28
14	37
14	81
14	83
14	53
14	4
14	112
14	111
14	114
15	94
15	56
15	98
15	127
15	66
15	69
15	83
15	90
15	63
15	39
15	8
15	14
15	107
15	118
15	36
15	96
15	86
15	50
15	53
15	52
15	124
15	79
15	45
15	30
15	59
15	70
15	12
15	80
15	20
15	89
15	40
15	100
15	111
15	112
15	11
15	62
15	54
15	17
15	110
15	27
15	113
15	75
15	6
15	128
15	57
15	43
15	78
15	2
15	22
15	60
15	108
15	87
15	97
15	55
15	19
15	77
15	123
15	1
15	5
15	76
15	49
15	35
15	4
15	65
15	16
15	71
15	81
15	101
15	129
15	116
15	120
15	44
15	105
15	103
15	93
15	125
15	95
15	68
15	28
15	58
15	122
15	64
15	67
15	34
15	7
15	25
15	31
15	114
15	18
15	41
15	102
15	99
15	82
15	84
15	121
15	106
15	85
15	24
15	46
15	29
15	109
15	42
15	119
16	98
16	71
16	44
16	116
16	39
16	113
16	86
16	69
16	76
16	54
16	62
16	122
16	90
16	59
16	97
16	107
16	127
16	78
16	35
16	31
16	27
16	67
16	70
16	24
16	60
16	112
16	19
16	22
16	1
16	108
16	6
16	79
16	64
16	11
16	82
16	26
16	100
16	2
16	92
16	20
16	45
16	96
16	53
16	110
16	80
16	89
16	105
16	17
16	52
16	66
16	30
16	37
16	63
16	94
16	117
16	111
16	95
16	7
16	12
16	87
16	125
16	40
16	13
16	74
16	81
16	65
16	41
16	85
16	75
16	29
16	57
16	55
16	118
16	115
16	34
16	114
16	51
17	113
17	35
17	110
17	66
17	60
17	116
17	63
17	5
17	20
17	117
17	2
17	64
17	11
17	59
17	12
17	36
17	94
17	127
17	118
17	53
17	43
17	50
17	120
17	79
17	40
17	123
17	108
17	26
17	19
17	111
17	45
17	52
17	100
17	83
17	31
17	112
17	114
17	6
17	90
17	69
17	86
17	107
17	68
17	98
17	27
17	76
17	96
17	103
17	104
17	99
17	95
17	78
17	8
17	124
17	75
17	101
17	89
17	1
17	29
17	38
17	23
17	70
17	44
17	126
17	24
17	3
17	58
17	54
17	57
17	71
17	39
17	10
17	80
17	85
17	119
17	30
17	102
17	67
17	62
17	25
17	22
17	77
17	74
17	32
17	14
17	33
17	130
17	128
17	47
17	21
17	16
17	65
17	106
17	121
17	91
17	48
17	41
17	42
17	125
17	34
17	4
17	115
17	18
17	97
17	105
18	108
18	70
18	127
18	39
18	3
18	69
18	98
18	27
18	130
18	42
18	30
18	45
18	86
18	51
18	117
18	16
18	94
18	65
18	66
18	107
18	103
18	118
18	113
18	59
18	11
18	63
18	91
18	20
18	54
18	79
18	124
18	111
18	56
18	116
18	26
18	36
18	1
18	88
18	53
18	62
18	85
18	68
18	83
18	89
18	13
18	17
18	2
18	12
18	77
18	119
18	123
18	80
18	96
18	81
18	31
18	71
18	128
18	14
18	58
18	52
18	49
18	34
18	112
18	87
18	120
18	60
18	90
18	114
18	6
18	129
18	101
18	76
19	125
19	127
19	59
19	124
19	102
19	90
19	107
19	69
19	65
19	108
19	112
19	98
19	5
19	27
19	101
19	85
19	6
19	11
19	35
19	80
19	25
19	129
19	36
19	66
19	17
19	9
19	109
19	1
19	61
19	78
19	60
19	116
19	12
19	21
19	8
19	118
19	16
19	53
19	128
19	122
19	22
19	30
19	41
19	20
19	46
19	119
19	79
19	115
19	121
19	113
19	70
19	44
19	76
19	55
19	63
19	42
19	73
19	84
19	120
19	56
19	39
19	92
19	15
20	68
20	96
20	127
20	38
20	23
20	44
20	69
20	98
20	46
20	63
20	74
20	15
20	115
20	24
20	83
20	95
20	130
20	73
20	39
20	87
20	30
20	16
20	84
20	124
20	107
20	27
20	104
20	113
20	32
20	55
20	70
20	22
20	6
20	66
20	12
20	59
20	1
20	42
20	120
20	53
20	72
20	106
20	37
20	41
20	97
20	90
20	105
20	11
20	108
20	86
20	57
20	18
20	47
20	89
20	13
20	77
20	65
20	91
20	117
20	111
20	112
20	75
20	60
20	52
20	67
20	51
20	35
20	125
20	129
21	98
21	121
21	19
21	90
21	60
21	17
21	89
21	94
21	113
21	11
21	6
21	36
21	71
21	100
21	59
21	37
21	107
21	26
21	3
21	72
21	101
21	77
21	54
21	28
21	62
21	116
21	65
21	33
21	61
21	86
21	99
21	112
21	53
21	80
21	67
21	110
21	127
21	45
21	43
21	27
21	20
21	97
21	114
21	118
21	7
21	10
21	83
21	56
21	79
21	34
21	63
21	119
21	124
21	66
21	123
21	39
22	91
22	18
22	98
22	23
22	9
22	53
22	61
22	59
22	3
22	36
22	128
22	83
22	69
22	63
22	10
22	74
22	27
22	1
22	127
22	68
22	85
22	13
22	130
22	39
22	107
22	64
22	15
22	11
22	84
22	38
22	42
22	124
22	62
22	113
22	30
22	94
22	99
22	86
22	54
22	95
22	51
22	111
22	116
22	87
22	19
22	70
22	104
22	109
22	115
22	12
22	32
22	46
22	117
22	120
22	121
22	112
22	26
22	126
22	20
22	31
22	66
22	24
22	80
22	97
22	75
22	56
22	88
22	72
22	65
22	77
22	2
22	101
22	57
22	49
22	43
22	16
22	129
22	92
22	4
22	67
22	110
22	33
22	21
22	90
22	96
22	6
23	69
23	30
23	59
23	127
23	62
23	36
23	90
23	39
23	98
23	63
23	112
23	118
23	16
23	89
23	27
23	20
23	70
23	3
23	57
23	17
23	107
23	66
23	77
23	109
23	54
23	124
23	78
23	52
23	113
23	12
23	2
23	38
23	53
23	6
23	11
23	94
23	19
23	29
23	60
23	110
23	5
23	75
23	116
23	85
23	51
23	97
23	95
23	33
23	111
23	48
23	123
23	26
23	45
23	120
23	49
23	10
23	80
23	119
23	128
23	86
23	65
23	79
23	106
23	129
23	67
23	108
23	35
23	41
23	117
23	50
23	99
23	22
23	114
23	105
23	125
23	103
23	4
23	56
23	130
23	55
23	81
23	76
23	96
23	13
23	82
23	87
23	1
23	7
23	58
23	28
23	31
23	14
23	18
23	34
23	122
23	8
23	64
23	68
24	39
24	54
24	69
24	42
24	127
24	30
24	46
24	11
24	60
24	59
24	110
24	91
24	107
24	113
24	66
24	70
24	112
24	27
24	16
24	9
24	13
24	117
24	108
24	63
24	130
24	80
24	17
24	47
24	77
24	124
24	68
24	98
24	81
24	20
24	31
24	105
24	12
24	44
24	53
24	15
24	75
24	96
24	36
24	8
24	119
24	45
24	7
24	34
24	128
24	35
24	29
24	123
24	83
24	55
24	90
24	76
24	116
25	111
25	108
25	112
25	83
25	105
25	66
25	12
25	127
25	98
25	27
25	90
25	94
25	54
25	59
25	11
25	39
25	69
25	89
25	15
25	68
25	70
25	113
25	92
25	79
25	20
25	23
25	26
25	124
25	81
25	118
25	104
25	73
25	35
25	63
25	46
25	103
25	107
25	45
25	110
25	19
25	122
25	101
25	3
25	129
25	8
25	16
25	115
25	56
25	34
25	128
26	5
26	53
26	58
26	69
26	90
26	127
26	12
26	101
26	1
26	59
26	27
26	25
26	112
26	17
26	22
26	71
26	102
26	31
26	80
26	98
26	70
26	84
26	52
26	36
26	107
26	21
26	106
26	7
26	128
26	54
26	63
26	11
26	72
26	116
26	92
26	111
26	78
26	45
26	109
26	110
26	43
26	55
26	23
26	104
26	97
26	56
26	68
26	20
26	66
26	67
26	108
26	37
26	79
26	16
26	76
26	8
26	122
26	61
26	115
26	119
27	55
27	59
27	115
27	36
27	98
27	69
27	96
27	39
27	37
27	129
27	16
27	42
27	130
27	113
27	128
27	63
27	38
27	62
27	50
27	53
27	68
27	67
27	107
27	70
27	87
27	104
27	3
27	61
27	77
27	124
27	74
27	18
27	97
27	127
27	109
27	1
27	23
27	88
27	11
27	126
27	30
27	80
27	91
27	2
27	45
27	19
27	81
27	75
27	47
27	94
27	66
27	116
27	48
27	73
27	44
27	12
27	92
27	4
27	108
27	56
27	112
27	22
27	20
27	33
27	106
27	54
27	95
27	72
27	46
27	90
27	40
27	123
27	117
27	35
27	100
27	71
27	121
27	86
27	14
27	65
27	24
27	99
27	83
27	32
27	122
27	31
27	110
27	9
27	57
27	85
27	60
27	6
27	15
27	78
27	34
27	49
27	51
27	120
27	101
27	84
27	52
28	60
28	83
28	71
28	15
28	77
28	120
28	110
28	116
28	112
28	17
28	66
28	46
28	127
28	105
28	27
28	121
28	69
28	113
28	36
28	8
28	20
28	49
28	37
28	53
28	117
28	14
28	119
28	107
28	90
28	98
28	30
28	92
28	21
28	106
28	23
28	86
28	126
28	78
28	80
28	95
28	32
28	67
28	33
28	97
28	74
28	55
28	12
28	65
28	25
28	59
28	84
28	58
28	1
28	31
28	68
29	14
29	33
29	17
29	36
29	110
29	83
29	71
29	80
29	59
29	1
29	127
29	12
29	107
29	46
29	53
29	15
29	31
29	8
29	21
29	106
29	81
29	39
29	16
29	27
29	90
29	126
29	76
29	124
29	63
29	98
29	119
29	69
29	9
29	44
29	66
29	37
29	23
29	116
29	108
29	35
29	74
29	130
29	96
29	25
29	56
29	11
29	30
29	41
29	24
29	128
29	20
29	70
29	97
29	49
29	87
29	18
29	120
29	78
29	55
30	39
30	107
30	9
30	71
30	59
30	36
30	65
30	53
30	113
30	77
30	106
30	33
30	29
30	130
30	110
30	11
30	70
30	119
30	49
30	27
30	112
30	51
30	12
30	14
30	105
30	116
30	90
30	66
30	98
30	31
30	120
30	8
30	63
30	42
30	54
30	44
30	73
30	78
30	127
30	17
30	7
30	22
30	16
30	83
30	102
30	25
30	104
30	21
30	13
30	84
30	97
30	121
30	2
30	19
30	58
30	56
30	3
30	125
30	99
30	89
30	80
30	94
30	69
30	68
30	79
30	81
30	108
30	15
30	28
30	128
30	101
30	109
30	60
30	95
30	91
30	20
30	114
30	85
30	129
30	46
30	10
30	111
30	5
30	41
30	55
30	67
30	124
30	88
30	37
30	4
30	40
30	32
30	72
30	92
30	62
30	126
30	23
30	100
30	87
30	82
30	1
30	6
30	48
30	76
30	57
30	86
30	47
30	96
30	61
30	117
30	93
30	34
30	103
30	52
30	45
30	24
30	18
30	26
30	74
31	98
31	39
31	113
31	107
31	59
31	27
31	94
31	73
31	109
31	53
31	11
31	114
31	69
31	90
31	119
31	13
31	127
31	97
31	106
31	91
31	128
31	36
31	40
31	121
31	104
31	14
31	85
31	76
31	54
31	72
31	32
31	41
31	60
31	110
31	116
31	33
31	115
31	26
31	101
31	46
31	17
31	12
31	89
31	37
31	44
31	55
31	16
31	9
31	112
31	71
31	10
31	65
31	130
31	8
31	45
31	42
31	20
31	120
31	19
31	84
31	52
32	48
32	20
32	42
32	91
32	11
32	8
32	76
32	3
32	54
32	59
32	113
32	69
32	98
32	16
32	27
32	89
32	127
32	112
32	71
32	117
32	26
32	110
32	79
32	36
32	30
32	41
32	12
32	107
32	7
32	31
32	51
32	53
32	80
32	23
32	67
32	66
32	72
32	119
32	52
32	118
32	111
32	33
32	63
32	61
32	122
32	38
32	62
32	21
32	130
32	60
32	47
32	39
32	14
32	70
33	60
33	89
33	113
33	27
33	53
33	69
33	77
33	121
33	66
33	51
33	100
33	107
33	59
33	81
33	119
33	20
33	90
33	55
33	98
33	2
33	123
33	40
33	105
33	4
33	30
33	120
33	3
33	67
33	63
33	110
33	94
33	13
33	112
33	68
33	84
33	124
33	11
33	54
33	70
33	49
33	127
33	39
33	88
33	116
33	72
33	114
33	104
33	17
33	96
33	16
33	46
33	71
33	5
33	31
33	26
33	36
33	108
33	14
33	45
33	79
33	115
33	83
33	32
33	12
33	1
33	78
33	76
33	95
33	28
33	10
33	43
33	117
33	42
33	52
33	80
33	34
33	29
33	128
33	15
33	103
34	69
34	101
34	53
34	79
34	90
34	7
34	60
34	17
34	77
34	122
34	78
34	84
34	67
34	98
34	5
34	23
34	116
34	71
34	14
34	31
34	107
34	27
34	70
34	21
34	102
34	12
34	11
34	119
34	36
34	123
34	45
34	4
34	120
34	97
34	59
34	80
34	20
34	46
34	82
34	15
34	25
34	127
34	63
34	8
34	128
34	66
34	48
34	16
34	74
34	94
34	115
34	18
34	87
34	108
34	126
34	1
34	124
35	59
35	1
35	112
35	98
35	27
35	69
35	83
35	70
35	108
35	25
35	52
35	36
35	80
35	129
35	40
35	127
35	29
35	66
35	14
35	39
35	96
35	113
35	107
35	63
35	89
35	12
35	22
35	73
35	16
35	20
35	76
35	32
35	53
35	11
35	102
35	81
35	116
35	97
35	49
35	124
35	122
35	42
35	65
35	103
35	31
35	118
35	30
35	41
35	117
35	57
35	26
35	67
35	123
35	78
35	86
36	10
36	54
36	29
36	113
36	60
36	127
36	39
36	70
36	58
36	69
36	83
36	89
36	75
36	30
36	90
36	66
36	117
36	64
36	98
36	107
36	94
36	59
36	26
36	86
36	63
36	56
36	17
36	96
36	8
36	27
36	82
36	97
36	115
36	79
36	100
36	11
36	5
36	124
36	1
36	12
36	35
36	44
36	2
36	62
36	15
36	103
36	43
36	22
36	110
36	20
36	111
36	81
36	16
36	55
36	128
36	67
36	108
36	68
36	23
36	77
36	118
36	76
36	6
36	45
36	41
36	49
36	74
36	71
36	116
36	130
36	46
36	51
36	72
36	57
36	53
36	101
36	13
36	112
36	119
36	123
36	3
36	125
36	92
36	52
36	78
36	33
36	91
36	65
36	121
36	21
36	9
36	14
36	18
36	99
36	7
36	50
36	95
36	31
36	80
36	28
36	126
36	87
36	4
36	42
36	34
36	120
36	114
36	38
36	25
37	27
37	108
37	39
37	130
37	3
37	107
37	94
37	42
37	69
37	89
37	59
37	56
37	22
37	112
37	98
37	64
37	113
37	117
37	79
37	49
37	88
37	53
37	11
37	66
37	31
37	127
37	51
37	111
37	82
37	54
37	61
37	46
37	26
37	12
37	110
37	115
37	28
37	67
37	45
37	101
37	123
37	78
37	128
37	38
37	118
37	125
37	68
37	17
37	44
37	122
37	36
37	96
37	91
37	116
37	90
37	60
37	33
37	29
37	43
37	70
37	85
37	19
37	47
37	35
37	65
37	119
37	23
37	75
37	87
37	126
37	10
37	30
38	69
38	112
38	60
38	90
38	54
38	77
38	98
38	107
38	128
38	97
38	27
38	12
38	118
38	39
38	108
38	59
38	113
38	31
38	127
38	4
38	66
38	94
38	30
38	70
38	6
38	35
38	96
38	50
38	11
38	86
38	20
38	29
38	62
38	95
38	49
38	26
38	22
38	110
38	82
38	65
38	92
38	63
38	16
38	8
38	55
38	79
38	36
38	129
38	116
38	124
38	17
38	47
38	78
38	81
38	106
38	89
38	19
38	13
38	125
38	25
38	28
38	14
38	45
38	5
38	76
38	53
38	64
38	120
38	56
38	34
38	105
38	57
39	62
39	89
39	53
39	65
39	54
39	110
39	9
39	83
39	26
39	77
39	113
39	12
39	11
39	96
39	112
39	115
39	58
39	16
39	90
39	15
39	1
39	7
39	119
39	27
39	71
39	59
39	45
39	51
39	106
39	3
39	13
39	69
39	105
39	46
39	23
39	55
39	22
39	36
39	129
39	100
39	121
39	128
39	40
39	52
39	70
39	118
39	86
39	127
39	80
39	60
39	8
39	68
39	98
39	107
39	88
39	84
39	108
39	38
39	116
39	109
39	44
39	63
39	19
39	17
39	85
39	114
39	76
39	94
39	41
39	35
39	2
39	25
39	5
39	102
39	125
39	111
39	14
39	104
39	91
39	28
39	97
39	78
39	61
39	79
39	29
39	101
39	67
39	117
39	72
39	32
39	93
39	31
39	18
39	20
39	33
39	124
39	37
39	21
39	30
39	123
39	24
39	95
39	74
39	47
39	56
39	66
39	122
39	43
39	50
39	64
39	6
39	130
39	10
39	73
39	34
39	81
39	126
39	42
39	4
39	99
39	103
39	82
40	66
40	127
40	12
40	27
40	106
40	96
40	50
40	69
40	113
40	98
40	63
40	30
40	59
40	79
40	11
40	65
40	45
40	92
40	107
40	116
40	108
40	22
40	70
40	110
40	94
40	39
40	20
40	4
40	123
40	16
40	111
40	17
40	77
40	118
40	83
40	90
40	35
40	60
40	53
40	80
40	78
40	55
40	122
40	71
40	41
40	6
40	124
40	105
40	109
40	129
40	104
40	54
40	8
41	130
41	62
41	69
41	53
41	16
41	57
41	27
41	98
41	107
41	111
41	6
41	76
41	113
41	39
41	81
41	11
41	115
41	59
41	68
41	75
41	44
41	45
41	127
41	86
41	64
41	19
41	12
41	54
41	96
41	66
41	112
41	118
41	20
41	17
41	116
41	65
41	88
41	8
41	125
41	100
41	80
41	32
41	30
41	72
41	23
41	121
41	52
41	93
41	63
41	70
41	22
41	1
41	40
41	36
41	91
41	82
41	101
41	95
41	124
41	50
41	122
41	90
41	43
41	5
41	109
41	61
41	83
41	21
41	47
41	51
41	28
41	42
41	56
41	67
41	9
41	108
41	105
41	123
41	58
41	110
41	78
41	4
41	79
41	24
41	77
42	69
42	94
42	92
42	110
42	120
42	127
42	30
42	58
42	107
42	118
42	116
42	29
42	67
42	73
42	100
42	119
42	89
42	113
42	39
42	13
42	59
42	63
42	49
42	22
42	98
42	66
42	19
42	45
42	93
42	112
42	11
42	80
42	128
42	20
42	27
42	17
42	75
42	70
42	8
42	36
42	6
42	12
42	86
42	83
42	81
42	10
42	103
42	53
42	60
42	108
42	97
42	90
42	125
42	124
42	123
42	99
42	55
42	78
42	68
42	32
42	18
42	54
42	44
42	41
42	64
42	77
42	28
42	14
42	101
42	85
42	16
42	50
42	15
42	56
42	65
42	2
42	87
42	52
42	33
42	104
42	57
42	115
42	121
42	102
42	31
42	76
42	105
42	34
42	24
42	35
42	48
42	96
42	46
42	106
43	9
43	53
43	112
43	36
43	98
43	23
43	128
43	66
43	46
43	15
43	121
43	89
43	42
43	27
43	59
43	83
43	97
43	11
43	107
43	69
43	127
43	85
43	12
43	70
43	116
43	129
43	68
43	124
43	63
43	94
43	31
43	6
43	44
43	115
43	80
43	117
43	39
43	22
43	106
43	67
43	38
43	30
43	96
43	65
43	74
43	123
43	16
43	91
43	78
43	45
43	110
43	56
43	113
43	28
43	109
43	103
43	73
43	90
43	41
43	8
43	60
43	76
43	114
43	79
43	57
43	87
43	130
43	126
43	49
43	14
44	63
44	124
44	39
44	16
44	69
44	113
44	11
44	25
44	24
44	97
44	127
44	66
44	118
44	20
44	59
44	70
44	36
44	106
44	1
44	98
44	80
44	30
44	92
44	19
44	103
44	38
44	94
44	107
44	27
44	12
44	96
44	108
44	76
44	60
44	17
44	105
44	4
44	112
44	49
44	65
44	53
44	89
44	110
44	130
44	64
44	54
44	83
44	123
44	3
44	71
44	86
44	13
44	68
44	32
44	78
44	22
44	74
44	31
44	52
45	20
45	116
45	69
45	127
45	70
45	96
45	98
45	59
45	12
45	27
45	11
45	53
45	30
45	66
45	108
45	118
45	107
45	77
45	81
45	76
45	94
45	6
45	75
45	113
45	60
45	112
45	87
45	54
45	41
45	16
45	97
45	39
45	26
45	124
45	126
45	31
45	40
45	5
45	80
45	78
45	65
45	128
45	36
45	52
45	63
45	92
45	3
45	110
45	86
46	128
46	90
46	70
46	110
46	89
46	59
46	8
46	69
46	36
46	17
46	107
46	98
46	127
46	71
46	49
46	53
46	66
46	27
46	63
46	11
46	30
46	113
46	86
46	21
46	54
46	24
46	119
46	112
46	101
46	100
46	94
46	82
46	129
46	60
46	42
46	57
46	116
46	120
46	111
46	92
46	108
46	12
46	122
46	97
46	125
46	20
46	81
46	19
46	85
46	124
46	77
46	16
46	95
46	79
46	45
46	37
46	33
46	13
46	2
46	118
46	40
46	22
46	39
46	50
46	83
46	67
46	55
46	80
46	9
46	105
46	62
46	117
46	126
46	121
46	99
46	52
46	31
46	123
46	96
46	78
46	5
46	93
46	75
46	10
46	65
46	28
46	7
46	103
46	64
46	58
46	38
46	106
46	56
46	26
46	102
46	109
46	48
46	51
46	34
46	29
46	1
46	6
47	103
47	63
47	120
47	66
47	106
47	69
47	40
47	3
47	98
47	107
47	30
47	36
47	16
47	112
47	90
47	12
47	22
47	39
47	89
47	86
47	113
47	94
47	13
47	81
47	38
47	70
47	101
47	97
47	100
47	28
47	27
47	31
47	124
47	76
47	21
47	53
47	51
47	54
47	11
47	26
47	115
47	72
47	123
47	116
47	127
47	59
47	19
47	77
47	29
47	6
47	9
47	57
47	64
47	56
47	60
47	65
47	118
47	73
47	75
47	78
47	52
47	7
47	125
47	37
47	62
47	93
47	10
47	117
47	2
48	66
48	69
48	107
48	63
48	16
48	39
48	94
48	12
48	127
48	11
48	113
48	92
48	98
48	25
48	76
48	58
48	110
48	60
48	27
48	123
48	52
48	78
48	85
48	79
48	59
48	87
48	125
48	96
48	30
48	117
48	77
48	86
48	103
48	53
48	112
48	120
48	67
48	118
48	17
48	22
48	116
48	20
48	100
48	29
48	80
48	95
48	89
48	90
48	54
48	124
48	70
48	14
48	71
48	129
48	13
48	46
48	121
48	62
48	1
48	32
48	6
48	9
48	33
48	65
48	36
48	104
48	111
48	45
48	19
48	83
48	10
48	57
48	105
48	28
48	49
48	61
48	99
48	115
48	26
48	119
48	106
48	34
48	8
48	128
48	101
49	77
49	36
49	83
49	119
49	110
49	66
49	127
49	53
49	114
49	41
49	11
49	90
49	65
49	105
49	106
49	13
49	67
49	71
49	15
49	113
49	31
49	12
49	1
49	107
49	129
49	2
49	9
49	7
49	8
49	112
49	17
49	100
49	59
49	37
49	16
49	84
49	85
49	128
49	14
49	64
49	63
49	86
49	125
49	39
49	55
49	69
49	46
50	96
50	30
50	69
50	20
50	4
50	40
50	12
50	19
50	68
50	11
50	63
50	127
50	98
50	66
50	22
50	39
50	100
50	124
50	113
50	87
50	123
50	70
50	17
50	120
50	107
50	80
50	27
50	81
50	78
50	94
50	77
50	59
50	105
50	65
50	110
50	53
50	118
50	128
50	114
50	102
50	117
50	24
50	47
50	6
50	126
50	7
50	76
50	108
50	55
50	31
50	97
51	98
51	109
51	69
51	61
51	71
51	53
51	23
51	20
51	12
51	127
51	121
51	11
51	106
51	79
51	115
51	55
51	85
51	32
51	107
51	116
51	41
51	84
51	112
51	27
51	18
51	113
51	110
51	108
51	63
51	36
51	118
51	39
51	16
51	22
51	72
51	96
51	130
51	9
51	37
51	45
51	129
51	50
51	67
51	59
51	35
51	70
51	90
51	68
51	8
51	122
51	78
51	15
51	31
52	127
52	35
52	70
52	63
52	69
52	110
52	20
52	57
52	12
52	118
52	108
52	83
52	59
52	78
52	27
52	68
52	65
52	39
52	66
52	111
52	122
52	38
52	112
52	22
52	107
52	45
52	98
52	79
52	30
52	60
52	36
52	11
52	97
52	74
52	104
52	23
52	15
52	28
52	92
52	4
52	105
52	3
52	76
52	80
52	115
52	125
52	90
52	16
52	85
52	124
52	96
52	128
52	113
52	77
52	103
52	123
52	7
52	130
52	114
52	31
52	94
52	129
52	41
52	8
52	88
53	94
53	22
53	26
53	51
53	54
53	127
53	68
53	112
53	27
53	69
53	63
53	82
53	60
53	45
53	3
53	66
53	23
53	110
53	90
53	113
53	39
53	98
53	79
53	31
53	89
53	17
53	95
53	10
53	120
53	59
53	83
53	35
53	50
53	70
53	105
53	30
53	67
53	115
53	116
53	106
53	41
53	108
53	111
53	117
53	107
53	80
53	8
53	77
53	73
53	11
53	12
53	109
53	128
53	100
53	16
53	104
53	96
53	114
53	118
53	46
53	124
53	122
53	5
53	28
53	19
53	29
53	92
53	99
53	119
53	15
53	93
53	123
53	84
53	25
53	101
53	43
53	38
53	64
53	58
53	81
53	21
53	2
53	40
53	52
53	71
53	18
53	36
53	4
53	85
53	1
53	44
53	103
53	20
53	13
53	61
53	74
53	49
53	75
53	6
53	129
53	24
53	88
53	55
53	102
53	76
53	121
53	65
53	72
53	87
53	9
53	37
53	97
53	56
53	78
53	14
53	125
53	32
53	34
53	91
53	7
53	42
53	57
54	107
54	20
54	27
54	98
54	37
54	80
54	12
54	112
54	67
54	11
54	59
54	69
54	1
54	35
54	130
54	53
54	114
54	68
54	45
54	36
54	16
54	30
54	39
54	108
54	90
54	70
54	21
54	73
54	116
54	56
54	23
54	118
54	127
54	31
54	66
54	14
54	110
54	22
54	84
54	48
54	97
54	7
54	5
54	106
54	122
54	8
54	79
54	17
54	124
54	76
54	46
54	82
54	55
54	25
54	96
54	65
54	71
54	92
54	104
54	87
54	32
54	44
54	3
54	72
54	4
54	117
54	50
54	102
54	78
54	128
54	113
54	91
54	18
54	38
54	111
54	24
54	83
54	103
54	60
54	63
54	28
54	77
54	123
54	101
54	10
54	119
54	62
54	74
54	99
54	33
54	51
54	34
55	11
55	22
55	36
55	69
55	113
55	42
55	59
55	10
55	91
55	122
55	94
55	127
55	108
55	114
55	70
55	56
55	115
55	37
55	68
55	121
55	96
55	117
55	54
55	116
55	3
55	100
55	45
55	86
55	17
55	12
55	107
55	60
55	39
55	79
55	20
55	112
55	27
55	103
55	119
55	30
55	81
55	53
55	63
55	98
55	28
55	29
55	34
55	1
55	77
55	123
55	31
56	20
56	47
56	55
56	61
56	130
56	87
56	53
56	12
56	63
56	69
56	107
56	68
56	23
56	30
56	80
56	74
56	129
56	15
56	9
56	97
56	39
56	109
56	113
56	27
56	59
56	73
56	104
56	62
56	121
56	112
56	72
56	127
56	46
56	70
56	123
56	81
56	98
56	18
57	65
57	11
57	64
57	121
57	100
57	52
57	107
57	108
57	17
57	43
57	35
57	40
57	112
57	93
57	41
57	70
57	129
57	127
57	85
57	90
57	95
57	53
57	125
57	124
57	118
57	68
57	22
57	69
57	83
57	111
57	59
57	67
57	63
57	21
57	123
57	79
57	56
57	50
57	19
57	98
57	23
57	8
57	91
57	27
57	80
57	119
57	18
57	45
57	75
57	99
57	115
58	11
58	17
58	69
58	97
58	62
58	55
58	53
58	75
58	27
58	85
58	130
58	127
58	83
58	44
58	70
58	107
58	22
58	65
58	128
58	98
58	77
58	90
58	5
58	116
58	16
58	23
58	110
58	8
58	87
58	63
58	79
58	59
58	30
58	68
58	115
58	106
58	129
58	66
58	118
58	46
58	15
58	12
58	50
58	45
58	126
58	123
58	37
58	36
58	21
58	20
58	88
58	91
58	18
58	112
58	39
58	82
59	130
59	112
59	127
59	16
59	54
59	107
59	68
59	83
59	22
59	27
59	50
59	46
59	23
59	98
59	69
59	76
59	110
59	109
59	30
59	63
59	121
59	60
59	115
59	125
59	12
59	85
59	58
59	128
59	36
59	66
59	11
59	20
59	53
59	113
59	62
59	25
59	31
59	74
59	87
59	116
59	104
59	91
59	38
59	42
59	29
59	92
59	9
59	103
59	39
59	18
59	84
59	97
59	80
59	61
59	94
59	14
59	119
59	41
59	124
59	15
59	78
59	2
59	90
59	81
59	70
59	122
59	108
59	33
59	79
59	8
59	47
59	111
59	75
59	86
59	129
59	100
59	6
59	73
59	120
59	32
59	95
59	72
59	126
59	88
59	55
59	105
59	52
59	65
59	17
59	64
59	77
59	123
59	21
59	24
59	44
59	49
59	7
59	82
59	48
59	28
59	10
59	106
59	71
59	3
59	51
59	67
59	96
60	68
60	43
60	63
60	98
60	110
60	64
60	52
60	100
60	53
60	107
60	36
60	90
60	82
60	93
60	95
60	40
60	17
60	118
60	66
60	119
60	79
60	71
60	69
60	112
60	59
60	106
60	23
60	42
60	74
60	27
60	127
60	7
60	4
60	128
60	85
60	15
60	83
60	35
60	32
60	70
60	72
60	19
60	8
60	116
60	104
60	120
60	67
60	37
60	126
60	77
60	14
60	80
60	44
60	31
60	30
60	11
60	78
60	122
60	114
60	50
60	73
60	108
60	121
60	20
60	97
60	12
60	5
60	124
60	45
60	109
60	61
60	99
60	22
60	9
60	87
60	49
60	18
60	39
60	123
61	12
61	79
61	98
61	127
61	39
61	70
61	60
61	69
61	85
61	110
61	8
61	66
61	59
61	107
61	27
61	30
61	11
61	94
61	103
61	96
61	16
61	83
61	81
61	23
61	90
61	17
61	116
61	56
61	44
61	124
61	97
61	117
61	75
61	63
61	20
61	1
61	35
61	36
61	3
61	80
61	108
61	95
61	22
61	49
61	68
61	54
61	125
61	122
61	19
61	112
61	45
61	111
61	123
61	113
61	65
61	67
61	31
61	118
61	21
61	28
61	26
61	120
61	53
61	4
61	32
61	64
61	2
61	78
61	82
61	100
62	56
62	108
62	98
62	69
62	27
62	65
62	127
62	59
62	12
62	96
62	124
62	16
62	129
62	11
62	31
62	90
62	18
62	60
62	125
62	85
62	38
62	36
62	39
62	22
62	17
62	1
62	20
62	107
62	70
62	91
62	41
62	128
62	68
62	66
62	97
62	113
62	45
62	118
62	80
62	116
62	78
62	23
62	21
62	30
62	8
62	32
62	74
62	50
62	40
62	46
62	102
62	130
62	112
62	44
62	14
62	76
62	24
62	63
62	111
62	67
62	83
62	53
62	79
62	35
62	47
62	122
62	115
62	25
62	103
62	92
62	120
63	39
63	113
63	98
63	40
63	111
63	69
63	8
63	20
63	11
63	54
63	112
63	60
63	127
63	59
63	89
63	107
63	53
63	90
63	94
63	95
63	65
63	116
63	81
63	12
63	78
63	27
63	110
63	22
63	66
63	30
63	124
63	101
63	70
63	49
63	79
63	97
63	75
63	6
63	105
63	92
63	29
63	3
63	36
63	118
63	4
63	83
63	77
63	28
63	17
63	104
63	50
63	99
63	76
63	19
63	88
63	108
63	35
63	128
63	58
63	56
63	71
63	45
63	16
63	93
63	37
63	33
63	41
63	117
63	44
63	64
63	26
63	51
63	23
63	43
63	102
63	1
63	5
63	2
63	62
63	86
63	10
63	80
63	13
63	125
63	9
63	119
63	68
63	57
63	31
63	52
63	123
63	120
63	55
63	106
63	129
63	82
63	18
63	103
63	7
63	67
63	34
63	96
63	25
63	24
63	42
64	39
64	53
64	114
64	96
64	98
64	112
64	59
64	18
64	124
64	37
64	130
64	66
64	22
64	27
64	30
64	23
64	63
64	74
64	70
64	83
64	11
64	69
64	57
64	94
64	20
64	6
64	120
64	36
64	42
64	45
64	113
64	17
64	46
64	87
64	15
64	35
64	65
64	77
64	107
64	55
64	127
64	76
64	91
64	99
64	28
64	108
64	16
64	104
64	49
64	102
64	118
64	125
64	85
64	21
64	89
64	68
64	116
64	12
64	44
64	95
64	14
64	38
64	78
64	115
64	60
64	80
64	117
64	90
64	50
64	1
64	8
64	103
64	110
64	111
64	128
64	48
64	7
64	106
64	3
64	123
64	122
64	73
64	56
64	52
64	79
64	24
64	129
64	86
64	75
64	105
65	39
65	86
65	93
65	101
65	5
65	112
65	11
65	62
65	57
65	113
65	19
65	12
65	16
65	90
65	69
65	80
65	1
65	82
65	98
65	53
65	122
65	8
65	52
65	59
65	6
65	96
65	127
65	23
65	115
65	27
65	41
65	30
65	84
65	40
65	107
65	36
65	121
65	111
65	100
65	79
65	43
65	17
65	58
65	128
65	46
65	67
65	35
65	68
65	22
65	70
65	76
65	66
65	95
65	15
65	116
65	50
65	92
65	108
65	78
65	118
65	4
65	119
65	125
65	123
65	61
65	72
65	120
65	63
65	18
65	45
65	32
65	20
65	102
65	64
65	74
65	109
65	54
65	44
65	14
65	105
65	97
65	21
65	83
65	37
65	110
65	77
65	9
65	124
65	130
65	33
65	75
65	91
65	31
65	56
65	85
65	81
65	99
65	42
66	98
66	69
66	70
66	107
66	39
66	127
66	112
66	118
66	60
66	94
66	28
66	20
66	35
66	4
66	27
66	123
66	113
66	5
66	2
66	40
66	97
66	29
66	100
66	43
66	65
66	11
66	56
66	79
66	122
66	59
66	10
66	54
66	124
66	12
66	117
66	63
66	89
66	53
66	6
66	95
66	67
66	102
66	17
66	26
66	110
66	58
66	116
66	78
66	22
66	62
66	30
66	93
66	71
66	96
66	73
66	80
66	19
66	13
66	1
66	86
66	3
66	104
66	31
66	57
66	49
66	83
66	36
66	45
66	64
66	8
66	99
66	103
66	76
66	125
66	114
66	90
66	111
66	41
66	92
66	34
66	55
66	25
66	106
67	19
67	107
67	59
67	116
67	54
67	113
67	10
67	98
67	69
67	57
67	2
67	108
67	43
67	3
67	5
67	27
67	86
67	90
67	112
67	35
67	12
67	127
67	62
67	41
67	89
67	11
67	70
67	30
67	122
67	101
67	102
67	39
67	60
67	31
67	63
67	40
67	14
67	29
67	66
67	6
67	94
67	83
67	1
67	95
67	45
67	20
67	51
67	25
67	75
67	128
67	117
67	76
67	28
67	53
67	17
67	52
68	65
68	116
68	39
68	59
68	69
68	127
68	56
68	70
68	20
68	113
68	121
68	24
68	10
68	98
68	3
68	54
68	90
68	27
68	123
68	5
68	117
68	84
68	66
68	125
68	16
68	26
68	124
68	110
68	128
68	50
68	94
68	12
68	100
68	6
68	36
68	92
68	8
68	11
68	62
68	78
68	53
68	122
68	67
68	17
68	63
68	60
68	81
68	108
68	30
68	107
68	75
68	87
68	2
68	76
68	22
68	45
68	44
68	83
68	35
68	49
68	96
68	77
68	86
68	71
68	89
68	95
68	118
68	51
68	79
68	102
68	129
68	80
68	97
68	101
68	112
68	105
68	57
68	14
68	126
68	91
68	119
68	13
68	31
68	28
68	103
68	52
68	58
68	111
68	43
68	120
68	15
68	18
68	82
68	85
68	7
68	32
68	55
68	34
68	29
69	36
69	119
69	106
69	127
69	85
69	3
69	53
69	108
69	87
69	95
69	27
69	92
69	20
69	66
69	65
69	39
69	71
69	19
69	128
69	8
69	16
69	96
69	43
69	11
69	129
69	113
69	110
69	97
69	31
69	4
69	70
69	117
69	37
69	59
69	41
69	107
69	68
69	33
69	77
69	42
69	124
69	12
69	60
69	98
69	125
69	15
69	51
69	28
69	90
69	25
69	101
69	102
69	10
69	7
69	5
69	120
69	78
69	112
69	21
69	54
69	116
69	115
69	30
69	46
69	52
69	111
69	26
69	49
69	82
69	23
69	47
69	22
69	14
69	105
69	93
69	64
69	94
69	45
69	67
69	80
69	76
69	63
69	58
69	40
69	121
69	17
69	62
69	74
69	83
69	114
69	91
69	109
69	1
69	89
69	104
69	73
69	61
69	79
69	50
69	100
69	130
69	6
69	55
69	29
69	32
69	86
69	118
69	123
69	84
69	35
69	2
69	126
69	99
69	103
69	13
69	56
69	75
69	9
69	38
69	122
69	24
69	57
69	72
69	18
69	88
69	48
69	34
69	44
70	44
70	116
70	83
70	107
70	68
70	53
70	9
70	63
70	87
70	23
70	39
70	69
70	121
70	47
70	90
70	98
70	61
70	59
70	15
70	11
70	27
70	46
70	48
70	41
70	74
70	104
70	127
70	36
70	24
70	84
70	119
70	51
70	30
70	55
70	12
70	109
70	85
70	42
70	17
70	128
70	81
70	13
70	113
70	120
70	66
70	97
70	80
70	62
70	38
70	112
70	115
70	1
70	32
70	72
70	33
70	78
70	96
70	56
70	130
70	73
70	54
70	45
70	25
70	91
70	49
70	14
70	18
70	65
70	95
70	110
70	21
70	124
70	129
70	35
70	123
70	89
70	77
70	16
70	2
70	10
70	92
70	22
70	108
70	19
70	126
71	3
71	26
71	119
71	39
71	89
71	23
71	112
71	98
71	60
71	115
71	70
71	116
71	113
71	59
71	100
71	31
71	29
71	77
71	54
71	127
71	99
71	22
71	12
71	27
71	15
71	9
71	74
71	69
71	107
71	108
71	104
71	76
71	19
71	94
71	126
71	91
71	34
71	84
71	110
71	78
71	11
71	51
71	66
71	97
71	17
71	33
71	124
71	90
71	28
71	67
71	79
71	117
71	14
71	102
71	40
71	55
71	10
71	46
71	53
71	43
71	120
71	83
71	30
71	20
71	123
71	87
71	63
71	36
71	5
71	95
71	4
71	72
71	16
71	68
71	65
71	7
71	105
71	80
71	121
71	96
71	45
71	85
71	81
71	21
71	50
71	8
71	13
71	37
71	6
71	61
71	125
71	106
71	49
71	57
71	47
71	130
71	42
71	64
71	82
72	79
72	117
72	54
72	20
72	112
72	69
72	26
72	3
72	77
72	27
72	96
72	113
72	107
72	115
72	98
72	51
72	40
72	11
72	109
72	19
72	63
72	95
72	17
72	10
72	30
72	127
72	120
72	71
72	67
72	61
72	37
72	29
72	76
72	12
72	41
72	89
72	45
72	31
72	108
72	53
72	39
72	110
72	8
72	118
72	128
72	90
72	62
72	97
72	66
72	122
72	80
72	70
72	60
72	92
72	7
72	87
72	59
72	14
72	16
72	116
72	94
72	28
73	69
73	112
73	51
73	54
73	31
73	23
73	3
73	59
73	9
73	113
73	75
73	62
73	22
73	65
73	94
73	79
73	66
73	53
73	127
73	70
73	85
73	107
73	120
73	71
73	30
73	67
73	20
73	14
73	10
73	16
73	63
73	56
73	116
73	103
73	89
73	98
73	27
73	80
73	41
73	90
73	95
73	58
73	83
73	97
73	86
73	77
73	39
73	36
73	117
73	123
73	17
73	28
73	11
73	64
73	129
73	55
73	115
73	60
73	104
73	93
73	124
74	69
74	66
74	8
74	70
74	27
74	67
74	128
74	63
74	90
74	16
74	42
74	127
74	79
74	36
74	53
74	30
74	39
74	11
74	107
74	83
74	98
74	119
74	97
74	40
74	45
74	50
74	100
74	20
74	41
74	17
74	52
74	12
74	117
74	113
74	111
74	19
74	84
74	124
74	108
74	59
74	89
74	1
74	4
74	49
74	94
74	87
74	129
74	120
74	101
74	26
74	80
74	37
74	102
74	105
74	65
74	122
74	71
74	22
74	54
74	103
74	123
74	78
74	91
74	64
74	35
74	76
74	77
74	118
74	55
74	62
74	2
74	5
74	96
74	116
74	43
74	81
74	7
74	86
74	75
74	15
74	110
74	60
74	125
74	24
74	68
74	112
74	34
74	99
74	58
74	31
75	98
75	77
75	20
75	59
75	123
75	27
75	112
75	52
75	5
75	96
75	127
75	108
75	13
75	43
75	69
75	79
75	111
75	85
75	120
75	12
75	70
75	97
75	116
75	61
75	76
75	103
75	31
75	91
75	51
75	40
75	66
75	36
75	63
75	107
75	47
75	83
75	102
75	16
75	11
75	42
75	41
75	80
75	56
75	30
75	121
75	105
75	78
75	23
75	90
75	18
75	46
75	39
75	60
76	42
76	36
76	66
76	91
76	39
76	69
76	22
76	73
76	16
76	59
76	30
76	98
76	27
76	125
76	83
76	103
76	63
76	113
76	127
76	101
76	54
76	124
76	53
76	107
77	50
77	100
77	5
77	46
77	106
77	109
77	40
77	79
77	115
77	116
77	90
77	98
77	112
77	69
77	70
77	17
77	8
77	89
77	107
77	19
77	92
77	82
77	16
77	4
77	127
77	23
77	111
77	59
77	66
77	121
77	45
77	2
77	9
77	118
77	43
77	13
77	27
77	39
77	53
77	110
77	101
77	94
77	12
77	93
77	63
77	68
77	74
77	83
77	96
77	71
77	35
77	128
77	55
77	30
77	36
77	31
77	67
77	28
77	95
77	75
77	52
77	44
77	29
77	122
77	41
77	123
77	87
77	11
77	78
77	104
77	102
77	49
77	64
77	113
77	65
77	62
77	108
77	37
77	126
77	97
77	21
77	72
77	22
77	33
77	1
77	76
77	119
77	99
77	48
77	20
77	124
77	120
77	25
77	130
77	32
77	88
77	14
77	129
77	105
77	60
77	81
77	91
77	38
77	18
77	34
77	58
77	3
77	24
77	114
78	54
78	71
78	119
78	53
78	83
78	110
78	77
78	105
78	8
78	59
78	36
78	113
78	65
78	84
78	114
78	41
78	33
78	52
78	85
78	47
78	106
78	19
78	112
78	13
78	130
78	98
78	97
78	129
78	15
78	104
78	125
78	96
78	32
78	14
78	72
78	62
78	27
78	70
78	116
78	37
78	102
78	89
78	127
78	25
78	68
78	86
78	2
78	31
78	46
78	99
78	7
78	55
78	20
78	9
78	69
78	4
78	40
78	126
78	128
78	76
78	11
78	108
78	45
78	22
78	100
78	12
78	63
78	23
78	39
78	79
78	107
78	124
78	24
78	117
78	92
78	122
79	69
79	127
79	20
79	27
79	112
79	98
79	108
79	11
79	59
79	12
79	39
79	70
79	30
79	54
79	96
79	116
79	118
79	84
79	42
79	6
79	94
79	22
79	3
79	71
79	80
79	97
79	124
79	81
79	105
79	66
79	91
79	76
79	101
79	57
79	113
79	56
79	107
79	31
79	63
79	49
79	95
79	117
79	1
79	8
79	125
79	65
79	16
79	2
79	78
79	115
79	130
79	28
79	46
79	110
79	77
79	119
79	13
79	123
79	89
79	75
79	83
79	60
79	99
79	102
79	47
79	36
79	103
79	51
79	52
79	64
79	15
79	34
79	53
79	62
79	86
79	120
80	22
80	112
80	39
80	36
80	113
80	31
80	54
80	89
80	59
80	79
80	53
80	98
80	12
80	114
80	69
80	116
80	55
80	45
80	70
80	20
80	91
80	1
80	130
80	60
80	127
80	94
80	42
80	16
80	11
80	107
80	27
80	100
80	23
80	109
80	108
80	64
80	2
80	129
80	61
80	28
80	13
80	115
80	9
80	29
80	26
80	52
80	77
80	128
80	34
80	63
80	76
80	86
80	14
80	57
81	90
81	27
81	127
81	114
81	24
81	98
81	53
81	120
81	113
81	91
81	78
81	1
81	80
81	94
81	107
81	11
81	59
81	69
81	39
81	106
81	63
81	29
81	89
81	31
81	12
81	36
81	77
81	130
81	70
81	23
81	105
81	112
81	13
81	103
81	76
81	19
81	87
81	49
81	111
81	60
81	96
81	116
81	115
81	110
81	66
81	5
81	57
81	108
81	74
81	54
81	41
81	86
81	118
81	117
81	55
81	20
81	16
81	3
81	93
81	43
81	65
81	14
81	52
81	34
81	18
81	83
81	28
81	119
81	99
81	75
81	101
81	124
81	56
82	27
82	107
82	43
82	127
82	116
82	11
82	59
82	93
82	53
82	113
82	40
82	98
82	46
82	6
82	128
82	42
82	112
82	109
82	70
82	110
82	104
82	69
82	65
82	86
82	96
82	44
82	79
82	25
82	94
82	9
82	16
82	5
82	36
82	39
82	35
82	14
82	45
82	1
82	119
82	77
82	64
82	78
82	56
82	83
82	108
82	15
82	66
82	30
82	63
82	62
82	8
82	111
82	12
82	117
82	68
82	100
82	95
82	105
82	87
82	60
82	74
82	125
83	59
83	6
83	69
83	60
83	27
83	128
83	110
83	116
83	98
83	86
83	90
83	127
83	63
83	112
83	53
83	107
83	109
83	36
83	21
83	70
83	77
83	30
83	16
83	57
83	113
83	8
83	101
83	54
83	17
83	78
83	52
83	97
83	80
83	65
83	43
83	102
83	5
83	55
83	118
83	39
83	19
83	12
83	35
83	20
83	11
83	66
83	25
83	95
83	88
83	100
83	75
83	93
83	81
83	120
83	94
83	40
83	85
83	79
83	31
83	123
83	124
83	111
83	125
83	82
83	129
83	41
83	87
83	46
83	15
83	22
83	114
83	89
83	45
83	49
83	96
83	76
83	67
83	104
83	130
83	14
83	122
83	92
83	68
83	108
83	74
83	37
83	121
83	64
83	106
83	13
83	33
83	62
83	47
83	50
83	71
83	4
83	51
83	103
83	119
83	42
83	32
83	23
83	9
83	99
83	56
83	58
83	28
83	91
83	73
83	84
83	48
83	29
83	7
83	105
83	3
83	34
83	1
83	24
84	69
84	45
84	110
84	66
84	122
84	3
84	51
84	112
84	95
84	123
84	107
84	20
84	27
84	127
84	26
84	30
84	117
84	31
84	92
84	79
84	63
84	54
84	55
84	11
84	59
84	53
84	113
84	36
84	118
84	82
84	90
84	98
84	87
84	12
84	115
84	77
84	39
84	50
84	22
84	35
84	23
84	109
84	70
84	105
84	103
84	89
84	49
84	8
84	17
84	68
84	116
84	16
84	62
84	130
84	91
84	71
84	15
84	28
84	58
84	19
84	34
84	4
84	2
84	124
84	18
85	59
85	69
85	101
85	20
85	113
85	45
85	62
85	52
85	58
85	27
85	63
85	108
85	57
85	41
85	100
85	39
85	79
85	6
85	11
85	66
85	94
85	98
85	16
85	107
85	78
85	86
85	90
85	110
85	70
85	19
85	22
85	97
85	21
85	60
85	127
85	75
85	118
85	50
85	35
85	111
85	115
85	81
85	56
85	112
85	76
85	124
85	8
85	44
85	96
85	51
85	23
85	30
85	2
85	121
85	61
85	77
85	89
85	116
85	17
85	9
85	68
85	43
85	93
85	64
85	82
85	83
85	129
85	54
85	12
85	95
85	53
85	102
86	11
86	20
86	58
86	66
86	69
86	76
86	122
86	48
86	53
86	65
86	12
86	90
86	8
86	56
86	97
86	116
86	63
86	129
86	36
86	85
86	27
86	1
86	59
86	106
86	67
86	125
86	99
86	127
86	81
86	94
86	91
86	22
86	98
86	39
86	41
86	16
86	23
86	112
86	70
86	40
86	113
86	6
86	83
86	79
86	119
86	107
86	118
86	77
86	30
86	128
86	50
86	46
86	130
86	126
86	21
86	74
86	78
86	96
86	108
86	80
86	64
86	123
86	17
86	111
86	124
86	44
86	45
86	35
86	19
86	25
86	75
86	103
86	68
86	60
86	110
86	15
86	57
86	87
86	93
86	18
86	82
86	55
86	100
86	24
86	101
86	31
87	69
87	68
87	39
87	99
87	91
87	104
87	70
87	116
87	59
87	1
87	47
87	27
87	20
87	130
87	98
87	127
87	113
87	66
87	73
87	88
87	128
87	96
87	65
87	35
87	124
87	108
87	86
87	77
87	11
87	42
87	12
87	56
87	54
87	60
87	103
87	102
87	31
87	30
87	36
87	18
87	15
87	97
87	74
88	124
88	127
88	117
88	109
88	3
88	12
88	69
88	18
88	66
88	54
88	39
88	45
88	20
88	29
88	113
88	27
88	63
88	70
88	98
88	77
88	30
88	16
88	80
88	95
88	52
88	31
88	112
88	22
88	94
88	4
88	36
88	116
88	59
88	87
88	51
88	65
88	89
88	67
88	110
88	107
88	111
88	79
88	76
88	108
88	53
88	26
88	103
88	130
88	62
88	99
88	8
88	17
88	100
88	123
88	1
88	25
88	11
88	60
88	37
88	102
88	21
88	92
88	85
88	56
88	19
88	68
88	96
88	93
88	105
88	86
88	83
88	97
88	57
88	75
88	40
88	106
88	13
88	6
88	23
88	2
88	15
88	90
88	125
88	42
88	58
88	81
89	77
89	58
89	53
89	107
89	23
89	82
89	5
89	69
89	90
89	71
89	46
89	101
89	119
89	83
89	112
89	11
89	67
89	27
89	98
89	127
89	3
89	70
89	61
89	109
89	25
89	128
89	59
89	21
89	17
89	45
89	94
89	2
89	66
89	115
89	81
89	8
89	113
89	108
89	15
89	9
89	56
89	38
89	79
89	102
89	74
89	63
89	121
89	106
89	104
89	72
89	68
89	12
89	36
89	116
89	97
89	73
89	114
89	50
89	43
89	20
89	14
89	32
89	99
89	60
89	78
89	35
89	7
89	80
89	91
89	44
89	88
89	122
89	103
89	1
89	33
89	111
89	37
89	24
90	116
90	98
90	66
90	122
90	97
90	93
90	94
90	69
90	113
90	43
90	21
90	19
90	103
90	118
90	46
90	27
90	67
90	25
90	40
90	70
90	107
90	71
90	127
90	63
90	60
90	45
90	4
90	16
90	11
90	119
90	39
90	59
90	23
90	79
90	22
90	12
90	18
90	112
90	95
90	35
90	42
90	31
90	102
90	83
90	86
90	62
90	54
90	101
90	20
90	120
90	84
90	75
90	55
90	50
90	128
90	100
90	123
90	81
90	110
90	111
90	124
90	30
90	87
90	36
90	58
90	64
90	52
90	89
90	53
90	10
90	41
90	114
90	77
90	56
90	1
90	96
90	44
90	76
90	15
90	24
90	5
90	3
90	88
90	65
90	32
90	37
90	72
90	126
90	130
90	92
90	78
90	99
90	33
90	106
90	121
90	108
90	82
90	2
90	14
90	105
90	85
90	68
90	38
90	6
90	91
90	28
90	57
90	51
90	104
90	47
90	117
90	125
90	80
90	34
90	49
90	48
90	13
90	129
90	29
90	115
90	74
90	8
90	109
91	80
91	69
91	22
91	54
91	66
91	60
91	59
91	113
91	103
91	45
91	39
91	2
91	36
91	27
91	116
91	118
91	3
91	112
91	30
91	107
91	58
91	63
91	95
91	86
91	16
91	96
91	98
91	31
91	24
91	123
91	6
91	65
91	129
91	127
91	62
91	119
91	110
91	49
91	21
91	57
91	94
91	53
91	100
91	81
91	76
91	83
91	26
91	11
91	77
91	20
91	17
91	125
91	12
91	70
91	87
91	84
91	97
91	56
91	124
91	85
91	64
91	51
91	79
91	7
91	52
91	50
91	1
91	130
91	33
91	111
91	55
91	10
91	68
91	71
91	75
91	41
91	108
91	90
91	89
91	78
91	99
91	121
91	28
91	46
91	105
91	19
91	13
91	128
91	44
91	14
91	117
91	73
91	8
91	23
91	93
91	101
91	114
91	34
91	4
92	45
92	111
92	51
92	69
92	50
92	53
92	11
92	62
92	100
92	35
92	127
92	77
92	110
92	36
92	94
92	101
92	27
92	105
92	90
92	71
92	117
92	52
92	60
92	118
92	40
92	65
92	113
92	3
92	79
92	54
92	112
92	70
92	12
92	98
92	59
92	78
92	33
92	26
92	44
92	107
92	125
92	13
92	25
92	28
92	81
92	96
92	14
92	128
92	56
92	122
92	116
92	16
92	68
92	74
93	128
93	110
93	83
93	106
93	69
93	95
93	105
93	112
93	119
93	36
93	116
93	84
93	59
93	46
93	80
93	23
93	33
93	66
93	12
93	113
93	27
93	68
93	38
93	120
93	104
93	8
93	74
93	11
93	48
93	60
93	102
93	41
93	117
93	72
93	32
93	22
93	17
93	53
93	71
93	15
93	101
93	24
93	107
93	77
93	65
93	20
93	29
93	14
93	25
93	109
93	78
93	121
93	19
93	76
93	63
93	58
93	94
93	98
93	125
93	123
93	86
93	127
93	81
93	75
93	49
93	124
94	53
94	110
94	100
94	106
94	64
94	71
94	107
94	90
94	69
94	20
94	36
94	80
94	7
94	118
94	95
94	127
94	11
94	97
94	66
94	108
94	40
94	99
94	12
94	52
94	27
94	109
94	68
94	19
94	17
94	112
94	128
94	84
94	45
94	6
94	15
94	31
94	85
94	67
94	21
94	35
94	43
94	29
94	23
94	79
94	96
94	59
94	30
94	98
94	63
94	14
94	113
94	93
94	114
94	130
94	22
94	8
94	102
94	122
94	9
94	55
94	70
94	83
94	104
94	16
94	50
94	48
94	56
94	39
94	46
94	111
94	81
95	110
95	36
95	65
95	9
95	46
95	69
95	77
95	27
95	120
95	115
95	107
95	53
95	11
95	71
95	16
95	67
95	105
95	121
95	8
95	79
95	59
95	98
95	14
95	83
95	106
95	66
95	61
95	78
95	39
95	55
95	116
95	44
95	81
95	130
95	126
95	80
95	128
95	97
95	62
95	20
95	7
95	33
95	112
95	37
95	72
95	108
95	127
95	124
95	109
95	49
95	125
95	32
95	63
95	85
95	119
95	91
95	70
95	41
95	90
95	89
95	129
95	82
95	113
95	45
95	17
95	12
95	2
95	99
95	1
95	4
95	86
95	54
95	68
95	117
95	21
95	38
95	31
95	114
95	18
95	15
95	74
95	94
95	42
96	27
96	63
96	38
96	69
96	113
96	130
96	87
96	104
96	59
96	30
96	127
96	97
96	54
96	102
96	91
96	39
96	23
96	115
96	68
96	123
96	66
96	85
96	78
96	45
96	11
96	70
96	35
96	12
96	1
96	53
96	108
96	112
96	20
96	47
96	73
96	65
96	111
96	83
96	81
96	79
96	71
96	124
96	75
96	6
96	107
96	15
96	36
96	74
96	62
96	42
96	98
96	28
96	106
96	116
96	76
97	39
97	127
97	69
97	36
97	1
97	128
97	13
97	35
97	98
97	124
97	27
97	94
97	116
97	6
97	54
97	79
97	59
97	63
97	130
97	117
97	113
97	62
97	20
97	11
97	66
97	122
97	16
97	5
97	100
97	41
97	102
97	111
97	83
97	12
97	89
97	18
97	70
97	25
97	73
97	120
97	91
97	99
97	112
97	45
97	10
97	60
97	2
97	30
97	78
97	15
97	64
97	118
97	77
97	24
97	34
97	56
97	29
97	103
97	65
97	22
97	106
98	36
98	85
98	59
98	65
98	105
98	95
98	43
98	7
98	16
98	53
98	77
98	78
98	46
98	106
98	110
98	41
98	97
98	112
98	83
98	27
98	30
98	67
98	40
98	71
98	100
98	63
98	62
98	60
98	68
98	74
98	23
98	129
98	90
98	119
98	8
98	93
98	69
98	32
98	115
98	33
98	11
98	39
98	9
98	12
98	42
98	52
98	73
98	80
98	121
98	130
98	70
98	128
98	127
98	116
98	31
98	54
98	66
98	113
98	22
98	64
98	17
98	124
98	120
98	84
98	1
98	38
98	123
98	19
98	58
98	107
98	15
98	10
98	117
98	88
98	50
98	89
98	109
98	122
98	75
98	86
98	55
98	104
98	49
98	24
98	76
98	87
98	82
98	14
98	5
98	56
98	125
98	91
98	44
98	13
98	26
98	96
98	20
98	72
98	101
98	102
98	18
98	37
98	114
98	45
98	126
98	99
98	111
98	108
98	92
98	79
98	4
98	61
98	28
98	47
98	48
98	29
98	57
98	94
98	6
98	35
98	51
98	21
98	25
98	103
98	34
98	81
99	98
99	103
99	39
99	113
99	60
99	69
99	11
99	18
99	83
99	116
99	85
99	63
99	13
99	65
99	94
99	62
99	127
99	56
99	45
99	80
99	59
99	70
99	100
99	36
99	66
99	49
99	55
99	107
99	77
99	16
99	120
99	17
99	25
99	27
99	8
99	54
99	30
99	112
99	89
99	51
99	90
99	110
99	111
99	43
99	119
99	12
99	71
99	124
99	123
99	57
99	64
99	28
99	86
99	6
99	79
99	2
99	96
99	31
99	22
99	105
99	40
99	10
99	117
99	3
99	106
99	92
99	67
99	33
100	126
100	119
100	98
100	59
100	1
100	12
100	69
100	33
100	39
100	16
100	94
100	104
100	27
100	107
100	42
100	63
100	108
100	15
100	102
100	70
100	83
100	76
100	48
100	46
100	112
100	38
100	11
100	78
100	113
100	91
100	127
100	68
100	23
100	92
100	30
100	53
100	116
100	49
100	75
100	44
100	129
100	55
100	74
100	22
100	110
100	20
100	56
100	130
100	41
100	66
100	31
100	24
100	124
100	45
100	71
100	37
100	7
100	25
100	114
100	67
100	77
100	122
100	97
100	79
100	85
100	123
100	28
100	36
100	19
100	65
100	90
100	105
100	103
100	81
100	4
100	21
101	63
101	16
101	12
101	27
101	59
101	46
101	69
101	30
101	11
101	127
101	94
101	102
101	56
101	44
101	83
101	90
101	112
101	81
101	108
101	22
101	19
101	125
101	42
101	98
101	76
101	54
101	29
101	5
101	41
101	15
101	8
101	70
101	39
101	103
101	113
101	35
101	26
101	20
101	107
101	17
101	49
101	130
101	71
101	74
101	36
101	89
101	124
101	38
101	78
101	50
101	122
101	96
101	23
101	60
101	116
101	99
101	97
101	111
101	80
101	33
101	66
101	87
101	92
101	115
101	24
101	68
101	88
101	106
102	96
102	127
102	92
102	11
102	59
102	39
102	116
102	49
102	83
102	107
102	118
102	98
102	12
102	69
102	50
102	63
102	45
102	27
102	8
102	17
102	16
102	124
102	108
102	4
102	66
102	111
102	25
102	70
102	79
102	55
102	77
102	123
102	76
102	60
102	89
102	20
102	112
102	33
102	22
102	75
102	56
102	53
102	80
102	109
102	90
102	64
102	113
102	19
102	117
102	110
102	35
102	34
103	69
103	91
103	99
103	12
103	110
103	83
103	39
103	130
103	47
103	18
103	59
103	66
103	6
103	89
103	63
103	26
103	25
103	88
103	98
103	113
103	71
103	77
103	86
103	57
103	123
103	53
103	81
103	108
103	127
103	64
103	2
103	94
103	54
103	41
103	60
103	29
103	11
103	27
103	124
103	78
103	105
103	116
103	62
103	112
103	28
103	68
103	31
103	48
103	34
103	107
103	106
103	3
103	65
103	30
103	42
103	22
103	70
103	74
103	7
103	90
103	129
103	36
103	117
103	10
104	63
104	113
104	69
104	10
104	112
104	3
104	27
104	115
104	61
104	54
104	127
104	96
104	59
104	31
104	98
104	45
104	16
104	39
104	6
104	20
104	94
104	11
104	77
104	116
104	44
104	128
104	111
104	51
104	71
104	8
104	53
104	26
104	67
104	83
104	12
104	13
104	80
104	66
104	89
104	97
104	35
104	41
104	56
104	81
104	30
104	90
104	107
104	95
104	70
104	101
104	60
104	79
104	103
104	82
104	65
104	62
104	124
104	36
104	87
104	50
104	40
104	75
104	22
104	122
104	23
104	21
104	93
104	76
104	110
104	42
104	28
104	118
104	86
104	78
104	52
104	88
104	18
105	90
105	82
105	128
105	43
105	12
105	95
105	27
105	112
105	40
105	69
105	8
105	80
105	83
105	107
105	93
105	23
105	100
105	98
105	5
105	22
105	50
105	16
105	52
105	127
105	11
105	59
105	17
105	44
105	64
105	79
105	74
105	53
105	129
105	49
105	68
105	9
105	67
105	125
105	57
105	63
105	30
105	19
105	72
105	130
105	102
105	42
105	101
105	116
105	21
105	4
105	15
105	108
105	36
105	70
105	54
105	39
105	25
105	45
105	97
105	20
105	99
105	87
105	119
105	66
105	56
105	120
105	88
105	113
105	55
105	76
105	1
105	78
105	124
105	35
105	81
105	24
105	111
105	123
105	18
106	113
106	26
106	10
106	54
106	8
106	121
106	3
106	94
106	60
106	90
106	97
106	112
106	28
106	50
106	31
106	107
106	29
106	51
106	58
106	40
106	116
106	69
106	71
106	53
106	11
106	117
106	96
106	79
106	63
106	89
106	59
106	23
106	12
106	17
106	100
106	15
106	118
106	103
106	67
106	115
106	101
106	27
106	56
106	2
106	16
106	127
106	66
106	109
106	1
106	93
106	129
106	98
106	35
106	61
106	111
106	38
106	39
106	36
106	30
106	5
106	20
106	92
106	110
106	70
106	45
106	75
106	13
106	108
106	64
106	130
106	21
106	124
106	46
106	34
106	122
106	123
106	49
106	95
107	113
107	51
107	39
107	62
107	57
107	90
107	27
107	6
107	117
107	97
107	59
107	69
107	3
107	50
107	96
107	30
107	110
107	45
107	11
107	10
107	94
107	49
107	98
107	95
107	112
107	127
107	12
107	5
107	60
107	31
107	54
107	105
107	79
107	29
107	119
107	100
107	16
107	108
107	77
107	17
107	66
107	67
107	64
107	93
107	22
107	118
107	70
107	83
107	128
107	58
107	63
107	26
107	102
107	111
107	115
107	65
107	20
107	44
107	101
107	52
107	84
107	71
107	7
107	125
107	86
107	81
107	103
107	80
107	36
107	53
107	124
107	78
107	25
107	2
107	8
107	35
107	89
107	130
107	82
107	41
107	122
107	21
107	40
107	43
107	46
107	75
107	1
107	87
107	15
107	120
107	56
107	92
107	76
107	68
107	114
107	28
107	32
107	72
107	116
107	37
107	121
107	19
107	23
107	106
107	42
107	109
107	85
107	14
107	13
107	48
107	123
107	24
107	91
107	104
107	126
107	55
107	34
107	4
107	99
107	33
107	9
107	74
108	38
108	87
108	53
108	68
108	121
108	97
108	74
108	61
108	9
108	83
108	69
108	116
108	63
108	59
108	23
108	109
108	15
108	107
108	115
108	66
108	89
108	11
108	16
108	36
108	124
108	41
108	12
108	129
108	94
108	98
108	127
108	6
108	128
108	35
108	39
108	27
108	104
108	32
108	72
108	88
108	73
108	70
108	78
108	54
108	113
108	130
108	125
108	51
108	46
108	112
108	81
108	47
108	85
108	44
108	91
108	71
108	24
108	75
108	126
108	123
108	52
108	62
108	96
108	30
108	28
108	20
108	67
108	18
109	69
109	46
109	70
109	39
109	66
109	1
109	110
109	95
109	103
109	127
109	27
109	107
109	30
109	111
109	98
109	90
109	45
109	62
109	16
109	11
109	12
109	63
109	118
109	43
109	59
109	96
109	94
109	36
109	22
109	35
109	77
109	113
109	106
109	79
109	17
109	124
109	108
109	40
109	116
109	83
109	112
109	23
109	115
109	50
109	44
109	8
109	130
109	49
109	117
109	92
109	5
109	20
109	89
109	120
109	97
109	48
109	100
109	56
109	82
109	13
109	53
109	60
109	64
109	71
109	28
109	52
109	80
109	54
109	128
109	41
109	86
109	3
109	7
109	105
110	60
110	51
110	127
110	113
110	19
110	128
110	43
110	39
110	9
110	94
110	82
110	118
110	107
110	63
110	27
110	87
110	29
110	16
110	59
110	1
110	5
110	98
110	83
110	112
110	80
110	123
110	3
110	71
110	8
110	26
110	109
110	90
110	117
110	67
110	79
110	54
110	69
110	108
110	95
110	31
110	40
110	129
110	21
110	70
110	11
110	53
110	100
110	102
110	12
110	30
110	52
110	99
110	44
110	36
110	114
110	17
110	15
110	68
110	23
110	66
110	46
110	55
110	41
110	35
110	124
110	84
110	49
110	45
110	78
110	22
110	93
110	121
110	96
110	10
110	32
110	20
110	122
110	120
110	64
110	50
110	4
110	14
110	116
110	130
110	58
110	77
110	88
110	56
110	65
110	101
110	111
110	72
110	7
110	76
110	28
110	75
110	105
110	25
110	119
110	37
110	97
110	24
110	81
110	42
110	103
110	91
111	127
111	27
111	69
111	56
111	116
111	70
111	12
111	108
111	98
111	59
111	118
111	66
111	53
111	96
111	123
111	1
111	11
111	113
111	30
111	112
111	20
111	76
111	40
111	94
111	89
111	13
111	51
111	39
111	52
111	14
111	19
112	85
112	113
112	53
112	121
112	69
112	109
112	9
112	119
112	107
112	59
112	129
112	98
112	27
112	130
112	66
112	61
112	63
112	26
112	11
112	74
112	36
112	15
112	99
112	104
112	16
112	84
112	83
112	128
112	6
112	78
112	71
112	12
112	124
112	42
112	23
112	70
112	17
112	68
112	44
112	55
112	14
112	41
112	96
112	58
112	127
112	87
112	30
112	49
112	100
112	116
112	40
112	95
112	1
112	97
112	117
112	39
112	32
112	19
112	46
112	72
112	33
112	120
112	29
112	106
112	8
112	92
112	31
112	18
112	56
112	22
112	43
112	77
112	126
112	81
112	86
112	67
112	118
112	89
112	47
112	20
112	76
112	38
112	28
112	125
112	73
112	91
112	110
112	3
112	75
112	80
112	79
112	62
112	54
112	52
112	90
112	65
112	123
112	114
112	105
112	103
113	127
113	65
113	53
113	8
113	27
113	112
113	70
113	126
113	71
113	106
113	12
113	59
113	110
113	33
113	17
113	11
113	90
113	119
113	82
113	44
113	116
113	22
113	85
113	36
113	23
113	97
113	42
113	1
113	54
113	98
113	20
113	41
113	30
113	39
113	77
113	16
113	69
113	129
113	48
113	56
113	83
113	57
113	31
113	32
113	62
113	128
113	68
113	74
113	35
113	73
113	63
113	7
113	55
113	18
113	66
113	78
113	105
113	25
113	67
113	14
113	26
113	94
113	88
113	58
113	76
113	104
113	130
113	79
113	84
113	87
113	123
113	107
113	89
113	45
113	122
113	64
113	108
113	15
113	81
113	38
113	43
113	114
113	10
113	46
113	19
113	2
113	6
113	5
113	92
113	99
113	13
113	96
113	86
113	80
113	125
113	75
113	60
113	3
113	9
113	103
113	37
113	102
113	100
113	24
113	40
113	117
113	21
113	72
113	124
113	101
113	111
113	91
113	95
113	118
113	109
113	52
113	28
113	121
113	93
113	115
113	50
113	120
113	61
113	49
113	29
113	51
113	34
113	4
114	11
114	39
114	26
114	69
114	29
114	27
114	54
114	98
114	94
114	30
114	107
114	89
114	113
114	101
114	12
114	76
114	81
114	75
114	47
114	44
114	70
114	52
114	16
114	1
114	126
114	112
114	59
114	20
114	2
114	60
114	22
114	127
114	79
114	96
114	33
114	124
114	117
114	35
114	56
114	14
114	53
114	125
114	108
114	31
114	13
114	21
114	78
114	110
114	121
114	63
114	115
114	43
114	99
114	38
114	19
114	58
114	120
114	51
114	36
114	17
114	3
114	4
114	66
114	28
114	80
114	55
114	5
114	128
114	34
114	77
114	123
114	111
115	70
115	97
115	60
115	63
115	111
115	98
115	69
115	27
115	66
115	67
115	99
115	16
115	79
115	127
115	112
115	50
115	95
115	96
115	40
115	36
115	107
115	113
115	30
115	94
115	78
115	12
115	62
115	53
115	119
115	54
115	9
115	118
115	124
115	17
115	20
115	4
115	59
115	90
115	87
115	76
115	116
115	39
115	11
115	14
115	108
115	8
115	110
115	77
115	22
115	109
115	92
115	88
115	24
115	41
115	80
115	121
115	65
115	21
115	89
115	105
115	125
115	61
115	47
115	74
115	31
115	130
115	75
115	103
115	55
115	122
115	28
115	81
115	123
115	49
115	106
115	104
115	120
115	51
115	52
115	45
115	91
116	20
116	98
116	69
116	1
116	30
116	97
116	121
116	129
116	59
116	53
116	74
116	95
116	12
116	36
116	107
116	63
116	113
116	112
116	42
116	7
116	61
116	39
116	94
116	106
116	127
116	15
116	9
116	111
116	125
116	78
116	85
116	24
116	27
116	109
116	66
116	23
116	55
116	128
116	70
116	73
116	35
116	120
116	80
116	124
116	108
116	71
116	40
116	72
116	60
116	102
116	32
116	54
116	83
116	16
116	79
116	22
116	130
116	104
116	123
116	76
116	119
116	91
116	99
116	21
116	11
116	88
116	14
116	41
116	58
116	46
116	3
116	65
116	33
116	77
116	103
116	47
116	126
116	51
116	62
116	52
116	18
116	81
116	31
116	101
116	105
116	49
116	25
117	127
117	69
117	114
117	12
117	77
117	98
117	27
117	107
117	59
117	30
117	53
117	116
117	46
117	20
117	66
117	118
117	111
117	108
117	63
117	16
117	122
117	119
117	110
117	11
117	39
117	8
117	79
117	90
117	68
117	45
117	3
117	106
117	32
117	80
117	18
117	72
117	71
117	95
117	37
117	67
117	88
117	55
117	23
117	73
117	104
117	7
117	97
117	92
117	62
117	10
117	54
117	74
117	60
117	35
117	128
117	96
117	112
117	31
117	78
117	113
117	70
117	36
117	17
117	14
118	63
118	127
118	52
118	70
118	12
118	107
118	27
118	79
118	98
118	108
118	59
118	11
118	111
118	69
118	95
118	20
118	94
118	96
118	56
118	54
118	45
118	80
118	22
118	39
118	71
118	35
118	49
118	66
118	115
118	116
118	122
118	2
118	1
118	30
118	113
118	72
118	110
118	97
118	112
118	50
118	124
118	62
118	57
118	78
118	43
118	119
118	64
118	36
118	53
118	77
118	83
118	40
118	100
118	58
118	104
118	103
118	81
118	130
118	86
118	31
118	4
118	8
118	51
118	3
118	10
118	101
119	3
119	31
119	69
119	39
119	120
119	91
119	110
119	26
119	11
119	117
119	89
119	112
119	54
119	113
119	98
119	60
119	16
119	126
119	2
119	53
119	36
119	79
119	5
119	29
119	70
119	30
119	42
119	107
119	100
119	27
119	127
119	80
119	63
119	83
119	130
119	17
119	124
119	77
119	59
119	33
119	14
119	71
119	15
119	46
119	66
119	49
119	96
119	25
119	123
119	108
119	20
119	12
119	23
119	116
119	121
119	90
119	8
119	68
119	55
119	48
119	115
119	105
119	13
119	9
119	78
119	18
119	37
119	75
119	101
119	92
119	95
119	87
119	67
119	28
119	128
119	94
119	57
119	65
119	50
119	4
119	7
119	34
119	85
119	104
119	74
119	99
119	19
119	103
119	81
119	88
119	82
119	118
120	94
120	53
120	89
120	6
120	113
120	1
120	39
120	96
120	22
120	59
120	36
120	110
120	116
120	127
120	11
120	77
120	71
120	3
120	68
120	60
120	83
120	13
120	65
120	106
120	128
120	119
120	32
120	115
120	54
120	56
120	105
120	121
120	104
120	19
120	57
120	107
120	46
120	79
120	27
120	64
120	41
120	12
120	52
120	108
120	10
120	37
120	49
120	129
120	98
120	16
120	93
120	72
120	85
120	34
120	35
120	80
120	43
120	28
120	112
120	2
120	18
120	74
120	44
120	23
120	15
120	70
121	30
121	71
121	69
121	106
121	103
121	40
121	53
121	98
121	75
121	28
121	96
121	89
121	107
121	95
121	14
121	8
121	90
121	33
121	50
121	59
121	66
121	63
121	70
121	27
121	60
121	112
121	64
121	77
121	20
121	1
121	124
121	127
121	11
121	123
121	110
121	19
121	100
121	37
121	117
121	105
121	82
121	86
121	17
121	25
121	111
121	48
121	97
121	113
121	12
121	79
121	120
121	43
121	52
121	118
121	36
121	57
121	7
121	116
121	35
121	80
121	39
121	45
121	22
121	108
121	31
121	67
121	3
121	78
121	99
121	83
121	122
121	65
121	16
121	58
121	119
121	46
121	85
121	81
121	104
121	115
121	21
121	29
121	49
121	68
121	125
121	76
121	51
121	128
121	15
121	55
121	5
121	94
121	54
121	13
121	34
121	101
121	32
121	2
121	56
122	101
122	127
122	65
122	107
122	69
122	112
122	59
122	27
122	87
122	97
122	98
122	108
122	22
122	30
122	80
122	70
122	1
122	20
122	77
122	125
122	39
122	96
122	76
122	63
122	73
122	62
122	53
122	92
122	11
122	124
122	44
122	12
122	116
122	111
122	14
122	43
122	113
122	89
122	6
122	104
122	66
122	64
122	86
122	28
122	50
122	71
122	79
122	35
122	16
122	31
122	118
123	112
123	31
123	94
123	104
123	62
123	86
123	98
123	119
123	113
123	59
123	26
123	66
123	107
123	36
123	93
123	92
123	11
123	106
123	100
123	43
123	6
123	60
123	49
123	102
123	8
123	129
123	40
123	27
123	110
123	64
123	76
123	88
123	57
123	30
123	89
123	90
123	3
123	61
123	65
123	19
123	51
123	116
123	77
123	124
123	44
123	68
123	54
123	24
123	10
123	53
123	63
123	128
123	82
123	115
123	39
123	32
123	23
123	108
123	127
123	69
123	99
123	70
123	121
123	12
123	83
123	103
123	22
123	55
123	91
123	29
123	5
123	85
123	122
123	81
123	126
123	42
123	34
123	130
123	7
123	9
123	20
123	56
123	125
123	71
123	74
123	15
123	105
123	79
123	118
123	80
123	14
123	111
124	69
124	65
124	91
124	27
124	114
124	94
124	62
124	54
124	70
124	59
124	113
124	98
124	60
124	12
124	11
124	81
124	112
124	89
124	57
124	26
124	108
124	125
124	10
124	2
124	14
124	36
124	117
124	51
124	31
124	53
124	19
124	34
124	123
124	107
125	86
125	130
125	39
125	122
125	65
125	97
125	41
125	6
125	76
125	127
125	83
125	35
125	20
125	12
125	107
125	112
125	5
125	59
125	103
125	69
125	40
125	62
125	91
125	124
125	73
125	98
125	7
125	64
125	19
125	27
125	80
125	56
125	43
125	99
125	70
125	116
125	52
125	14
125	110
125	50
125	79
125	95
125	105
125	108
125	21
125	30
125	18
125	22
125	58
125	57
126	119
126	89
126	39
126	118
126	69
126	117
126	100
126	113
126	115
126	30
126	51
126	64
126	13
126	124
126	81
126	59
126	11
126	104
126	63
126	94
126	45
126	75
126	110
126	27
126	98
126	66
126	5
126	114
126	60
126	9
126	107
126	17
126	79
126	116
126	8
126	58
126	83
126	122
126	31
126	96
126	105
126	40
126	70
126	127
126	12
126	108
126	90
126	48
126	72
126	120
126	101
126	3
126	29
126	112
126	76
126	22
126	71
126	99
126	43
126	26
126	49
126	84
126	53
126	77
126	20
126	23
126	80
126	56
126	35
126	102
126	14
126	65
126	54
126	37
126	34
126	52
126	125
126	61
127	98
127	99
127	30
127	39
127	88
127	130
127	69
127	91
127	42
127	59
127	18
127	47
127	76
127	27
127	48
127	113
127	107
127	106
127	77
127	36
127	73
127	112
127	55
127	53
127	54
127	70
127	124
127	84
127	94
127	52
127	86
127	12
127	11
127	96
127	66
127	97
127	63
127	56
127	65
127	89
127	116
127	45
127	75
127	31
127	105
127	62
127	16
127	125
127	83
127	3
127	8
127	120
127	81
127	25
127	79
127	87
127	68
127	74
127	114
127	123
127	22
127	72
127	13
127	41
127	128
127	101
127	80
127	29
127	71
127	119
127	20
127	110
127	7
127	118
127	100
127	5
127	117
127	78
127	28
127	4
127	6
127	64
127	85
127	1
127	51
127	60
127	43
127	103
127	49
127	24
128	113
128	86
128	54
128	27
128	60
128	69
128	62
128	39
128	43
128	63
128	127
128	59
128	10
128	107
128	108
128	41
128	65
128	94
128	98
128	2
128	11
128	30
128	90
128	35
128	6
128	110
128	100
128	49
128	116
128	70
128	1
128	9
128	13
128	89
128	112
128	57
128	53
128	130
128	74
128	45
128	125
128	36
128	22
128	12
128	31
128	37
128	102
128	64
128	29
128	82
128	16
128	18
128	119
128	50
128	87
128	77
128	81
128	55
128	80
128	20
128	17
128	83
128	66
128	28
128	68
128	26
128	96
128	129
128	117
128	76
128	34
128	97
128	123
128	52
128	3
128	5
128	103
128	15
128	101
128	105
128	42
128	79
128	78
128	121
128	120
129	30
129	69
129	45
129	39
129	110
129	19
129	54
129	123
129	68
129	86
129	98
129	6
129	79
129	63
129	59
129	112
129	70
129	27
129	66
129	100
129	113
129	35
129	12
129	22
129	8
129	124
129	127
129	56
129	5
129	57
129	16
129	15
129	93
129	75
129	77
129	87
129	50
129	11
129	64
129	17
129	62
129	49
129	67
129	90
129	96
129	4
129	101
129	107
129	115
129	20
129	116
129	46
129	40
129	94
129	9
129	60
129	52
129	111
129	58
129	89
129	103
129	122
129	118
129	109
129	25
129	65
129	61
129	108
130	54
130	69
130	12
130	26
130	90
130	60
130	22
130	11
130	118
130	116
130	51
130	53
130	127
130	30
130	10
130	27
130	3
130	94
130	20
130	66
130	62
130	98
130	107
130	125
130	112
130	2
130	39
130	59
130	106
130	31
130	1
130	117
130	45
130	63
130	78
130	113
130	64
130	61
130	16
130	8
130	14
130	84
130	97
130	81
130	40
130	58
130	120
130	100
130	96
130	83
130	6
130	111
130	103
130	23
130	65
130	52
130	89
130	36
130	124
130	68
130	56
130	19
130	44
130	129
130	70
130	86
130	110
130	85
130	50
130	25
130	41
130	72
130	80
130	123
130	114
130	108
130	67
130	91
130	77
130	92
130	4
130	28
130	17
130	76
130	21
130	104
130	87
130	49
130	121
130	57
130	115
130	95
130	75
130	29
130	35
130	46
130	7
130	13
130	24
130	33
130	79
130	71
130	5
130	34
130	105
130	99
130	18
130	101
130	128
130	119
