1	87
1	50
1	38
1	22
1	30
1	48
1	20
1	150
1	85
1	147
1	75
1	64
1	69
1	103
1	151
1	107
1	91
1	51
1	163
1	62
1	31
1	43
1	88
1	93
1	3
1	134
1	132
1	90
1	86
1	33
1	127
1	148
1	115
1	82
1	154
1	159
1	119
1	18
1	37
1	156
1	42
1	96
1	29
1	135
1	25
1	61
1	46
1	121
1	79
1	78
1	67
1	94
1	106
1	5
1	113
1	98
1	149
1	34
1	95
1	73
1	45
1	83
1	11
1	157
1	136
1	152
1	110
1	32
1	27
1	141
1	104
1	57
1	68
1	97
1	10
1	12
1	21
1	99
1	137
1	53
1	144
1	15
1	116
1	125
1	7
1	17
1	39
2	124
2	93
2	51
2	108
2	66
2	38
2	103
2	99
2	117
2	68
2	28
2	147
2	35
2	85
2	127
2	57
2	3
2	150
2	105
2	163
2	1
2	26
2	132
2	54
2	44
2	4
2	50
2	55
2	49
2	32
2	6
2	119
2	122
2	136
2	76
2	8
2	155
2	71
2	69
2	77
2	20
2	131
2	34
2	39
2	10
2	62
2	79
2	42
2	41
2	120
2	78
2	106
2	72
2	82
2	112
2	18
2	97
2	59
2	159
2	73
2	121
2	144
2	115
2	149
2	75
2	52
2	161
2	140
2	53
2	22
2	123
2	58
2	45
2	30
2	48
2	156
2	11
2	31
2	87
2	95
3	37
3	60
3	146
3	8
3	117
3	27
3	85
3	80
3	142
3	26
3	107
3	76
3	93
3	20
3	23
3	7
3	82
3	136
3	38
3	30
3	51
3	147
3	127
3	10
3	72
3	126
3	64
3	66
3	31
3	81
3	106
3	46
3	42
3	157
3	34
3	59
3	124
3	55
3	94
3	149
3	101
3	67
3	1
3	4
3	121
3	150
3	70
3	132
3	108
3	16
3	15
3	87
3	118
3	48
3	141
3	41
3	13
3	140
3	103
3	5
3	116
3	156
3	120
3	45
4	69
4	51
4	127
4	64
4	114
4	147
4	78
4	48
4	23
4	134
4	16
4	42
4	135
4	158
4	136
4	129
4	34
4	152
4	130
4	58
4	24
4	91
4	149
4	2
4	116
4	31
4	83
4	121
4	15
4	96
4	27
4	157
4	45
4	97
4	131
4	63
4	62
4	41
4	85
4	112
4	46
4	52
4	26
4	108
4	13
4	5
4	10
4	106
4	73
4	160
4	137
4	79
4	161
4	33
4	47
4	30
4	67
4	37
4	132
4	11
4	115
4	163
4	92
4	86
4	104
4	21
4	103
4	113
4	95
4	153
4	6
4	81
4	142
4	61
4	55
4	144
4	94
4	17
4	151
4	59
4	155
4	90
4	101
4	25
4	40
4	139
4	98
4	118
4	141
4	156
4	100
4	120
4	50
4	119
4	110
4	38
4	150
4	93
4	154
4	57
4	36
4	76
4	123
4	143
4	19
4	111
4	125
4	148
4	9
4	53
4	35
4	7
5	42
5	51
5	103
5	11
5	66
5	163
5	44
5	22
5	4
5	150
5	60
5	95
5	108
5	110
5	147
5	159
5	23
5	127
5	27
5	29
5	59
5	99
5	20
5	49
5	125
5	8
5	50
5	1
5	13
5	39
5	96
5	85
5	38
5	26
5	117
5	151
5	3
5	76
5	31
5	32
5	105
5	82
5	126
5	121
5	71
5	46
5	41
5	77
5	93
5	48
5	132
5	113
5	54
5	88
5	115
5	124
5	25
5	161
5	142
5	104
5	69
5	37
5	28
5	154
5	137
5	40
5	18
5	64
5	141
5	140
5	61
5	55
5	87
5	34
5	120
5	10
5	6
5	101
5	30
5	112
5	35
5	72
5	2
5	149
5	152
5	118
5	146
5	43
5	129
5	78
5	97
5	14
5	106
5	148
5	156
5	116
5	58
5	155
5	24
5	70
5	67
5	52
5	139
5	79
5	74
5	80
5	73
5	162
5	63
5	16
5	21
5	157
5	45
5	158
5	90
5	136
5	94
5	83
5	62
5	144
5	100
5	86
5	33
5	131
5	123
5	135
5	114
6	93
6	30
6	48
6	51
6	46
6	26
6	27
6	101
6	103
6	149
6	67
6	21
6	42
6	132
6	108
6	135
6	118
6	121
6	116
6	5
6	18
6	55
6	58
6	85
6	73
6	126
6	2
6	77
6	127
6	106
6	64
6	78
6	38
6	44
6	49
6	163
6	29
6	54
6	79
6	4
6	56
6	34
6	150
6	25
6	82
6	110
6	84
6	147
6	99
6	3
6	57
6	90
6	88
6	80
6	35
6	13
6	86
6	53
6	23
6	69
6	124
6	1
6	83
6	119
6	37
6	136
6	122
6	91
6	40
6	155
6	8
6	120
6	66
6	112
6	96
6	94
6	131
6	16
6	146
6	105
6	151
6	117
6	11
6	100
6	97
6	47
6	50
6	157
6	76
6	32
6	140
6	68
6	141
6	31
6	72
6	70
6	63
6	7
6	62
6	148
6	123
6	107
6	20
6	41
6	60
6	156
6	142
6	28
6	95
6	74
6	130
6	45
6	115
7	102
7	98
7	63
7	89
7	150
7	33
7	29
7	154
7	84
7	31
7	16
7	30
7	64
7	132
7	106
7	162
7	51
7	163
7	87
7	66
7	147
7	5
7	56
7	137
7	140
7	85
7	116
7	149
7	67
7	50
7	121
7	130
7	26
7	18
7	129
7	10
7	126
7	99
7	4
7	157
7	82
7	59
7	42
7	117
7	124
7	48
7	101
7	3
7	32
7	37
7	46
8	47
8	121
8	136
8	102
8	59
8	111
8	112
8	34
8	145
8	26
8	63
8	3
8	10
8	48
8	85
8	132
8	51
8	42
8	33
8	149
8	147
8	31
8	116
8	127
8	161
8	150
8	38
8	35
8	106
8	30
8	93
8	80
8	24
8	78
8	91
8	21
8	146
8	40
8	27
8	22
8	54
8	45
8	131
8	98
8	163
8	141
8	79
8	2
8	73
8	144
8	55
8	103
8	158
8	41
8	46
9	151
9	4
9	51
9	30
9	97
9	77
9	18
9	154
9	31
9	123
9	98
9	86
9	67
9	11
9	119
9	132
9	146
9	106
9	159
9	74
9	48
9	130
9	73
9	26
9	80
9	150
9	120
9	135
9	85
9	5
9	42
9	156
9	23
9	37
9	147
9	27
9	28
9	49
9	46
9	2
9	66
9	125
9	144
9	163
9	79
9	88
9	99
9	103
9	127
9	148
9	149
9	142
9	64
9	126
9	15
9	70
9	78
9	29
9	45
9	108
9	87
9	100
9	13
9	84
10	114
10	139
10	134
10	151
10	154
10	158
10	128
10	98
10	95
10	33
10	152
10	65
10	81
10	125
10	116
10	130
10	30
10	55
10	126
10	14
10	108
10	145
10	21
10	99
10	31
10	138
10	15
10	4
10	66
10	67
10	48
10	72
10	5
10	57
10	84
10	144
10	9
10	106
10	90
10	7
11	51
11	1
11	28
11	95
11	3
11	93
11	80
11	44
11	26
11	71
11	38
11	91
11	105
11	159
11	77
11	68
11	119
11	49
11	103
11	78
11	94
11	52
11	75
11	108
11	18
11	88
11	115
11	99
11	53
11	118
11	82
11	150
11	66
11	31
11	134
11	147
11	156
11	25
11	54
11	72
11	34
11	163
11	87
11	132
11	131
11	100
11	142
11	136
11	4
11	97
11	117
11	127
11	140
11	126
11	121
11	124
11	50
11	64
11	161
11	42
11	73
11	13
11	16
11	23
11	55
11	57
11	60
11	41
11	46
11	22
11	32
11	59
11	21
11	69
11	155
11	122
11	76
11	24
11	98
11	45
11	104
11	48
11	8
11	112
11	85
11	116
11	20
11	157
11	154
11	79
11	30
11	146
11	120
11	33
11	129
11	151
11	36
11	123
11	27
11	70
11	110
12	30
12	95
12	27
12	106
12	51
12	80
12	31
12	44
12	140
12	38
12	78
12	132
12	126
12	79
12	26
12	150
12	67
12	159
12	5
12	69
12	4
12	87
12	121
12	2
12	86
12	46
12	99
12	142
12	136
12	98
12	88
12	116
12	70
12	108
12	163
12	62
12	66
12	42
12	11
12	92
12	50
12	147
12	13
12	15
12	157
12	16
12	131
12	1
12	94
12	101
12	104
12	35
12	76
12	97
12	127
12	18
12	29
12	120
12	123
12	3
12	25
12	85
12	10
12	77
12	60
12	115
12	105
12	56
12	49
12	93
12	89
12	53
12	114
12	156
12	48
12	72
12	45
12	20
13	106
13	126
13	50
13	3
13	1
13	136
13	150
13	78
13	103
13	4
13	85
13	48
13	42
13	159
13	93
13	5
13	132
13	80
13	60
13	30
13	20
13	74
13	130
13	76
13	37
13	31
13	163
13	18
13	109
13	135
13	96
13	70
13	111
13	118
13	123
13	147
13	26
13	108
13	82
13	77
13	120
13	156
13	51
13	29
13	38
13	49
14	22
14	108
14	99
14	50
14	150
14	103
14	1
14	159
14	60
14	27
14	26
14	124
14	54
14	3
14	105
14	4
14	51
14	117
14	127
14	147
14	87
14	44
14	7
14	31
14	80
14	76
14	8
14	20
14	140
14	49
14	153
14	121
14	93
14	126
14	88
14	113
14	90
14	155
14	92
14	53
14	40
14	142
14	151
14	34
14	144
14	81
14	37
14	95
14	48
14	18
14	109
14	82
14	28
14	24
14	74
14	66
14	120
14	100
14	139
14	62
14	64
14	129
14	29
14	125
14	98
14	72
14	38
14	5
14	42
14	55
14	132
14	9
14	23
14	91
14	110
14	30
14	158
15	19
15	143
15	33
15	109
15	92
15	14
15	132
15	133
15	160
15	116
15	150
15	158
15	106
15	35
15	20
15	147
15	42
15	30
15	7
15	10
15	31
15	45
15	49
16	110
16	57
16	62
16	34
16	31
16	93
16	136
16	10
16	17
16	30
16	113
16	29
16	50
16	3
16	142
16	4
16	148
16	132
16	150
16	106
16	124
16	146
16	163
16	85
16	161
17	85
17	48
17	106
17	30
17	1
17	37
17	132
17	150
17	136
17	60
17	4
17	147
17	73
17	103
17	5
17	64
17	8
17	58
17	51
17	108
17	38
17	26
17	78
17	44
17	15
17	157
17	126
17	31
17	46
17	49
17	121
17	154
17	88
17	34
17	149
17	100
17	23
17	142
17	67
17	90
17	163
17	16
17	42
17	84
17	7
17	86
17	116
17	21
17	3
17	117
17	119
17	95
17	130
17	10
17	127
17	105
17	120
17	35
17	77
17	79
17	93
17	80
17	96
17	94
17	47
17	45
17	50
17	101
17	66
17	87
17	160
17	104
17	92
17	159
17	99
17	131
17	91
17	25
17	18
17	71
17	29
17	135
17	76
17	144
17	70
17	41
17	140
17	115
17	156
17	11
17	97
17	148
17	123
17	13
17	9
18	26
18	37
18	66
18	93
18	126
18	117
18	140
18	4
18	76
18	142
18	30
18	132
18	25
18	29
18	80
18	106
18	46
18	136
18	124
18	83
18	51
18	163
18	86
18	48
18	27
18	85
18	31
18	78
18	16
18	72
18	38
18	150
18	5
18	58
18	127
18	147
18	120
18	8
18	41
18	40
18	23
18	73
18	161
18	115
18	79
18	105
18	3
18	113
18	20
18	34
18	70
18	42
18	69
18	104
18	22
18	21
18	137
18	77
18	10
18	11
18	130
18	118
18	121
18	96
18	45
18	67
18	156
18	146
18	97
18	64
18	116
18	89
19	117
19	30
19	79
19	11
19	127
19	4
19	5
19	93
19	101
19	132
19	130
19	110
19	48
19	108
19	80
19	26
19	74
19	8
19	42
19	120
19	150
19	46
19	106
19	140
19	2
19	148
19	51
19	67
19	103
19	44
19	43
19	82
19	86
19	137
19	34
19	31
19	10
19	126
19	147
19	62
19	28
19	159
19	142
19	15
19	136
19	99
19	38
19	85
19	77
19	60
19	1
19	94
19	56
19	157
19	55
19	100
19	17
19	73
19	87
19	83
19	163
19	7
19	66
19	146
19	3
19	78
19	20
19	72
19	149
19	29
19	24
19	84
19	154
19	97
19	105
19	144
19	64
19	88
19	16
19	69
19	118
19	21
19	129
19	116
19	27
19	13
19	95
20	135
20	47
20	48
20	111
20	112
20	42
20	61
20	136
20	147
20	23
20	51
20	132
20	56
20	141
20	24
20	148
20	1
20	30
20	113
20	85
20	127
20	107
20	115
20	121
20	144
20	93
20	163
20	38
20	78
20	145
20	33
20	13
20	79
20	34
20	77
20	67
20	66
20	100
20	154
20	104
20	45
20	149
20	118
20	31
20	29
20	62
20	96
20	5
21	19
21	109
21	2
21	116
21	92
21	14
21	133
21	143
21	33
21	35
21	15
21	158
21	10
21	160
21	31
21	132
21	127
21	30
21	7
21	163
21	67
21	51
21	86
21	150
21	42
21	36
21	147
22	30
22	51
22	42
22	34
22	62
22	1
22	152
22	102
22	112
22	132
22	162
22	7
22	31
22	140
22	92
22	79
22	156
22	151
22	48
22	107
22	136
22	90
22	122
22	95
22	127
22	135
22	147
22	149
22	17
22	38
22	3
22	85
22	146
22	78
22	47
22	24
22	157
22	154
22	158
22	120
22	12
22	159
22	41
22	57
22	118
22	116
22	5
22	61
22	141
22	21
22	123
22	64
22	98
22	67
22	84
22	89
22	115
22	46
22	86
22	150
23	39
23	147
23	93
23	75
23	110
23	95
23	31
23	33
23	38
23	49
23	77
23	133
23	34
23	6
23	51
23	127
23	3
23	30
23	55
23	28
23	57
23	102
23	63
23	32
23	105
23	89
23	97
23	9
24	111
24	23
24	31
24	96
24	30
24	116
24	41
24	51
24	160
24	121
24	5
24	42
24	147
24	136
24	127
24	106
24	132
24	150
24	131
24	142
24	85
24	97
24	34
24	33
24	120
24	144
24	93
24	21
24	38
24	47
24	69
24	73
24	26
24	18
24	76
24	163
24	3
24	103
24	67
24	149
24	70
24	4
24	22
24	86
24	27
24	28
24	159
24	66
24	20
24	50
24	117
24	84
24	148
24	108
24	161
24	1
24	62
24	55
24	154
24	45
24	58
24	156
24	40
24	80
25	106
25	7
25	3
25	16
25	132
25	51
25	86
25	31
25	117
25	26
25	42
25	10
25	4
25	48
25	73
25	116
25	15
25	64
25	5
25	157
25	37
25	115
25	50
25	74
25	103
25	85
25	119
25	107
25	156
25	41
26	30
26	93
26	141
26	38
26	124
26	80
26	70
26	117
26	48
26	45
26	4
26	42
26	132
26	121
26	34
26	21
26	85
26	106
26	126
26	147
26	5
26	11
26	31
26	51
26	2
26	27
26	55
26	33
26	163
26	73
26	24
26	78
26	79
26	3
26	127
26	104
26	83
26	66
26	29
26	67
26	58
26	37
26	97
26	72
26	7
26	10
26	41
26	116
26	46
26	140
26	69
26	43
26	59
26	60
26	77
26	101
26	35
26	118
26	8
26	16
26	6
26	136
26	40
26	103
26	144
26	107
26	84
26	63
26	137
26	32
26	149
26	20
26	135
26	86
26	108
26	150
26	120
26	110
26	15
26	1
26	157
26	142
26	161
26	112
26	12
26	99
26	105
26	115
26	64
26	57
26	96
26	95
26	130
26	76
26	123
26	119
27	110
27	3
27	131
27	113
27	34
27	62
27	51
27	136
27	153
27	44
27	105
27	57
27	29
27	101
27	30
27	41
27	31
27	2
27	130
27	48
27	93
27	46
27	150
27	5
27	85
27	147
27	132
27	118
27	126
27	59
27	38
27	163
27	79
27	121
27	103
27	120
27	33
27	66
27	50
27	21
28	87
28	37
28	150
28	30
28	132
28	110
28	5
28	50
28	63
28	27
28	38
28	85
28	51
28	147
28	73
28	67
28	96
28	42
28	82
28	46
28	146
28	127
28	34
28	148
28	113
28	69
28	18
28	94
28	4
28	105
28	136
28	78
28	115
28	86
28	99
28	121
28	103
28	1
28	79
28	23
28	118
28	93
28	48
28	140
28	26
28	21
28	149
28	157
28	31
28	126
28	106
28	91
28	104
28	77
28	3
28	92
28	131
28	119
28	156
28	17
28	101
28	11
28	120
28	97
28	2
28	55
28	53
28	102
28	84
28	142
28	32
28	75
28	137
28	152
28	10
28	161
28	129
28	66
28	15
28	64
28	76
28	144
28	109
28	70
28	45
28	130
28	71
28	25
28	162
28	135
28	33
28	13
28	116
28	83
28	35
28	88
28	43
28	62
28	141
28	60
28	49
28	74
28	108
28	14
28	89
28	163
28	56
28	12
28	95
28	29
28	124
28	19
29	63
29	27
29	31
29	102
29	89
29	33
29	30
29	120
29	10
29	106
29	150
29	87
29	51
29	23
29	2
29	26
29	129
29	103
29	45
29	162
29	98
29	134
29	7
29	116
29	15
29	95
29	147
29	5
29	34
29	132
30	147
30	38
30	103
30	80
30	149
30	95
30	132
30	77
30	51
30	69
30	60
30	106
30	110
30	85
30	15
30	129
30	127
30	18
30	10
30	82
30	26
30	93
30	63
30	150
30	46
30	87
30	120
30	3
30	50
30	99
30	116
30	1
30	20
30	42
30	21
30	5
30	31
30	34
30	64
30	48
30	55
30	97
30	142
30	28
30	29
30	23
30	49
30	163
30	71
30	32
30	130
30	121
30	78
30	136
30	72
30	62
30	125
30	41
30	159
30	39
30	73
30	104
30	98
30	7
30	140
30	43
30	13
30	59
30	148
30	27
30	91
30	74
30	83
30	152
30	76
30	37
30	2
30	151
30	68
30	75
30	135
30	45
30	22
30	137
30	88
30	161
30	61
30	58
30	66
30	57
30	35
30	96
30	25
30	119
30	6
30	79
30	131
30	33
30	112
30	122
30	126
30	52
30	84
30	113
30	54
30	70
30	14
30	16
30	11
30	160
30	100
30	8
30	139
30	102
30	118
30	158
30	134
30	92
30	40
30	90
30	24
30	144
30	67
30	146
30	124
30	114
30	115
30	4
30	155
30	17
30	108
30	44
30	19
30	153
30	101
30	36
30	89
30	141
30	47
30	81
30	162
30	128
30	105
30	154
30	157
30	143
30	109
30	12
30	156
30	123
30	94
30	56
30	111
30	9
30	86
31	95
31	143
31	77
31	150
31	55
31	49
31	39
31	152
31	134
31	27
31	136
31	71
31	80
31	110
31	137
31	32
31	6
31	44
31	28
31	59
31	121
31	98
31	30
31	93
31	105
31	13
31	4
31	33
31	75
31	161
31	34
31	12
31	97
31	162
31	19
31	127
31	68
31	25
31	148
31	43
31	102
31	48
31	87
31	132
31	109
31	139
31	23
31	106
31	96
31	51
31	163
31	116
31	61
31	145
31	52
31	40
31	35
31	83
31	63
31	149
31	133
31	57
31	78
31	103
31	154
31	147
31	54
31	79
31	146
31	108
31	128
31	15
31	114
31	160
31	92
31	99
31	131
31	151
31	67
31	86
31	91
31	85
31	5
31	45
31	65
31	21
31	29
31	36
31	16
31	10
31	118
31	11
31	42
31	155
31	122
31	158
31	107
31	113
31	100
31	104
31	14
31	69
31	82
31	157
31	153
31	26
31	72
31	125
31	130
31	117
31	7
31	124
31	111
31	84
31	2
31	46
31	101
31	38
31	3
31	37
31	159
31	120
31	129
31	50
31	119
31	66
31	17
31	62
31	81
31	73
31	22
31	94
31	140
31	123
31	58
31	9
31	90
31	47
31	144
31	64
31	138
31	89
31	141
31	112
32	106
32	31
32	48
32	8
32	3
32	15
32	54
32	67
32	115
32	26
32	66
32	150
32	120
32	10
32	82
32	124
32	16
32	132
32	5
32	78
32	18
32	112
32	41
32	60
32	53
32	42
32	30
32	116
32	73
32	29
32	7
32	21
32	147
32	91
32	58
32	148
32	103
32	93
32	163
32	38
32	156
32	119
32	51
32	4
33	7
33	128
33	4
33	163
33	140
33	149
33	34
33	30
33	79
33	60
33	125
33	63
33	150
33	42
33	5
33	89
33	11
33	99
33	96
33	102
33	92
33	38
33	124
33	121
33	3
33	31
33	51
33	28
33	18
33	47
33	68
33	46
33	85
33	106
33	136
33	101
33	146
33	143
33	147
33	132
33	111
33	161
33	148
33	104
33	129
33	93
33	127
33	133
33	95
33	26
33	70
33	77
33	13
33	97
33	120
33	112
33	81
33	65
33	12
33	94
33	160
33	105
33	84
33	21
33	55
33	48
33	19
33	126
33	61
33	67
33	114
33	78
33	103
33	98
33	145
33	142
33	137
33	110
33	73
33	54
33	27
33	117
33	135
33	49
33	16
33	130
33	8
33	154
33	10
33	25
33	58
33	155
33	41
33	50
33	72
33	122
33	82
33	14
33	56
33	144
33	29
33	45
33	64
33	115
33	113
33	40
33	152
33	15
33	162
33	109
33	158
33	159
33	131
33	83
33	86
33	66
33	76
33	139
33	6
33	71
33	2
33	91
33	87
33	118
33	100
33	123
33	157
33	80
33	69
33	43
33	62
33	156
33	23
33	35
33	74
34	90
34	17
34	152
34	151
34	102
34	127
34	145
34	158
34	65
34	147
34	73
34	31
34	16
34	42
34	138
34	81
34	153
34	30
34	130
34	139
34	98
34	125
34	87
34	114
34	106
34	95
34	120
34	55
34	131
34	85
34	157
34	86
34	37
34	159
34	104
34	23
34	134
34	163
34	48
34	128
34	121
34	26
34	5
34	45
34	91
34	150
34	51
34	41
34	108
34	47
34	136
34	118
34	40
34	21
34	132
34	105
34	103
34	46
34	141
34	4
34	50
34	83
34	58
34	144
34	66
34	33
34	79
34	99
34	27
34	82
34	10
34	135
34	74
34	1
34	62
34	76
34	18
34	15
34	3
34	84
34	67
34	123
34	7
34	100
34	149
34	97
34	8
35	147
35	106
35	31
35	15
35	10
35	11
35	30
35	26
35	100
35	51
35	86
35	108
35	25
35	18
35	5
35	104
35	150
35	112
35	16
35	69
35	149
35	136
35	78
35	110
35	117
35	2
35	7
35	101
35	137
35	70
35	42
35	23
35	85
35	127
35	103
35	4
35	152
35	156
35	84
35	163
35	62
35	9
35	53
35	67
35	45
35	132
35	120
35	124
35	66
36	51
36	131
36	91
36	93
36	43
36	30
36	118
36	48
36	38
36	104
36	74
36	26
36	5
36	63
36	99
36	127
36	132
36	85
36	79
36	3
36	121
36	92
36	69
36	94
36	87
36	108
36	150
36	78
36	18
36	41
36	106
36	147
36	46
36	163
36	64
36	90
36	42
36	148
36	120
36	98
36	21
36	8
36	67
36	101
36	136
36	31
36	2
36	126
36	27
36	105
36	84
36	4
36	146
36	117
36	144
36	37
36	73
36	1
36	76
36	10
36	70
36	149
36	34
36	11
36	44
36	56
36	97
36	161
36	72
36	55
36	28
36	142
36	58
36	77
36	45
36	140
36	52
36	123
36	100
36	103
36	35
36	137
36	15
36	156
37	147
37	51
37	90
37	42
37	15
37	34
37	46
37	113
37	104
37	103
37	115
37	48
37	100
37	141
37	127
37	79
37	44
37	106
37	136
37	144
37	112
37	132
37	78
37	93
37	38
37	116
37	85
37	134
37	108
37	23
37	31
37	149
37	152
37	24
37	151
37	155
37	64
37	86
37	21
37	41
37	47
37	102
37	30
37	96
37	69
37	161
37	45
37	110
37	154
37	73
37	119
37	135
37	99
37	94
37	131
37	84
37	157
37	10
37	114
37	121
37	55
37	163
37	97
37	153
37	95
37	158
37	29
37	25
38	63
38	33
38	51
38	60
38	8
38	92
38	26
38	12
38	107
38	46
38	117
38	31
38	76
38	115
38	66
38	23
38	42
38	30
38	48
38	142
38	80
38	93
38	82
38	161
38	126
38	106
38	64
38	29
38	10
38	21
38	79
38	16
38	67
38	130
38	147
38	7
38	116
38	3
38	91
38	132
38	124
38	108
38	163
38	85
38	78
38	104
38	15
38	97
38	121
38	20
38	45
38	81
38	159
38	83
38	148
38	4
38	72
38	127
38	58
38	150
38	43
38	50
38	70
38	41
38	18
38	149
38	100
38	131
39	30
39	4
39	99
39	93
39	132
39	126
39	5
39	34
39	26
39	42
39	23
39	55
39	31
39	51
39	37
39	144
39	21
39	135
39	161
39	46
39	149
39	147
39	87
39	159
39	38
39	106
39	103
39	11
39	107
39	25
39	136
39	98
39	150
39	148
39	116
39	96
39	104
39	19
39	13
39	48
39	41
39	1
39	2
39	67
39	121
39	101
39	163
39	119
39	129
39	127
39	118
39	78
39	157
39	58
39	29
39	73
39	82
39	86
39	110
39	95
39	131
39	97
39	18
39	108
39	81
39	57
39	77
39	85
39	53
39	17
39	49
39	137
39	142
39	120
39	130
39	152
39	45
39	91
39	84
39	27
39	64
39	62
39	50
39	35
39	140
39	151
39	56
39	139
39	88
39	72
39	76
39	154
39	66
39	90
39	141
39	40
39	20
39	79
39	36
39	105
39	70
39	83
39	3
39	94
39	22
39	146
39	52
39	54
39	69
39	123
39	125
39	24
40	132
40	85
40	120
40	91
40	31
40	5
40	118
40	48
40	93
40	23
40	159
40	77
40	30
40	42
40	163
40	67
40	65
40	87
40	108
40	21
40	11
40	16
40	78
40	51
40	149
40	62
40	155
40	106
40	70
40	27
40	86
40	49
40	72
40	38
40	104
40	4
40	20
40	26
40	50
40	90
40	147
40	135
40	150
40	79
40	66
40	100
40	29
40	156
40	18
40	97
40	94
40	145
40	121
40	35
40	110
40	101
41	19
41	86
41	109
41	133
41	92
41	33
41	14
41	10
41	58
41	106
41	157
41	163
41	30
41	101
41	143
41	16
42	34
42	30
42	143
42	161
42	25
42	55
42	77
42	110
42	136
42	39
42	133
42	63
42	134
42	109
42	6
42	92
42	96
42	137
42	158
42	31
42	152
42	114
42	57
42	11
42	28
42	105
42	101
42	68
42	19
42	118
42	145
42	71
42	22
42	10
42	163
42	69
42	91
42	139
42	132
42	44
42	131
42	157
42	93
42	75
42	153
42	33
42	128
42	12
42	147
42	29
42	36
42	52
42	106
42	116
42	124
42	32
42	95
42	122
42	35
42	85
42	120
42	97
42	154
42	40
42	13
42	51
42	16
42	47
42	46
42	65
42	144
42	38
42	14
42	49
42	121
42	149
42	86
42	48
42	162
42	123
42	67
42	117
42	9
42	26
42	130
42	129
42	155
43	22
43	117
43	1
43	66
43	26
43	49
43	159
43	50
43	8
43	99
43	3
43	95
43	105
43	124
43	51
43	87
43	30
43	150
43	126
43	4
43	142
43	147
43	88
43	140
43	108
43	20
43	38
43	37
43	18
43	93
43	32
43	116
43	85
43	31
43	77
43	35
43	72
43	103
43	62
43	129
43	82
43	28
43	97
43	86
43	24
43	127
43	132
43	154
43	80
43	67
43	106
43	112
43	123
43	156
44	22
44	80
44	117
44	8
44	150
44	26
44	4
44	120
44	107
44	3
44	103
44	60
44	87
44	82
44	1
44	37
44	30
44	13
44	51
44	38
44	34
44	136
44	42
44	18
44	126
44	46
44	127
44	142
44	147
44	84
44	156
44	86
44	119
44	148
44	146
44	115
44	121
44	88
44	155
44	21
44	132
44	6
44	163
44	5
44	66
44	93
44	159
44	70
44	53
44	48
44	76
44	28
44	69
44	55
44	104
44	81
44	106
44	94
44	64
44	50
44	45
44	67
44	41
44	56
44	99
44	40
45	109
45	92
45	33
45	14
45	10
45	15
45	51
45	19
45	118
45	35
45	157
45	30
45	133
45	150
45	144
45	143
45	158
45	2
45	31
45	149
45	78
46	82
46	95
46	131
46	3
46	76
46	51
46	147
46	34
46	25
46	20
46	66
46	127
46	8
46	99
46	38
46	142
46	49
46	1
46	30
46	136
46	159
46	35
46	31
46	26
46	33
46	93
46	88
46	96
46	39
46	18
46	75
46	110
46	11
46	152
46	77
46	150
46	64
46	4
46	120
46	69
46	50
46	54
46	121
46	78
46	15
46	103
46	6
46	48
46	108
46	160
46	37
46	12
46	106
46	80
46	70
46	113
46	161
46	98
46	85
46	74
46	132
46	105
46	92
46	124
46	45
46	42
46	28
46	141
46	155
46	73
46	57
46	81
46	117
46	97
46	21
46	72
46	102
46	71
46	32
46	151
46	109
46	7
46	27
46	138
46	163
46	19
46	16
46	24
46	22
46	63
46	112
46	36
46	67
46	23
46	29
46	156
46	144
46	119
46	134
46	44
46	116
46	13
46	157
46	115
46	148
46	104
46	10
46	60
46	91
46	9
46	129
46	100
46	41
46	89
46	17
46	146
47	101
47	30
47	107
47	147
47	127
47	51
47	31
47	5
47	55
47	96
47	85
47	161
47	67
47	27
47	106
47	120
47	46
47	148
47	150
47	34
47	20
47	163
47	136
47	112
47	40
47	10
47	77
47	78
47	58
47	99
47	103
47	48
47	113
47	42
47	132
47	121
47	57
47	29
47	118
47	69
47	13
47	84
47	142
47	135
47	32
47	104
47	149
47	108
47	79
47	122
47	155
47	98
47	94
47	22
47	117
47	25
47	137
47	33
47	11
47	114
47	45
47	3
47	93
47	154
47	1
47	26
47	15
47	157
47	97
47	75
47	64
47	41
47	159
47	146
47	12
47	38
47	73
47	76
47	110
47	87
47	6
47	24
47	71
47	21
47	49
47	116
47	16
47	62
47	7
47	130
47	105
47	4
47	50
47	151
47	80
47	23
47	138
48	51
48	147
48	95
48	127
48	39
48	6
48	93
48	3
48	110
48	28
48	77
48	33
48	38
48	75
48	34
48	152
48	49
48	137
48	105
48	68
48	136
48	25
48	133
48	42
48	69
48	158
48	54
48	57
48	44
48	55
48	131
48	103
48	96
48	63
48	157
48	146
48	30
48	97
48	7
48	13
48	52
48	161
48	71
48	32
48	129
48	122
48	155
48	21
48	134
48	128
48	26
48	89
48	31
48	151
48	132
48	10
48	98
48	1
48	82
48	120
48	4
48	16
48	5
48	36
48	106
48	86
48	92
48	85
48	29
48	67
48	108
48	12
48	78
48	163
48	14
48	123
48	9
48	102
49	132
49	88
49	5
49	130
49	159
49	42
49	30
49	51
49	136
49	121
49	23
49	150
49	63
49	67
49	68
49	28
49	38
49	110
49	18
49	85
49	157
49	50
49	34
49	3
49	1
49	127
49	153
49	2
49	48
49	78
49	46
49	4
49	82
49	156
49	93
49	103
49	149
49	147
49	135
49	71
49	31
49	106
49	79
49	77
49	7
49	84
49	13
49	104
49	120
49	39
49	32
49	125
49	97
49	62
49	144
49	45
49	129
49	101
49	74
49	108
49	118
49	113
49	115
49	148
49	87
49	14
49	154
49	134
49	11
49	22
49	69
49	126
49	161
49	119
49	29
49	142
49	163
49	151
49	123
49	27
49	25
49	33
49	91
49	64
49	95
49	53
49	56
49	105
49	89
50	66
50	20
50	142
50	31
50	107
50	30
50	8
50	26
50	5
50	73
50	60
50	51
50	85
50	42
50	61
50	4
50	136
50	72
50	132
50	130
50	37
50	48
50	21
50	150
50	67
50	46
50	163
50	120
50	64
50	80
50	22
50	78
50	79
50	126
50	38
50	121
50	93
50	83
50	40
50	113
50	1
50	117
50	10
50	25
50	116
50	100
50	162
50	94
50	103
50	104
50	147
50	32
50	140
50	154
50	55
50	141
50	127
50	45
50	84
50	143
50	87
50	70
50	62
50	97
50	148
50	99
50	27
50	16
50	106
50	69
50	101
50	24
50	39
50	18
50	157
50	53
50	88
50	58
51	139
51	154
51	65
51	130
51	114
51	134
51	33
51	125
51	145
51	152
51	151
51	30
51	47
51	98
51	81
51	95
51	128
51	116
51	138
51	29
51	14
51	106
51	10
51	90
51	31
51	4
51	144
51	46
51	5
51	147
51	150
51	42
51	55
51	7
51	48
51	126
51	37
51	132
51	103
51	41
51	157
51	15
51	136
51	16
51	3
51	108
51	91
51	69
51	127
51	97
51	111
51	159
51	121
51	26
51	148
51	85
51	158
51	21
51	124
51	44
51	100
51	99
51	40
51	60
51	86
51	67
51	1
51	84
51	163
51	83
51	142
51	36
51	39
51	93
51	77
51	161
51	82
51	9
51	117
51	43
51	45
51	18
51	50
51	156
51	120
51	78
52	91
52	60
52	26
52	11
52	147
52	30
52	161
52	82
52	3
52	39
52	41
52	33
52	48
52	4
52	130
52	87
52	118
52	163
52	150
52	96
52	5
52	117
52	10
52	15
52	94
52	115
52	121
52	85
52	106
52	104
52	51
52	132
52	62
52	45
52	155
52	122
52	72
52	46
52	159
52	80
52	42
52	67
52	8
52	78
52	50
52	108
52	107
52	149
52	100
52	69
52	59
52	127
52	112
52	66
52	151
52	74
52	129
52	142
52	136
52	38
52	137
52	90
52	73
52	7
52	31
52	88
52	2
52	95
52	84
52	92
52	18
52	21
52	77
52	101
52	119
52	93
52	99
52	124
52	103
52	110
52	140
52	126
52	28
52	34
52	56
52	29
52	70
52	55
52	113
52	146
52	43
52	57
52	156
52	131
52	111
52	138
53	3
53	136
53	105
53	28
53	51
53	132
53	144
53	38
53	31
53	150
53	1
53	54
53	93
53	120
53	76
53	121
53	106
53	127
53	45
53	108
53	42
53	78
53	26
53	41
53	33
53	58
53	60
53	129
53	82
53	77
53	103
53	5
53	4
53	87
53	117
53	163
53	142
53	85
53	97
53	50
53	48
53	147
53	99
53	66
53	46
53	18
53	110
53	88
53	67
53	11
53	49
53	126
53	27
53	34
54	56
54	148
54	26
54	107
54	60
54	99
54	30
54	42
54	2
54	121
54	62
54	5
54	29
54	8
54	51
54	150
54	94
54	147
54	85
54	3
54	64
54	112
54	117
54	135
54	106
54	113
54	118
54	149
54	132
54	48
54	66
54	79
54	41
54	115
54	67
54	127
54	76
54	108
54	69
54	110
54	82
54	103
54	46
54	91
54	74
54	87
54	11
54	49
54	27
54	120
54	73
54	58
54	101
54	78
54	93
54	31
54	17
54	34
54	138
54	6
54	152
54	50
54	100
54	134
54	18
54	144
54	38
54	80
54	142
54	156
54	88
54	45
54	28
54	70
54	130
55	51
55	46
55	96
55	35
55	25
55	149
55	152
55	127
55	66
55	147
55	57
55	5
55	126
55	31
55	42
55	117
55	130
55	30
55	13
55	121
55	132
55	85
55	137
55	98
55	103
55	128
55	155
55	3
55	79
55	90
55	48
55	114
55	52
55	99
55	45
55	134
55	58
55	156
55	80
55	26
55	76
55	20
55	1
55	4
55	50
55	16
55	131
55	106
55	34
55	150
55	69
55	27
55	157
55	10
55	37
55	33
55	100
55	21
55	78
55	105
55	91
55	142
55	18
55	88
55	29
56	152
56	69
56	127
56	51
56	150
56	71
56	95
56	99
56	66
56	5
56	106
56	96
56	94
56	21
56	50
56	97
56	28
56	76
56	49
56	20
56	1
56	120
56	122
56	161
56	67
56	132
56	43
56	137
56	70
56	27
56	125
56	85
56	134
56	33
56	84
56	15
56	114
56	159
56	149
56	147
56	136
56	31
56	38
56	46
56	154
56	103
56	77
56	25
56	142
56	22
56	34
56	123
56	157
56	118
56	115
56	78
56	18
56	74
56	37
56	11
56	42
56	4
56	53
57	5
57	21
57	126
57	103
57	60
57	132
57	33
57	115
57	42
57	106
57	26
57	124
57	30
57	96
57	149
57	4
57	150
57	67
57	147
57	62
57	41
57	73
57	85
57	117
57	11
57	28
57	142
57	157
57	77
57	51
57	18
57	134
57	48
57	31
57	121
57	8
57	78
57	45
57	102
57	136
57	66
57	38
57	113
57	86
57	130
57	97
57	34
57	118
57	1
57	93
57	107
57	101
57	55
57	105
57	163
57	3
57	159
57	29
57	80
57	99
57	94
57	95
57	161
57	37
57	46
57	152
57	2
57	148
57	156
57	56
57	108
57	120
57	13
57	20
57	127
57	146
57	76
57	155
57	50
57	129
57	87
57	116
57	135
57	144
57	88
57	137
57	91
57	82
57	98
57	64
57	69
57	44
57	7
57	81
57	84
57	70
57	110
57	154
57	104
57	74
57	112
57	140
57	59
57	25
57	100
57	10
57	63
57	35
57	15
58	17
58	153
58	15
58	62
58	136
58	124
58	147
58	91
58	10
58	7
58	30
58	51
58	78
58	131
58	106
58	26
58	56
58	60
58	76
59	69
59	51
59	45
59	120
59	101
59	5
59	121
59	43
59	152
59	136
59	163
59	26
59	30
59	63
59	147
59	93
59	95
59	31
59	42
59	48
59	132
59	99
59	10
59	150
59	75
59	79
59	159
59	18
59	73
59	117
59	118
59	105
59	85
59	57
59	103
59	153
59	155
59	127
59	62
59	126
59	34
59	40
59	149
59	108
59	80
59	77
59	82
59	87
59	44
59	66
59	3
59	88
59	1
59	50
59	11
59	22
59	4
59	38
59	15
59	64
59	106
59	154
59	7
59	123
59	124
59	91
59	157
59	115
59	74
59	46
59	78
59	140
59	119
60	37
60	38
60	147
60	88
60	33
60	94
60	150
60	4
60	21
60	43
60	78
60	93
60	84
60	148
60	76
60	85
60	53
60	95
60	51
60	106
60	91
60	27
60	99
60	127
60	112
60	46
60	135
60	152
60	97
60	29
60	125
60	120
60	154
60	64
60	31
60	30
60	44
60	62
60	151
60	126
60	137
60	115
60	161
60	132
60	163
60	114
60	42
60	5
60	96
60	87
60	72
60	121
60	28
60	103
60	54
60	1
60	20
60	11
60	18
60	77
60	104
60	58
60	67
60	74
60	63
60	41
60	157
60	70
60	22
60	40
60	82
60	35
60	50
60	159
60	149
60	108
60	113
60	61
60	122
60	66
60	86
60	136
60	26
60	69
60	25
60	24
60	98
60	13
60	118
60	17
60	144
60	134
60	129
60	117
60	6
60	34
60	57
60	101
60	130
60	71
60	138
60	123
60	2
60	48
60	110
60	23
60	55
60	49
60	52
60	146
60	3
60	89
60	14
60	32
61	5
61	115
61	46
61	51
61	101
61	132
61	48
61	79
61	103
61	108
61	156
61	52
61	150
61	120
61	121
61	163
61	35
61	67
61	38
61	116
61	18
61	26
61	27
61	1
61	80
61	30
61	64
61	87
61	113
61	43
61	161
61	42
61	99
61	34
61	147
61	77
61	25
61	32
61	127
61	88
61	112
61	85
61	31
61	136
61	28
61	135
61	4
61	131
61	82
61	78
61	93
61	152
61	129
61	106
61	50
61	69
61	55
61	157
61	2
61	148
61	94
61	45
61	134
61	63
61	21
61	71
61	29
62	147
62	77
62	108
62	137
62	3
62	116
62	15
62	120
62	93
62	51
62	34
62	151
62	142
62	152
62	11
62	68
62	106
62	50
62	66
62	42
62	117
62	99
62	88
62	150
62	71
62	49
62	54
62	115
62	136
62	85
62	2
62	21
62	18
62	26
62	64
62	32
62	161
62	95
62	127
62	5
62	57
62	94
62	132
62	30
62	148
62	10
62	96
62	37
62	28
62	12
62	46
62	84
62	39
62	25
62	90
62	38
62	4
62	159
62	119
62	122
62	53
62	155
62	59
62	154
62	74
62	134
62	1
62	63
62	69
62	103
62	79
62	97
62	55
62	163
62	45
62	31
62	102
62	149
62	60
62	135
62	105
62	76
62	121
62	129
62	24
62	144
62	86
62	87
62	157
62	73
62	67
62	61
62	29
62	41
62	8
62	123
62	35
62	131
62	125
62	89
62	72
62	82
62	13
62	9
62	48
62	100
62	78
62	43
63	140
63	124
63	30
63	31
63	16
63	85
63	48
63	89
63	102
63	34
63	42
63	162
63	150
63	100
63	72
63	22
63	147
63	146
63	26
63	127
63	78
63	132
63	98
63	163
63	157
63	21
63	66
63	92
63	120
63	60
63	51
63	10
63	106
63	7
63	5
63	12
63	87
63	3
63	121
63	38
63	41
63	67
63	142
63	131
63	97
63	104
63	20
63	101
63	136
64	147
64	78
64	85
64	74
64	51
64	93
64	163
64	42
64	161
64	29
64	132
64	75
64	96
64	38
64	31
64	77
64	34
64	6
64	3
64	61
64	49
64	1
64	73
64	28
64	63
64	137
64	39
64	121
64	142
64	127
64	110
64	46
64	32
64	23
64	99
64	131
64	7
64	48
64	104
64	113
64	120
64	57
64	111
64	102
64	144
64	10
64	59
64	122
64	69
64	136
64	116
64	15
64	158
64	153
64	50
64	55
64	103
64	52
64	125
64	35
64	90
64	11
64	100
64	106
64	95
64	148
64	71
64	159
64	27
64	18
64	83
64	13
64	30
64	25
64	21
64	5
64	150
64	54
64	123
64	62
64	97
64	33
64	155
64	9
64	79
64	66
64	130
64	152
64	45
64	98
65	31
65	16
65	106
65	118
65	26
65	148
65	30
65	163
65	42
65	150
65	43
65	121
65	7
65	79
65	45
65	108
65	85
65	5
65	126
65	29
65	132
65	15
65	88
65	21
65	117
65	87
65	10
65	28
65	3
65	149
65	34
65	67
65	51
65	37
65	157
65	142
65	86
65	103
65	120
65	84
65	140
65	18
65	129
65	38
65	54
65	73
65	4
65	105
65	23
65	49
65	46
65	2
65	48
65	32
65	144
65	99
65	156
65	1
65	100
65	147
65	104
65	159
65	66
65	130
65	97
65	101
65	136
65	93
65	62
65	80
65	41
65	56
65	95
65	110
65	127
65	20
65	78
65	59
65	82
65	71
65	27
65	160
65	70
66	135
66	71
66	93
66	34
66	27
66	51
66	112
66	111
66	48
66	3
66	38
66	118
66	31
66	30
66	78
66	95
66	63
66	115
66	23
66	89
66	99
66	46
66	91
66	50
66	24
66	42
66	132
66	54
66	121
66	32
66	12
66	120
66	33
66	77
66	85
66	10
66	160
66	147
66	116
66	92
66	29
66	136
66	102
66	45
66	134
66	61
66	47
66	151
66	146
66	69
66	2
66	98
66	17
66	156
66	59
66	7
66	15
66	101
66	149
66	163
66	106
66	103
66	83
66	90
66	105
66	127
66	152
66	158
66	154
66	79
66	143
66	67
66	144
66	84
66	104
66	58
66	131
66	62
66	141
66	64
66	157
66	100
66	129
66	150
66	73
66	21
66	125
66	119
66	22
66	123
66	13
66	4
66	57
66	28
66	133
66	40
66	25
66	16
66	53
66	18
66	11
66	82
66	138
67	127
67	150
67	10
67	51
67	108
67	120
67	1
67	147
67	48
67	11
67	64
67	34
67	131
67	163
67	159
67	32
67	99
67	95
67	106
67	93
67	38
67	91
67	62
67	68
67	5
67	137
67	57
67	90
67	3
67	94
67	129
67	100
67	42
67	52
67	85
67	4
67	50
67	66
67	28
67	105
67	107
67	97
67	132
67	104
67	21
67	18
67	26
67	121
67	144
67	31
67	136
67	46
67	29
67	54
67	49
67	126
67	45
67	103
67	110
67	82
67	118
67	59
67	139
67	80
67	23
67	78
67	13
67	35
67	44
67	58
67	72
67	122
67	84
67	79
67	71
67	155
67	55
67	117
67	77
67	6
67	2
67	74
67	116
67	113
67	20
67	96
67	152
67	134
67	161
67	141
67	87
67	60
67	8
67	61
67	22
67	112
67	40
67	142
67	69
67	73
67	76
67	16
67	43
67	154
67	114
67	135
67	140
67	86
67	37
67	15
67	146
67	30
67	158
67	119
67	88
67	123
67	83
67	25
67	41
67	130
67	7
67	33
67	124
67	148
67	14
67	153
67	9
67	151
67	27
68	117
68	8
68	60
68	148
68	94
68	85
68	51
68	107
68	26
68	67
68	30
68	50
68	132
68	103
68	106
68	84
68	34
68	2
68	127
68	38
68	62
68	86
68	150
68	78
68	66
68	56
68	4
68	88
68	121
68	119
68	118
68	149
68	16
68	77
68	82
68	11
68	108
68	33
68	93
68	42
68	124
68	54
68	46
68	97
68	5
68	142
68	99
68	101
68	10
68	113
68	21
68	72
68	163
68	57
68	147
68	44
68	31
68	152
68	157
68	28
68	134
68	58
68	130
68	70
68	126
68	151
68	123
68	15
69	77
69	110
69	31
69	101
69	137
69	55
69	96
69	71
69	146
69	127
69	34
69	124
69	161
69	136
69	63
69	147
69	131
69	30
69	51
69	130
69	46
69	150
69	32
69	28
69	67
69	57
69	115
69	58
69	163
69	122
69	155
69	132
69	107
69	52
69	25
69	36
69	118
69	48
69	15
69	39
69	108
69	42
69	7
69	154
69	151
69	85
69	49
69	19
69	97
69	13
69	93
69	38
69	75
69	78
69	148
69	50
69	5
69	123
69	106
69	9
70	46
70	51
70	101
70	99
70	30
70	57
70	121
70	40
70	114
70	150
70	10
70	127
70	31
70	94
70	152
70	69
70	93
70	95
70	27
70	21
70	97
70	58
70	67
70	76
70	135
70	42
70	78
70	50
70	85
70	88
70	147
70	115
70	36
70	156
70	154
70	106
70	29
70	43
70	112
70	96
70	103
70	132
70	104
70	55
70	149
70	64
70	66
70	11
70	34
70	33
71	26
71	3
71	80
71	146
71	8
71	66
71	102
71	48
71	93
71	4
71	37
71	60
71	63
71	162
71	150
71	106
71	103
71	124
71	147
71	98
71	30
71	16
71	82
71	31
71	117
71	101
71	127
71	119
71	132
71	55
71	46
71	120
71	78
71	50
71	126
71	97
71	72
71	135
71	87
71	159
71	140
71	21
71	53
71	156
71	67
71	22
71	62
71	64
71	148
71	105
71	88
71	74
71	85
71	51
72	77
72	47
72	112
72	30
72	93
72	27
72	111
72	128
72	127
72	86
72	63
72	48
72	45
72	147
72	31
72	56
72	104
72	135
72	85
72	69
72	51
72	105
72	132
72	163
72	36
72	97
72	42
72	116
72	38
72	4
72	67
72	3
72	34
72	78
72	55
72	121
72	46
72	120
72	24
72	5
72	118
72	73
72	103
72	54
72	134
72	149
72	161
72	21
72	136
72	58
72	64
73	154
73	145
73	33
73	134
73	116
73	152
73	125
73	151
73	65
73	98
73	139
73	79
73	81
73	14
73	128
73	30
73	106
73	127
73	132
73	158
73	66
73	51
73	31
73	95
73	48
73	121
73	47
74	34
74	11
74	31
74	51
74	106
74	147
74	105
74	136
74	39
74	80
74	71
74	93
74	30
74	108
74	54
74	99
74	26
74	38
74	96
74	13
74	127
74	77
74	33
74	103
74	46
74	5
74	18
74	47
74	3
74	122
74	155
74	78
74	95
74	88
74	161
74	25
74	163
74	55
74	150
74	50
74	83
74	63
74	132
74	123
74	2
74	22
74	53
75	73
75	147
75	42
75	94
75	30
75	120
75	87
75	150
75	103
75	4
75	86
75	149
75	47
75	51
75	2
75	15
75	136
75	127
75	125
75	132
75	137
75	11
75	126
75	13
75	107
75	50
75	121
75	5
75	67
75	101
75	78
75	131
75	55
75	85
75	26
75	1
75	99
75	95
75	69
75	161
75	56
75	34
75	146
75	3
75	48
75	84
75	46
75	119
75	82
75	74
75	38
75	135
75	68
75	77
75	66
75	98
75	62
75	130
75	8
75	90
75	76
75	106
75	21
75	159
75	96
75	129
75	113
75	163
75	155
75	25
75	134
75	93
75	154
75	63
75	97
75	144
75	45
75	104
75	108
75	152
75	80
75	110
75	79
75	72
75	12
75	28
75	40
75	142
75	157
75	37
75	116
75	151
75	100
75	20
75	70
75	105
75	7
75	118
75	117
75	44
75	49
75	43
75	123
75	64
75	53
75	6
75	89
75	156
75	18
76	47
76	63
76	64
76	111
76	147
76	31
76	25
76	24
76	107
76	85
76	48
76	116
76	42
76	28
76	33
76	135
76	99
76	136
76	115
76	104
76	112
76	34
76	5
76	113
76	90
76	96
76	51
76	62
76	163
76	86
76	132
76	40
76	127
76	150
76	21
76	73
76	93
76	141
76	46
76	143
76	77
76	38
76	91
76	59
76	149
76	69
76	30
76	121
76	79
76	67
76	55
76	43
76	129
76	39
76	156
76	53
77	3
77	93
77	30
77	71
77	136
77	104
77	32
77	102
77	41
77	31
77	26
77	146
77	23
77	7
77	66
77	42
77	85
77	79
77	119
77	118
77	48
77	124
77	28
77	106
77	73
77	147
77	132
77	5
77	6
77	116
77	49
77	121
77	33
77	99
77	103
77	72
77	46
77	140
77	59
77	15
77	163
77	51
77	150
77	120
77	18
77	50
77	69
77	16
77	1
77	38
77	58
77	127
77	89
77	149
77	159
77	87
77	148
77	56
77	45
77	100
77	67
77	130
77	105
77	27
77	156
77	61
77	88
77	101
77	9
77	161
78	154
78	152
78	65
78	98
78	15
78	138
78	116
78	33
78	125
78	134
78	14
78	151
78	130
78	95
78	31
78	47
78	81
78	139
78	10
78	90
78	158
78	7
78	51
78	128
78	106
78	145
78	85
78	30
78	142
78	50
78	4
78	114
78	147
78	93
78	83
78	58
78	40
78	21
78	96
78	94
78	108
78	155
78	42
78	9
79	78
79	85
79	21
79	163
79	30
79	29
79	136
79	48
79	3
79	27
79	58
79	10
79	67
79	15
79	147
79	42
79	132
79	93
79	157
79	51
79	150
79	1
79	103
79	34
79	100
80	147
80	51
80	31
80	116
80	30
80	48
80	112
80	69
80	45
80	33
80	136
80	24
80	161
80	58
80	47
80	34
80	127
80	151
80	83
80	92
80	139
80	115
80	132
80	85
80	42
80	111
80	118
80	32
80	121
80	104
80	64
80	122
80	96
80	163
80	103
80	98
80	135
80	158
80	149
80	106
80	144
80	40
80	141
80	125
80	101
80	78
80	108
80	152
80	82
80	16
80	91
80	21
80	71
80	86
80	148
80	67
80	79
80	29
80	90
80	120
80	23
80	131
80	35
80	46
80	100
80	73
81	30
81	142
81	78
81	39
81	126
81	26
81	97
81	120
81	90
81	10
81	108
81	46
81	94
81	7
81	110
81	42
81	3
81	132
81	5
81	99
81	87
81	53
81	150
81	48
81	106
81	28
81	85
81	95
81	86
81	117
81	51
81	154
81	136
81	115
81	104
81	147
81	112
81	91
81	41
81	146
81	107
81	34
81	101
81	31
81	93
81	58
81	56
81	4
81	59
81	67
81	163
81	8
81	103
81	15
81	6
81	84
81	80
81	157
81	38
81	127
81	121
81	130
81	60
81	72
81	149
81	29
81	144
81	158
81	159
81	69
81	57
81	16
81	68
81	82
81	96
81	105
81	148
81	118
81	70
81	11
81	1
81	79
81	64
81	62
81	66
81	50
81	74
81	13
81	156
81	77
81	73
81	61
81	45
81	55
81	83
81	152
81	37
81	20
81	88
81	100
81	129
81	102
81	18
81	140
81	119
81	76
81	2
81	21
81	63
81	161
82	85
82	132
82	8
82	76
82	45
82	5
82	73
82	31
82	42
82	142
82	30
82	48
82	56
82	78
82	24
82	149
82	46
82	147
82	83
82	121
82	66
82	18
82	20
82	137
82	29
82	150
82	101
82	7
82	93
82	41
82	118
82	27
82	69
82	72
82	79
82	108
82	64
82	1
82	87
82	163
82	51
82	119
82	21
82	104
82	105
82	77
82	70
82	86
82	62
82	67
82	58
82	23
82	33
82	144
82	116
82	26
82	38
82	84
82	156
83	51
83	147
83	31
83	149
83	127
83	117
83	93
83	3
83	48
83	42
83	15
83	136
83	30
83	34
83	85
83	38
83	112
83	18
83	110
83	7
83	131
83	64
83	96
83	77
83	21
83	33
83	124
83	148
83	57
83	43
83	55
83	140
83	97
83	44
83	46
83	1
83	100
83	10
83	36
83	52
83	32
83	161
83	26
83	129
83	29
83	67
83	106
84	20
84	22
84	147
84	38
84	51
84	108
84	54
84	8
84	149
84	66
84	99
84	42
84	48
84	4
84	105
84	3
84	50
84	77
84	1
84	142
84	127
84	88
84	150
84	115
84	97
84	82
84	64
84	120
84	93
84	28
84	148
84	144
84	117
84	113
84	161
84	94
84	44
84	136
84	40
84	159
84	70
84	26
84	163
84	124
84	31
84	95
84	137
84	32
84	155
84	90
84	103
84	49
84	59
84	76
84	18
84	72
84	16
84	132
84	100
84	45
84	134
84	158
84	29
84	104
84	152
84	83
84	131
84	35
84	96
84	110
84	34
84	41
84	46
84	21
84	121
84	23
84	13
84	85
84	126
84	73
84	55
84	74
84	62
84	12
84	2
84	78
84	87
84	61
84	119
84	53
84	71
84	116
84	156
84	43
84	30
85	77
85	55
85	75
85	95
85	34
85	39
85	63
85	6
85	13
85	30
85	19
85	161
85	33
85	71
85	49
85	48
85	152
85	106
85	134
85	28
85	68
85	93
85	109
85	31
85	51
85	103
85	118
85	148
85	52
85	127
85	57
85	61
85	25
85	54
85	43
85	163
85	56
85	96
85	133
85	11
85	42
85	110
85	150
85	23
85	26
85	147
85	120
85	137
85	97
85	132
85	12
85	126
85	78
85	136
85	32
85	151
85	91
85	5
85	104
85	135
85	114
85	7
85	158
85	98
85	149
85	36
85	116
85	131
85	44
85	159
85	122
85	67
85	143
85	155
85	128
85	145
85	113
85	92
85	3
85	121
85	17
85	69
85	21
85	105
85	22
85	84
85	38
85	100
85	45
85	27
85	14
85	129
85	4
85	40
85	157
85	70
85	50
85	41
85	29
85	58
85	46
85	86
85	73
85	146
85	162
85	18
85	9
85	153
85	123
85	59
85	62
85	66
85	99
85	144
85	101
85	117
85	130
85	102
85	16
85	156
85	1
86	116
86	34
86	11
86	75
86	93
86	1
86	99
86	42
86	18
86	104
86	147
86	31
86	134
86	51
86	103
86	21
86	29
86	26
86	136
86	38
86	97
86	127
86	67
86	3
86	106
86	131
86	88
86	58
86	132
86	85
86	72
86	13
86	25
86	46
86	159
86	35
86	74
86	32
86	152
86	10
86	48
86	20
86	113
86	69
86	158
86	76
86	17
86	102
86	110
86	145
86	24
86	40
86	153
86	79
86	130
86	144
86	43
86	27
86	15
86	141
86	80
86	139
86	7
86	30
86	66
86	50
86	41
86	120
86	33
86	5
86	28
86	105
86	6
86	4
86	163
86	62
86	82
86	78
86	114
86	63
86	49
86	143
86	87
86	157
86	100
87	26
87	76
87	51
87	80
87	42
87	147
87	20
87	126
87	85
87	117
87	132
87	93
87	8
87	118
87	110
87	38
87	34
87	4
87	66
87	140
87	44
87	37
87	142
87	61
87	72
87	40
87	86
87	46
87	3
87	131
87	112
87	30
87	48
87	22
87	67
87	64
87	150
87	103
87	90
87	28
87	5
87	158
87	121
87	136
87	124
87	31
88	140
88	142
88	20
88	30
88	37
88	8
88	80
88	4
88	26
88	60
88	126
88	66
88	121
88	7
88	42
88	72
88	45
88	85
88	51
88	147
88	33
88	46
88	21
88	136
88	150
88	36
88	56
88	24
88	48
88	163
88	132
88	38
88	10
88	71
88	13
88	31
88	5
88	22
88	70
88	29
88	101
88	116
88	110
88	115
88	78
88	16
88	79
88	67
88	156
88	11
88	124
88	95
89	106
89	10
89	30
89	127
89	31
89	85
89	66
89	105
89	103
89	149
89	5
89	2
89	102
89	50
89	99
89	150
89	26
89	48
89	45
89	34
89	147
89	3
89	93
89	79
89	136
89	42
89	88
89	46
89	51
89	101
89	23
89	157
89	38
89	161
89	120
89	132
89	130
89	29
89	151
89	146
89	77
89	117
89	91
89	7
89	104
89	116
89	78
89	159
89	58
89	163
89	81
89	67
89	86
89	82
89	156
89	21
89	28
89	100
89	4
89	49
89	96
89	41
89	11
89	94
89	121
89	55
89	74
89	18
89	97
89	118
90	3
90	81
90	50
90	11
90	30
90	85
90	27
90	25
90	132
90	17
90	120
90	7
90	13
90	2
90	154
90	142
90	34
90	51
90	150
90	147
90	87
90	31
90	112
90	42
90	79
90	101
90	18
90	163
90	137
90	26
90	46
90	78
90	22
90	95
90	106
90	1
90	29
90	39
90	63
90	76
90	144
90	4
90	93
90	38
90	97
90	74
90	100
90	5
90	96
90	134
90	121
90	103
90	21
90	136
90	128
90	104
90	98
90	36
90	125
90	127
90	48
90	105
90	15
90	123
90	67
90	72
90	77
90	23
90	99
90	139
90	149
90	43
90	148
90	156
90	62
90	32
91	95
91	51
91	31
91	87
91	42
91	103
91	127
91	3
91	48
91	46
91	60
91	163
91	50
91	26
91	45
91	159
91	11
91	68
91	147
91	108
91	18
91	30
91	57
91	85
91	55
91	96
91	82
91	93
91	54
91	132
91	131
91	110
91	34
91	71
91	136
91	73
91	126
91	44
91	27
91	38
91	21
91	150
91	88
91	58
91	8
91	83
91	121
91	52
91	78
91	4
91	142
91	155
91	122
91	80
91	134
91	64
91	120
91	77
91	53
91	79
91	20
91	66
91	70
91	99
91	1
91	104
91	105
91	59
91	94
91	123
91	2
91	106
91	29
91	7
91	41
91	62
91	117
91	74
91	16
91	10
91	89
91	5
91	49
91	130
92	106
92	30
92	15
92	132
92	107
92	67
92	4
92	31
92	26
92	7
92	48
92	5
92	163
92	42
92	66
92	85
92	140
92	43
92	29
92	10
92	126
92	18
92	121
92	146
92	150
92	124
92	130
92	38
92	56
92	147
92	97
92	159
92	45
92	103
92	55
92	116
92	21
92	96
92	78
92	136
92	51
92	62
92	104
92	118
92	71
92	3
92	61
92	8
92	101
92	60
92	2
92	148
92	34
92	32
92	28
92	73
92	80
92	16
92	122
92	117
92	131
92	11
92	22
92	127
92	46
92	144
92	94
92	27
92	82
92	69
92	41
92	36
92	108
92	77
92	105
92	79
92	120
92	157
92	50
92	100
92	86
92	93
92	149
92	88
92	25
92	84
92	33
92	158
93	162
93	63
93	102
93	33
93	98
93	48
93	30
93	89
93	79
93	22
93	140
93	51
93	31
93	38
93	157
93	15
93	7
93	150
93	116
93	10
93	106
93	3
93	132
93	26
93	155
93	58
93	127
93	28
93	124
93	71
93	5
93	104
93	105
93	66
93	72
93	100
93	147
93	119
93	42
93	16
93	159
93	74
93	103
93	108
93	29
93	163
93	46
93	56
93	41
93	4
94	99
94	117
94	127
94	1
94	44
94	46
94	147
94	105
94	85
94	3
94	34
94	51
94	159
94	79
94	76
94	61
94	63
94	62
94	96
94	161
94	108
94	134
94	8
94	50
94	74
94	93
94	95
94	106
94	150
94	48
94	42
94	13
94	113
94	38
94	66
94	31
94	131
94	28
94	4
94	78
94	32
94	55
94	121
94	82
94	137
94	110
94	136
94	115
94	18
94	11
94	2
94	122
94	49
94	26
94	155
94	124
94	57
94	103
94	144
94	20
94	162
94	64
94	7
94	120
94	5
94	71
94	129
94	40
94	45
94	25
94	156
94	140
94	30
94	119
94	77
94	132
94	142
94	59
94	151
94	58
94	22
94	83
94	21
94	43
94	87
94	123
94	88
94	154
95	60
95	38
95	82
95	103
95	121
95	150
95	108
95	142
95	106
95	42
95	50
95	74
95	30
95	127
95	26
95	3
95	8
95	51
95	85
95	46
95	15
95	134
95	27
95	120
95	80
95	4
95	10
95	159
95	31
95	161
95	126
95	147
95	16
95	88
95	7
95	101
95	97
95	69
95	94
95	5
95	28
95	132
95	67
95	130
95	37
95	146
95	39
95	105
95	148
95	34
95	1
95	157
95	57
95	129
95	83
95	99
95	18
95	84
95	156
95	66
95	48
95	149
95	158
95	73
95	110
95	93
95	13
95	152
95	76
95	113
95	21
95	154
95	75
95	163
95	56
95	117
95	43
95	29
95	2
95	41
95	139
95	107
95	22
95	135
95	55
95	71
95	11
95	12
95	61
95	78
95	62
95	137
95	155
95	49
95	86
95	79
95	96
95	116
95	40
95	90
95	63
95	112
95	35
95	23
95	20
95	58
95	45
95	81
95	72
95	24
95	70
95	104
95	64
95	114
95	115
95	25
95	118
95	53
95	125
95	119
95	91
95	123
95	136
95	87
95	33
96	127
96	4
96	46
96	147
96	65
96	51
96	106
96	31
96	30
96	132
96	80
96	17
96	101
96	103
96	44
96	3
96	99
96	158
96	42
96	129
96	88
96	38
96	5
96	150
96	136
96	47
96	81
96	82
96	139
96	126
96	134
96	124
96	108
96	142
96	157
96	73
96	85
96	76
96	151
96	50
96	11
96	78
96	117
96	26
96	1
96	159
96	112
96	120
96	145
96	60
96	119
96	43
96	62
96	95
96	91
96	155
96	114
96	79
96	94
96	70
96	84
96	163
96	87
96	16
96	34
96	98
96	69
96	93
96	49
96	130
96	66
96	121
96	22
96	154
96	28
96	67
96	104
96	23
96	20
96	115
96	33
96	149
96	18
96	8
96	138
96	144
96	110
96	97
96	156
96	123
96	64
96	152
96	53
96	77
96	54
96	141
96	90
96	37
96	48
96	45
97	159
97	4
97	20
97	22
97	117
97	66
97	103
97	142
97	23
97	119
97	51
97	87
97	48
97	26
97	18
97	88
97	1
97	127
97	24
97	126
97	3
97	93
97	150
97	113
97	31
97	8
97	50
97	10
97	76
97	147
97	37
97	70
97	34
97	38
97	42
97	7
97	144
97	63
97	107
97	82
97	30
97	115
97	95
97	46
97	163
97	27
97	85
97	132
97	21
97	131
97	136
97	112
97	41
97	121
97	5
97	73
97	104
97	91
97	99
97	78
97	29
97	80
97	53
97	124
97	69
97	156
97	67
97	28
97	58
98	31
98	106
98	104
98	7
98	149
98	16
98	126
98	103
98	30
98	46
98	131
98	42
98	28
98	48
98	8
98	124
98	51
98	32
98	77
98	150
98	5
98	82
98	10
98	76
98	60
98	69
98	101
98	88
98	83
98	61
98	132
98	122
98	99
98	67
98	50
98	117
98	161
98	152
98	134
98	107
98	155
98	34
98	29
98	2
98	94
98	11
98	3
98	18
98	137
98	1
98	108
98	112
98	26
98	66
98	147
98	93
98	38
98	120
98	135
98	142
98	85
98	115
98	4
98	25
98	64
98	80
98	21
98	121
98	127
98	157
98	79
98	56
98	63
98	84
98	78
98	15
98	55
98	62
98	159
98	73
98	151
98	130
98	91
98	40
98	41
98	140
98	37
98	118
98	87
98	44
98	23
98	71
98	144
98	95
98	158
98	13
98	20
98	156
98	22
98	49
98	86
98	58
98	96
98	39
98	45
98	163
98	105
98	72
98	123
98	136
99	18
99	87
99	76
99	50
99	82
99	103
99	159
99	37
99	75
99	66
99	74
99	150
99	147
99	127
99	106
99	38
99	30
99	59
99	148
99	101
99	3
99	51
99	136
99	132
99	42
99	90
99	34
99	67
99	39
99	73
99	135
99	78
99	69
99	113
99	45
99	77
99	55
99	5
99	161
99	163
99	48
99	119
99	95
99	149
99	62
99	112
99	43
99	85
99	154
99	32
99	91
99	134
99	155
99	33
99	31
99	93
99	86
99	104
99	116
99	53
99	58
99	88
99	24
99	100
99	157
99	70
99	46
99	35
99	121
99	21
99	97
99	79
99	61
99	94
99	29
99	26
99	156
99	13
99	57
99	98
99	115
99	64
99	130
99	27
99	28
99	11
99	120
99	25
99	89
99	105
99	23
99	138
99	118
99	123
100	102
100	73
100	106
100	51
100	38
100	5
100	30
100	4
100	31
100	3
100	86
100	48
100	85
100	147
100	40
100	78
100	42
100	116
100	130
100	120
100	46
100	150
100	145
100	146
100	93
100	136
100	53
100	34
100	79
100	22
100	125
100	98
100	35
100	11
100	67
100	128
100	131
100	49
100	10
100	127
100	77
100	21
100	9
100	95
100	103
101	94
101	105
101	117
101	4
101	44
101	77
101	108
101	42
101	130
101	137
101	124
101	102
101	51
101	147
101	159
101	85
101	163
101	41
101	83
101	151
101	30
101	78
101	31
101	38
101	99
101	97
101	142
101	3
101	62
101	93
101	132
101	64
101	8
101	46
101	26
101	45
101	50
101	110
102	30
102	31
102	66
102	132
102	48
102	147
102	74
102	131
102	38
102	86
102	85
102	10
102	16
102	26
102	120
102	62
102	96
102	106
102	23
102	116
102	124
102	5
102	103
102	35
102	150
102	50
102	7
102	93
102	51
102	82
102	18
102	118
102	157
102	140
102	15
102	163
102	91
102	58
102	46
102	130
102	160
102	161
102	3
102	54
102	11
102	105
102	101
102	87
102	73
102	121
102	42
102	141
102	28
102	80
102	67
102	2
102	4
102	95
102	78
102	45
102	127
102	21
102	71
102	84
102	142
102	149
102	94
102	72
102	108
102	100
102	34
102	24
102	1
102	29
102	99
102	136
102	137
102	27
102	123
103	30
103	132
103	8
103	85
103	66
103	48
103	42
103	26
103	112
103	142
103	120
103	99
103	72
103	121
103	31
103	45
103	118
103	3
103	64
103	157
103	5
103	11
103	136
103	126
103	46
103	147
103	4
103	94
103	38
103	67
103	150
103	127
103	73
103	78
103	108
103	82
103	10
103	80
103	101
103	110
103	56
103	141
103	98
103	20
103	117
103	34
103	41
103	29
103	159
103	18
103	27
103	51
103	135
103	69
103	104
103	106
103	95
103	163
103	49
103	93
103	50
103	100
103	152
103	105
103	22
103	140
103	21
103	148
103	15
103	7
103	97
103	77
103	33
103	161
103	149
103	79
103	60
103	91
103	116
103	74
103	70
103	37
103	58
104	51
104	98
104	31
104	77
104	95
104	93
104	54
104	30
104	127
104	146
104	3
104	57
104	34
104	136
104	147
104	96
104	68
104	55
104	29
104	32
104	28
104	1
104	52
104	97
104	155
104	38
104	122
104	48
104	129
104	36
104	161
104	46
104	39
104	120
104	110
104	17
104	92
104	58
104	6
104	103
104	81
104	123
104	63
104	18
104	71
104	42
104	9
105	30
105	66
105	124
105	31
105	82
105	26
105	150
105	103
105	51
105	3
105	140
105	106
105	46
105	38
105	115
105	67
105	41
105	50
105	34
105	110
105	120
105	72
105	126
105	99
105	85
105	18
105	118
105	137
105	132
105	32
105	48
105	84
105	5
105	159
105	121
105	87
105	147
105	86
105	79
105	21
105	45
105	78
105	53
105	135
105	108
105	127
105	33
105	93
105	96
105	1
105	2
105	4
105	117
105	136
105	64
105	142
105	70
105	13
105	104
105	129
105	42
105	95
105	156
105	91
105	148
105	49
105	69
105	23
105	58
105	60
105	112
105	163
105	74
105	119
105	61
105	62
105	77
106	147
106	66
106	117
106	4
106	8
106	108
106	127
106	3
106	26
106	95
106	11
106	1
106	20
106	132
106	51
106	38
106	110
106	76
106	150
106	142
106	124
106	99
106	159
106	50
106	103
106	93
106	87
106	105
106	28
106	18
106	85
106	34
106	48
106	88
106	44
106	160
106	71
106	112
106	152
106	2
106	68
106	82
106	120
106	30
106	137
106	42
106	63
106	118
106	29
106	60
106	49
106	113
106	96
106	6
106	59
106	129
106	78
106	126
106	116
106	35
106	149
106	37
106	73
106	157
106	140
106	54
106	72
106	32
106	161
106	23
106	131
106	121
106	45
106	144
106	41
106	65
106	81
106	104
106	57
106	97
106	91
106	80
106	58
106	64
106	31
106	22
106	114
106	46
106	86
106	146
106	67
106	134
106	74
106	70
106	163
106	77
106	79
106	115
106	62
106	25
106	122
106	158
106	155
106	21
106	84
106	55
106	136
106	98
106	27
106	148
106	90
106	69
106	33
106	40
106	153
106	75
106	39
106	100
106	154
106	141
106	61
106	24
106	151
106	16
106	5
106	7
106	36
106	83
106	119
106	43
106	123
106	13
106	10
106	135
106	52
106	130
106	138
106	9
106	102
106	15
106	53
107	147
107	76
107	127
107	150
107	154
107	30
107	51
107	94
107	95
107	1
107	27
107	99
107	66
107	33
107	68
107	78
107	103
107	85
107	5
107	67
107	120
107	97
107	34
107	132
107	54
107	11
107	115
107	22
107	58
107	29
107	25
107	37
107	114
107	96
107	52
107	50
107	87
107	31
107	122
107	46
107	131
107	106
107	155
107	18
107	159
107	86
107	26
107	157
107	3
107	113
107	98
107	21
107	40
107	149
107	63
107	88
107	42
107	55
107	161
107	163
107	72
107	48
107	56
107	38
107	118
107	151
107	123
107	110
107	64
107	138
107	28
107	116
107	148
107	129
107	13
107	93
107	49
107	89
108	8
108	60
108	87
108	159
108	150
108	107
108	80
108	4
108	142
108	117
108	73
108	26
108	126
108	30
108	132
108	156
108	103
108	147
108	51
108	38
108	82
108	50
108	18
108	88
108	120
108	33
108	85
108	70
108	149
108	115
108	93
108	78
108	127
108	131
108	46
108	48
108	41
108	37
108	58
108	91
108	136
108	15
108	45
108	99
108	34
108	148
108	106
108	121
108	53
108	155
108	42
108	163
108	137
108	112
108	97
108	104
108	69
108	90
108	57
108	77
108	31
108	3
108	75
108	7
108	66
108	135
108	23
108	119
108	25
108	39
108	21
108	47
108	64
108	141
109	31
109	10
109	48
109	42
109	4
109	46
109	30
109	93
109	108
109	105
109	106
109	7
109	101
109	132
109	51
109	163
109	150
109	34
109	50
109	25
109	3
109	69
109	77
109	45
109	130
109	118
109	43
109	26
109	126
109	16
109	35
109	21
109	74
109	18
109	2
109	157
109	71
109	147
109	5
109	63
109	13
109	67
109	117
109	134
109	15
109	60
109	149
109	37
109	155
109	11
109	85
109	78
109	99
109	44
109	84
109	55
109	79
109	121
109	95
109	87
109	103
109	139
109	33
109	66
109	24
109	86
109	141
109	97
109	14
109	142
109	72
109	76
109	100
109	158
109	38
109	41
109	58
109	20
109	104
109	91
109	137
109	123
109	56
109	80
109	156
110	17
110	160
110	26
110	139
110	92
110	151
110	153
110	134
110	81
110	106
110	30
110	33
110	114
110	42
110	63
110	121
110	144
110	136
110	152
110	128
110	31
110	109
110	38
110	132
110	159
110	58
110	126
110	15
110	19
110	95
110	37
110	4
110	130
111	150
111	30
111	15
111	27
111	2
111	25
111	154
111	99
111	18
111	26
111	159
111	78
111	28
111	49
111	61
111	149
111	29
111	33
111	85
111	51
111	66
111	94
111	106
111	31
111	40
111	147
111	67
111	1
111	82
111	120
111	46
111	5
111	114
111	58
111	62
111	64
111	129
111	132
111	113
111	6
111	97
111	37
111	48
111	57
111	103
111	69
111	21
111	127
111	42
111	39
111	135
111	95
111	96
111	104
111	152
111	93
111	70
111	131
111	157
111	71
111	137
111	73
111	142
111	163
111	3
111	156
111	35
111	38
111	55
111	123
111	134
111	53
111	112
111	11
111	34
111	13
111	148
111	83
111	116
112	132
112	127
112	85
112	79
112	135
112	136
112	61
112	42
112	1
112	78
112	34
112	30
112	106
112	31
112	150
112	59
112	152
112	23
112	147
112	99
112	159
112	120
112	110
112	11
112	27
112	51
112	113
112	41
112	101
112	102
112	46
112	93
112	134
112	114
112	77
112	155
112	139
112	13
112	116
112	163
112	38
112	95
112	48
112	143
112	26
112	103
112	50
112	4
112	21
112	57
112	3
112	157
112	69
112	161
112	151
112	94
112	29
112	45
112	28
112	90
112	100
112	117
112	131
112	121
112	56
112	130
112	2
112	118
112	63
113	163
113	26
113	30
113	66
113	85
113	34
113	150
113	38
113	132
113	46
113	91
113	28
113	5
113	127
113	108
113	159
113	149
113	51
113	105
113	1
113	77
113	18
113	42
113	99
113	104
113	106
113	84
113	79
113	61
113	96
113	78
113	22
113	48
113	76
113	35
113	2
113	142
113	147
113	94
113	67
113	73
113	75
113	97
113	93
113	23
113	4
113	43
113	121
113	11
113	136
113	20
113	50
113	31
113	95
113	155
113	98
113	130
113	152
113	21
113	49
113	126
113	144
113	56
113	157
114	30
114	106
114	150
114	51
114	132
114	37
114	86
114	4
114	25
114	73
114	120
114	5
114	85
114	42
114	13
114	121
114	67
114	31
114	147
114	18
114	148
114	159
114	69
114	29
114	87
114	10
114	2
114	48
114	99
114	78
114	79
114	107
114	127
114	27
114	94
114	156
114	134
114	157
114	101
114	93
114	119
114	38
114	21
114	96
114	136
114	141
114	97
114	45
114	126
114	84
114	64
114	7
114	82
114	77
114	161
114	163
114	142
114	138
114	110
114	1
114	3
114	103
114	46
114	105
114	23
114	28
115	85
115	30
115	106
115	66
115	51
115	99
115	42
115	33
115	78
115	31
115	93
115	150
115	147
115	120
115	50
115	73
115	87
115	121
115	34
115	38
115	27
115	13
115	26
115	82
115	18
115	104
115	163
115	48
115	132
115	57
115	113
115	77
115	159
115	96
115	3
115	76
115	60
115	103
115	127
115	122
115	21
115	64
115	58
115	47
115	5
115	155
115	20
115	137
115	32
115	28
115	130
115	46
115	95
115	126
115	25
115	100
115	10
115	45
115	157
115	70
115	149
115	1
115	56
115	4
115	154
115	131
115	84
115	123
115	22
115	97
115	101
115	23
115	11
115	89
115	117
115	52
115	62
115	110
115	116
115	41
115	67
115	136
115	35
115	15
115	151
115	9
116	31
116	147
116	93
116	5
116	83
116	163
116	51
116	110
116	38
116	127
116	40
116	10
116	158
116	46
116	68
116	85
116	148
116	43
116	30
116	106
116	26
116	150
116	54
116	121
116	132
116	130
116	42
116	21
116	48
116	96
116	7
116	103
116	15
116	86
116	34
116	69
116	98
116	113
116	120
116	57
116	155
116	129
116	62
116	55
116	4
116	99
116	45
116	58
116	73
116	47
116	159
116	66
116	33
116	84
116	112
116	136
116	16
116	52
116	92
116	11
116	3
116	162
116	18
116	139
116	17
116	70
116	97
116	41
116	49
116	144
116	63
116	140
116	152
116	82
116	95
116	67
116	88
116	108
116	105
116	39
116	28
116	118
116	23
116	59
116	27
116	32
116	115
116	79
116	126
116	149
116	53
116	137
116	78
116	131
116	142
117	30
117	160
117	5
117	147
117	48
117	158
117	153
117	17
117	112
117	34
117	46
117	47
117	79
117	85
117	31
117	59
117	115
117	136
117	68
117	51
117	149
117	116
117	45
117	129
117	163
117	110
117	127
117	142
117	24
117	42
117	109
117	131
117	55
117	95
117	132
117	16
117	15
117	41
117	83
117	35
117	151
117	23
117	69
117	78
117	8
117	65
117	33
117	27
117	73
117	7
117	104
117	3
117	148
117	121
117	96
117	21
117	58
117	144
117	67
117	141
117	156
117	64
117	40
117	98
117	135
117	150
117	130
117	90
117	97
117	57
117	123
117	91
117	25
117	100
117	10
117	6
117	61
117	11
117	80
117	26
117	106
118	78
118	85
118	21
118	29
118	27
118	58
118	45
118	31
118	148
118	51
118	83
118	137
118	74
118	76
118	42
118	116
118	4
118	73
118	41
118	163
119	10
119	29
119	31
119	38
119	26
119	51
119	93
119	159
119	150
119	3
119	88
119	23
119	4
119	16
119	147
119	132
119	7
119	82
119	126
119	113
119	99
119	42
119	1
119	37
119	103
119	66
119	142
119	127
119	55
119	50
119	120
119	20
119	46
119	85
119	73
119	22
119	15
119	106
119	108
119	18
119	11
119	121
119	28
119	13
119	56
119	87
119	45
119	163
119	25
119	69
119	34
119	117
119	97
119	6
119	131
119	72
119	30
119	64
119	41
119	48
119	95
119	136
119	77
119	9
119	78
119	21
119	84
119	105
120	87
120	150
120	38
120	103
120	1
120	131
120	85
120	76
120	4
120	90
120	147
120	51
120	68
120	95
120	26
120	108
120	99
120	28
120	82
120	11
120	3
120	62
120	66
120	49
120	34
120	31
120	117
120	44
120	91
120	142
120	119
120	18
120	132
120	127
120	97
120	136
120	113
120	93
120	106
120	71
120	17
120	64
120	159
120	74
120	50
120	161
120	105
120	96
120	77
120	100
120	121
120	42
120	134
120	118
120	22
120	57
120	20
120	115
120	129
120	88
120	122
120	126
120	140
120	78
120	35
120	70
120	137
120	152
120	104
120	149
120	163
120	30
120	16
120	21
120	46
120	24
120	5
120	158
120	54
120	25
120	63
120	2
120	59
120	48
120	151
120	72
120	32
120	39
120	27
120	13
120	102
120	73
120	155
120	156
120	75
120	37
120	53
120	9
120	83
120	6
120	112
120	123
121	65
121	130
121	34
121	14
121	152
121	33
121	134
121	128
121	139
121	47
121	147
121	81
121	154
121	145
121	30
121	15
121	157
121	51
121	95
121	55
121	7
121	23
121	40
121	82
121	10
121	16
121	53
121	116
121	84
121	151
121	125
121	48
121	114
121	46
121	45
121	31
121	158
122	163
122	30
122	151
122	147
122	26
122	69
122	60
122	78
122	51
122	66
122	150
122	2
122	23
122	107
122	106
122	101
122	82
122	46
122	8
122	42
122	142
122	85
122	3
122	20
122	120
122	94
122	115
122	18
122	34
122	29
122	98
122	67
122	4
122	48
122	118
122	5
122	103
122	155
122	129
122	127
122	87
122	97
122	58
122	80
122	158
122	152
122	108
122	31
122	91
122	161
122	117
122	76
122	99
122	132
122	100
122	157
122	59
122	38
122	21
122	134
122	11
122	93
122	53
122	148
122	1
122	45
123	9
123	108
123	41
123	3
123	80
123	26
123	87
123	60
123	45
123	136
123	38
123	30
123	82
123	103
123	107
123	163
123	154
123	90
123	34
123	42
123	56
123	132
123	53
123	120
123	148
123	28
123	85
123	51
123	35
123	117
123	150
123	121
123	8
123	151
123	58
123	147
123	33
123	84
123	31
123	78
123	161
123	73
123	74
123	46
123	11
123	20
123	156
123	106
123	55
123	67
123	21
123	5
123	48
123	96
123	1
123	115
123	66
123	29
123	99
123	86
123	142
123	112
123	25
123	97
123	43
123	18
123	101
123	4
123	95
123	83
123	159
123	37
123	6
123	72
123	110
123	100
123	152
123	140
123	127
123	50
123	76
124	42
124	48
124	30
124	112
124	21
124	121
124	149
124	46
124	132
124	93
124	31
124	45
124	33
124	41
124	58
124	24
124	156
124	115
124	16
124	69
124	77
124	38
124	106
124	144
124	4
124	78
124	85
124	23
124	100
124	3
124	116
124	146
124	91
124	136
124	88
124	86
124	102
124	59
124	127
124	63
124	10
124	47
124	147
124	83
124	105
124	74
124	7
124	34
124	141
124	15
124	64
124	104
124	79
124	135
124	51
124	22
124	163
124	54
124	32
124	108
125	30
125	31
125	4
125	67
125	7
125	99
125	152
125	132
125	21
125	29
125	130
125	106
125	50
125	51
125	20
125	3
125	148
125	5
125	26
125	48
125	121
125	150
125	103
125	117
125	62
125	93
125	85
125	147
125	46
125	131
125	33
125	60
125	107
125	157
125	120
125	71
125	88
125	68
125	66
125	8
125	108
125	11
125	34
125	35
125	77
125	97
125	126
125	2
125	38
125	86
125	15
125	149
125	55
125	44
125	142
125	101
125	76
125	42
125	163
125	45
125	159
125	87
125	84
125	64
125	134
125	137
125	18
125	94
125	1
125	100
125	144
125	80
125	155
125	146
125	127
125	10
125	162
125	49
125	56
125	119
125	135
125	154
125	23
125	72
125	151
125	6
125	25
125	156
125	95
125	74
125	37
125	79
125	22
125	73
125	123
126	51
126	31
126	116
126	132
126	33
126	152
126	147
126	46
126	104
126	48
126	136
126	157
126	85
126	7
126	158
126	86
126	127
126	121
126	34
126	5
126	15
126	16
126	163
126	42
126	114
126	10
126	78
126	160
126	83
126	103
126	25
126	134
126	45
126	139
126	41
126	30
126	47
126	69
126	14
126	24
126	96
126	151
126	64
126	55
126	141
126	17
126	135
126	130
126	74
126	100
126	111
126	131
126	23
126	153
126	44
126	129
126	77
126	106
126	91
126	156
126	150
126	36
126	21
126	101
126	98
126	70
126	120
126	148
126	112
126	115
126	161
126	13
127	17
127	142
127	8
127	51
127	42
127	34
127	153
127	131
127	76
127	106
127	20
127	3
127	30
127	31
127	48
127	150
127	5
127	139
127	7
127	157
127	72
127	136
127	10
127	82
127	18
127	97
127	63
127	149
127	132
127	85
127	93
127	69
127	67
127	103
127	71
127	121
127	117
127	15
127	27
127	77
127	62
127	50
127	46
127	29
127	87
127	147
127	113
127	2
127	126
127	56
127	118
127	105
127	21
127	26
127	163
127	57
127	144
127	78
127	91
127	120
127	108
127	70
127	80
128	150
128	74
128	30
128	5
128	101
128	10
128	7
128	11
128	31
128	21
128	51
128	121
128	132
128	106
128	163
128	48
128	67
128	96
128	42
128	15
128	26
128	4
128	148
128	37
128	149
128	1
128	147
128	161
128	117
128	3
128	20
128	73
128	159
128	126
128	140
128	136
128	45
128	118
128	85
128	100
128	76
128	127
128	142
128	80
128	95
128	110
128	50
128	38
128	93
128	154
128	69
128	157
128	34
128	87
128	46
128	29
128	78
128	66
128	2
128	103
128	86
128	16
128	105
128	28
128	146
128	41
128	119
128	79
128	70
128	82
128	84
128	156
128	54
128	108
128	90
128	99
128	97
128	23
129	42
129	31
129	7
129	103
129	50
129	4
129	26
129	87
129	116
129	17
129	23
129	18
129	132
129	82
129	159
129	118
129	106
129	142
129	38
129	5
129	10
129	48
129	120
129	67
129	15
129	21
129	86
129	147
129	80
129	100
129	46
129	3
129	88
129	85
129	144
129	157
129	51
129	117
129	163
129	41
129	62
129	30
129	70
129	146
129	45
129	78
129	75
129	104
129	121
129	125
129	136
129	13
129	156
129	8
129	91
129	127
129	53
129	154
129	29
129	115
129	130
129	24
129	16
129	11
130	139
130	147
130	38
130	93
130	127
130	51
130	151
130	30
130	103
130	137
130	78
130	13
130	106
130	3
130	77
130	64
130	163
130	161
130	31
130	110
130	34
130	10
130	23
130	55
130	74
130	95
130	4
130	25
130	67
130	136
130	17
130	9
131	31
131	26
131	147
131	90
131	150
131	7
131	4
131	163
131	15
131	30
131	70
131	58
131	100
131	115
131	46
131	127
131	132
131	142
131	126
131	106
131	83
131	103
131	3
131	42
131	158
131	51
131	16
131	10
131	117
131	85
131	82
131	60
131	34
131	5
131	116
131	69
131	86
131	48
131	95
131	137
131	104
131	73
131	41
131	79
131	80
131	78
131	159
131	21
131	74
131	93
131	50
131	97
131	156
131	91
131	87
131	27
131	112
132	38
132	93
132	3
132	96
132	77
132	39
132	147
132	136
132	34
132	75
132	42
132	33
132	51
132	150
132	121
132	5
132	141
132	71
132	133
132	95
132	127
132	152
132	49
132	134
132	68
132	28
132	19
132	55
132	6
132	114
132	46
132	73
132	48
132	40
132	11
132	109
132	110
132	30
132	32
132	67
132	63
132	79
132	54
132	57
132	1
132	22
132	143
132	44
132	163
132	105
132	78
132	145
132	161
132	137
132	131
132	25
132	97
132	139
132	103
132	35
132	4
132	108
132	31
132	112
132	59
132	13
132	113
132	52
132	29
132	91
132	146
132	85
132	122
132	98
132	155
132	62
132	159
132	151
132	16
132	14
132	130
132	66
132	129
132	92
132	116
132	120
132	36
132	45
132	162
132	26
132	100
132	41
132	58
132	21
132	20
132	84
132	86
132	69
132	27
132	101
132	7
132	149
132	94
132	83
132	37
132	125
132	142
132	117
132	104
132	123
132	82
132	43
132	9
132	12
132	64
133	30
133	104
133	142
133	147
133	93
133	79
133	126
133	31
133	6
133	5
133	51
133	78
133	10
133	108
133	150
133	148
133	56
133	94
133	77
133	127
133	157
133	107
133	103
133	121
133	117
133	96
133	64
133	67
133	99
133	48
133	132
133	34
133	53
133	85
133	3
133	105
133	38
133	136
133	41
133	159
133	69
133	16
133	46
133	50
133	37
133	7
133	32
133	106
133	15
133	80
133	44
133	4
133	163
133	27
133	21
133	13
133	45
133	29
133	11
133	152
133	58
133	110
133	39
133	149
133	26
133	154
133	20
133	66
133	1
133	84
133	161
133	97
133	18
133	23
133	101
133	55
133	2
133	42
133	83
133	76
133	120
133	33
133	60
134	125
134	145
134	150
134	30
134	138
134	151
134	154
134	65
134	81
134	46
134	95
134	128
134	53
134	159
134	4
134	103
134	106
134	85
134	114
134	31
134	93
134	158
134	84
134	8
134	130
134	51
134	42
134	5
134	50
134	147
134	99
134	11
134	139
134	48
134	66
134	20
134	157
134	91
134	98
134	97
134	121
135	51
135	79
135	163
135	18
135	29
135	59
135	111
135	147
135	152
135	5
135	132
135	99
135	112
135	42
135	50
135	95
135	26
135	161
135	78
135	31
135	150
135	62
135	149
135	27
135	108
135	85
135	34
135	127
135	28
135	116
135	24
135	88
135	96
135	106
135	113
135	155
135	1
135	136
135	48
135	20
135	4
135	120
135	159
135	25
135	130
135	3
135	103
135	49
135	93
135	67
135	114
135	46
135	38
135	15
135	30
135	154
135	32
135	77
135	104
135	66
135	47
135	121
135	131
135	97
135	144
135	134
135	57
135	102
135	63
135	45
135	36
135	64
135	123
135	54
135	41
135	157
135	89
135	13
135	76
135	9
135	160
136	92
136	158
136	31
136	109
136	133
136	26
136	19
136	160
136	108
136	16
136	48
136	130
136	15
136	157
136	42
136	127
136	2
136	86
136	41
136	30
136	126
136	85
136	3
136	10
136	4
136	144
136	118
136	149
136	46
136	5
136	45
136	121
136	58
136	104
136	18
136	73
136	1
136	66
136	143
136	93
136	106
136	35
136	132
136	27
136	38
136	100
136	147
136	99
136	163
136	84
136	103
136	150
136	74
136	78
136	23
136	112
136	116
137	8
137	4
137	85
137	51
137	117
137	26
137	3
137	159
137	119
137	50
137	95
137	18
137	1
137	108
137	78
137	116
137	99
137	20
137	147
137	142
137	21
137	29
137	38
137	54
137	93
137	44
137	131
137	10
137	33
137	126
137	127
137	57
137	150
137	87
137	72
137	113
137	88
137	45
137	103
137	76
137	27
137	136
137	49
137	39
137	7
137	91
137	66
137	132
137	42
137	22
137	158
137	64
137	34
137	58
137	5
137	105
137	70
137	96
137	115
137	37
137	80
137	12
138	32
138	106
138	18
138	142
138	51
138	120
138	148
138	31
138	97
138	107
138	68
138	48
138	2
138	26
138	5
138	152
138	67
138	54
138	147
138	10
138	4
138	150
138	118
138	62
138	30
138	60
138	159
138	20
138	43
138	104
138	86
138	154
138	73
138	163
138	155
138	132
138	126
138	15
138	3
138	157
138	1
138	99
138	50
138	8
138	144
138	84
138	78
138	34
138	113
138	88
138	27
138	103
138	117
138	41
138	94
138	130
138	102
138	70
138	121
138	127
138	101
138	42
138	22
138	66
138	37
138	151
138	11
138	29
138	57
138	7
138	85
138	149
138	108
138	46
138	64
138	123
139	30
139	41
139	163
139	10
139	51
139	46
139	15
139	150
139	80
139	50
139	90
139	44
139	108
139	117
139	132
139	74
139	99
139	126
139	136
139	31
139	121
139	1
139	48
139	147
139	5
139	11
139	105
139	4
139	129
139	157
139	75
139	18
139	42
139	127
139	54
139	26
139	103
139	78
139	35
139	106
139	34
139	79
139	91
139	58
139	96
139	101
139	45
139	67
139	146
139	110
139	84
139	118
139	104
139	3
139	56
139	122
139	55
139	85
139	131
139	155
139	93
139	94
139	21
139	142
139	124
139	59
139	29
139	100
139	66
139	73
139	38
139	60
139	2
139	37
139	120
139	87
139	159
139	77
139	47
139	86
139	88
139	57
139	70
139	49
139	16
139	97
139	22
139	72
139	27
139	63
139	69
139	116
139	158
139	154
139	123
139	82
139	23
139	53
139	115
139	28
139	76
139	130
139	156
139	113
140	51
140	136
140	116
140	135
140	42
140	21
140	141
140	77
140	69
140	16
140	115
140	31
140	46
140	149
140	132
140	30
140	34
140	121
140	160
140	163
140	92
140	147
140	41
140	93
140	38
140	85
140	48
140	104
140	78
140	143
140	127
140	26
140	100
140	33
140	79
140	45
140	62
140	29
140	5
140	86
140	112
140	15
140	3
140	162
140	24
140	32
140	96
140	64
140	156
140	61
140	4
140	67
141	116
141	96
141	64
141	21
141	31
141	163
141	79
141	140
141	5
141	147
141	118
141	34
141	3
141	30
141	51
141	103
141	130
141	42
141	136
141	55
141	8
141	11
141	67
141	152
141	1
141	149
141	78
141	131
141	2
141	93
141	46
141	108
141	150
141	41
141	73
141	98
141	120
141	148
141	159
141	85
141	26
141	101
141	66
141	100
141	158
141	4
141	33
141	50
141	38
141	58
141	142
141	95
141	15
141	157
141	132
141	48
141	110
141	61
141	154
141	10
141	121
141	97
141	99
141	77
141	86
141	129
141	88
141	127
141	45
141	156
141	72
141	32
142	111
142	47
142	34
142	143
142	112
142	135
142	147
142	64
142	30
142	48
142	42
142	3
142	132
142	31
142	127
142	86
142	136
142	45
142	38
142	93
142	102
142	51
142	97
142	121
142	89
142	21
142	5
142	29
142	24
142	33
142	106
142	104
142	107
142	116
142	153
142	85
142	163
142	120
142	10
142	58
142	141
142	40
142	158
142	63
142	129
142	161
142	83
142	118
142	78
142	150
142	94
142	103
142	108
142	43
142	46
142	73
142	50
142	126
142	25
142	101
142	77
142	145
142	90
142	82
142	35
142	130
142	149
142	119
143	99
143	30
143	42
143	87
143	31
143	126
143	137
143	48
143	147
143	18
143	150
143	67
143	82
143	85
143	21
143	4
143	10
143	88
143	132
143	130
143	58
143	15
143	16
143	70
143	26
143	38
143	37
143	1
143	46
143	121
143	159
143	5
143	76
143	144
143	108
143	157
143	11
143	161
143	84
143	113
143	29
143	86
143	93
143	51
143	106
143	120
143	7
143	127
143	41
143	79
143	104
143	50
143	66
143	97
143	103
143	91
143	75
143	56
143	149
143	100
143	118
143	154
143	115
143	135
143	117
143	78
143	142
143	129
143	163
143	64
143	105
143	45
143	148
143	47
143	80
144	34
144	55
144	93
144	3
144	75
144	147
144	77
144	31
144	28
144	51
144	96
144	38
144	71
144	127
144	49
144	146
144	32
144	152
144	33
144	19
144	105
144	39
144	92
144	13
144	52
144	97
144	63
144	150
144	95
145	10
145	132
145	30
145	136
145	3
145	149
145	7
145	108
145	31
145	42
145	4
145	154
145	5
145	99
145	93
145	163
145	59
145	137
145	126
145	147
145	73
145	118
145	106
145	41
145	120
145	51
145	158
145	86
145	62
145	20
145	15
145	159
145	57
145	112
145	124
145	29
145	48
145	46
145	26
145	103
145	104
145	56
145	105
145	116
145	66
145	69
145	157
145	21
145	141
145	18
145	38
145	45
145	23
145	150
145	1
145	79
145	134
145	144
145	129
145	84
145	100
145	67
145	78
145	28
145	94
145	70
145	37
145	152
145	117
145	77
145	123
145	107
145	140
145	101
145	16
146	11
146	124
146	30
146	117
146	3
146	42
146	106
146	31
146	15
146	26
146	5
146	38
146	10
146	148
146	66
146	27
146	105
146	96
146	45
146	73
146	86
146	157
146	101
146	21
146	130
146	7
146	137
146	23
146	131
146	85
146	120
146	51
146	72
146	46
146	67
146	132
146	144
146	74
146	82
146	34
146	118
146	55
146	127
146	77
146	83
146	69
146	150
146	16
146	115
146	163
146	155
146	76
146	50
146	93
146	18
146	71
146	62
146	48
146	32
146	84
146	110
146	100
146	147
146	103
146	58
146	149
146	88
146	99
146	4
146	126
146	78
146	17
146	29
146	1
146	156
146	140
146	53
146	108
146	64
146	97
146	116
146	159
146	142
146	41
146	95
147	19
147	33
147	106
147	26
147	116
147	133
147	14
147	31
147	163
147	160
147	158
147	92
147	66
147	143
147	10
147	132
147	42
147	109
147	117
147	35
147	85
147	38
147	121
147	101
147	72
147	150
147	30
147	29
147	23
147	5
147	51
147	16
147	108
147	157
147	11
147	110
147	130
147	161
147	48
147	127
147	77
147	78
147	102
147	59
147	120
147	97
147	46
147	3
147	15
147	87
147	45
147	27
147	7
147	32
147	1
147	93
147	95
147	142
147	83
147	73
147	104
147	4
147	50
147	18
147	86
147	118
147	96
147	43
147	144
147	58
147	13
147	67
147	41
147	36
147	64
147	21
148	95
148	51
148	127
148	147
148	26
148	94
148	85
148	60
148	93
148	121
148	11
148	27
148	44
148	3
148	38
148	105
148	108
148	33
148	99
148	68
148	55
148	107
148	49
148	52
148	150
148	103
148	57
148	28
148	21
148	54
148	1
148	87
148	18
148	77
148	143
148	136
148	82
148	126
148	120
148	50
148	159
148	78
148	96
148	30
148	10
148	73
148	42
148	132
148	149
148	34
148	48
148	122
148	29
148	80
148	155
148	46
148	106
148	64
148	5
148	45
148	131
148	63
148	31
148	151
148	118
148	76
148	32
148	67
148	14
148	161
148	140
148	84
148	110
148	4
148	142
148	74
148	36
148	163
148	58
148	144
148	123
148	70
148	37
148	115
148	125
148	97
148	41
148	2
148	47
148	104
148	90
148	16
149	127
149	108
149	80
149	147
149	106
149	26
149	78
149	31
149	11
149	38
149	1
149	99
149	51
149	50
149	113
149	5
149	150
149	42
149	68
149	121
149	44
149	93
149	95
149	85
149	103
149	136
149	105
149	126
149	125
149	163
149	46
149	82
149	77
149	54
149	3
149	159
149	64
149	132
149	83
149	13
149	158
149	117
149	87
149	142
149	34
149	79
149	30
149	141
149	114
149	18
149	32
149	70
149	101
149	28
149	88
149	37
149	137
149	4
149	96
149	130
149	21
149	57
149	118
149	110
149	97
149	86
149	155
149	48
149	89
149	129
149	131
149	104
149	67
149	55
149	154
149	27
149	122
149	8
149	52
149	72
149	84
149	45
149	62
149	76
149	120
149	66
149	115
149	60
149	49
149	161
149	29
149	124
149	15
149	157
149	119
149	156
149	73
149	94
149	23
149	123
149	146
149	10
149	56
149	41
149	9
149	20
150	8
150	4
150	87
150	103
150	159
150	80
150	117
150	66
150	116
150	126
150	69
150	50
150	106
150	18
150	25
150	20
150	33
150	142
150	3
150	26
150	37
150	147
150	76
150	85
150	72
150	120
150	86
150	113
150	2
150	88
150	51
150	124
150	38
150	82
150	34
150	96
150	27
150	140
150	48
150	127
150	10
150	39
150	99
150	11
150	21
150	78
150	42
150	149
150	46
150	104
150	132
150	112
150	95
150	121
150	93
150	64
150	129
150	30
150	163
150	131
150	31
150	161
150	22
150	62
150	70
150	40
150	115
150	5
150	24
150	136
150	55
150	75
150	57
150	79
150	60
150	23
150	107
150	13
150	74
150	67
150	1
150	101
150	157
150	130
150	53
150	73
150	90
150	6
150	58
150	45
150	17
150	154
150	41
150	135
150	15
150	100
150	35
150	29
150	144
150	137
150	84
150	118
150	152
150	83
150	63
150	28
150	123
150	77
150	141
150	47
150	54
150	153
150	156
150	43
150	32
150	12
150	110
150	91
150	16
150	14
150	97
150	119
150	102
150	89
150	44
150	81
151	30
151	106
151	31
151	10
151	147
151	8
151	45
151	5
151	15
151	51
151	152
151	136
151	78
151	11
151	41
151	68
151	46
151	132
151	85
151	149
151	4
151	150
151	101
151	86
151	26
151	157
151	159
151	62
151	73
151	67
151	122
151	25
151	96
151	16
151	48
151	142
151	155
151	120
151	108
151	91
151	74
151	44
151	113
151	130
151	80
151	117
151	99
151	97
151	7
151	118
151	103
151	56
151	3
151	116
151	1
151	135
151	121
151	84
151	163
151	18
151	134
151	39
151	42
151	126
151	22
151	119
151	88
152	154
152	126
152	95
152	81
152	125
152	151
152	107
152	65
152	138
152	3
152	78
152	1
152	132
152	67
152	21
152	30
152	45
152	93
152	145
152	4
152	103
152	128
152	22
152	110
152	11
152	150
152	120
152	46
152	99
152	51
152	122
152	147
152	86
152	82
152	127
152	5
152	20
152	114
152	50
152	98
152	42
152	85
152	163
152	106
152	13
152	159
152	48
152	16
152	26
152	38
152	97
152	90
152	158
152	101
152	129
152	142
152	34
152	18
152	10
152	139
152	121
152	66
152	141
153	106
153	30
153	91
153	151
153	94
153	80
153	15
153	139
153	26
153	101
153	150
153	163
153	95
153	46
153	132
153	17
153	93
153	77
153	119
153	42
153	124
153	34
153	48
153	136
153	127
153	38
153	147
153	65
153	4
153	156
153	97
153	5
153	117
153	10
153	144
153	3
153	120
153	50
153	31
153	103
153	88
153	107
153	81
153	87
153	67
153	114
153	142
153	149
153	64
153	157
153	45
153	18
153	131
153	145
153	96
153	110
153	85
153	78
153	69
153	7
153	138
153	63
153	121
153	66
153	60
153	98
153	1
153	108
153	24
153	159
153	99
153	51
153	25
153	90
154	95
154	60
154	3
154	30
154	142
154	26
154	87
154	82
154	147
154	106
154	46
154	51
154	80
154	150
154	152
154	50
154	37
154	120
154	4
154	78
154	132
154	99
154	135
154	88
154	8
154	103
154	5
154	1
154	159
154	34
154	42
154	21
154	38
154	156
154	35
154	75
154	7
154	126
154	85
154	117
154	10
154	49
154	70
154	69
154	31
154	57
154	104
154	18
154	94
154	11
154	163
154	66
154	136
154	121
154	93
154	90
154	110
154	113
154	41
154	108
154	97
154	20
154	72
154	134
154	84
154	137
154	13
154	56
154	67
154	91
154	58
154	43
154	33
154	79
154	149
154	127
154	45
154	55
154	96
154	44
154	73
154	48
154	161
154	74
154	23
154	140
154	141
154	77
154	119
154	22
154	130
154	107
154	148
154	76
154	105
154	101
154	63
154	157
154	28
154	6
154	129
154	39
154	29
154	2
154	118
154	86
154	131
154	64
154	122
154	155
154	62
154	115
154	53
154	153
154	144
154	98
154	17
154	102
154	146
154	116
154	71
154	158
154	100
154	15
154	109
154	32
154	36
154	151
154	112
154	14
154	61
154	139
154	123
154	25
154	9
155	163
155	134
155	48
155	117
155	26
155	38
155	30
155	107
155	60
155	1
155	15
155	120
155	2
155	66
155	42
155	71
155	147
155	150
155	31
155	106
155	34
155	93
155	78
155	3
155	5
155	94
155	80
155	87
155	113
155	142
155	51
155	122
155	132
155	110
155	67
155	56
155	100
155	103
155	41
155	115
155	50
155	23
155	127
155	85
155	4
155	121
155	151
155	97
155	88
155	8
155	138
155	27
155	82
155	55
155	91
155	96
155	43
155	98
155	7
155	13
155	69
155	46
155	152
155	108
155	70
155	149
155	37
155	124
155	159
155	137
155	101
155	148
155	136
155	161
155	6
155	25
155	11
155	45
155	104
155	21
155	57
155	118
155	18
155	35
155	17
155	20
155	86
155	33
155	126
155	123
155	156
155	74
155	130
156	99
156	121
156	8
156	103
156	120
156	93
156	82
156	106
156	4
156	150
156	38
156	51
156	26
156	117
156	76
156	127
156	42
156	88
156	22
156	34
156	54
156	163
156	148
156	131
156	113
156	50
156	85
156	129
156	30
156	15
156	28
156	20
156	116
156	70
156	21
156	97
156	67
156	86
156	147
156	132
156	95
156	83
156	108
156	74
156	105
156	142
156	25
156	124
156	126
156	58
156	72
156	3
156	46
156	66
156	32
156	87
156	31
156	60
156	5
156	162
156	140
156	55
156	112
156	155
156	153
156	23
156	161
156	41
156	1
156	2
156	11
156	13
156	33
156	78
156	9
156	45
156	118
156	49
156	18
156	114
156	35
156	89
156	136
156	98
156	110
157	147
157	23
157	136
157	29
157	88
157	51
157	34
157	97
157	31
157	48
157	63
157	15
157	120
157	103
157	26
157	4
157	127
157	106
157	16
157	11
157	87
157	57
157	25
157	45
157	132
157	163
157	121
157	69
157	41
157	73
157	131
157	140
157	21
157	37
157	7
157	85
157	126
157	42
157	158
157	3
157	142
157	79
157	151
157	1
157	78
157	38
157	81
157	98
157	93
157	152
157	5
157	102
157	154
157	40
157	17
157	22
157	99
157	95
157	52
157	46
157	64
157	35
157	19
157	150
157	146
157	28
157	100
157	65
157	27
157	159
157	68
157	67
157	109
157	36
157	135
157	92
157	96
157	104
157	125
157	89
157	30
157	123
157	14
157	144
157	43
157	161
157	148
157	18
158	4
158	92
158	81
158	51
158	30
158	149
158	1
158	31
158	67
158	147
158	42
158	11
158	150
158	46
158	48
158	145
158	118
158	23
158	132
158	79
158	41
158	3
158	160
158	5
158	157
158	86
158	84
158	154
158	117
158	120
158	130
158	156
158	78
158	95
158	98
158	101
158	43
158	45
158	144
158	106
158	32
158	69
158	116
158	126
158	121
158	77
158	70
158	34
158	18
158	142
158	14
158	108
158	10
158	127
158	38
158	97
158	139
158	85
158	110
158	103
158	53
158	161
158	83
159	142
159	147
159	76
159	30
159	96
159	70
159	31
159	51
159	151
159	85
159	37
159	4
159	22
159	27
159	66
159	72
159	78
159	42
159	34
159	48
159	130
159	80
159	67
159	62
159	21
159	16
159	73
159	13
159	140
159	77
159	41
159	26
159	114
159	126
159	121
159	116
159	104
159	127
159	8
159	50
159	137
159	71
159	161
159	98
159	29
159	132
159	15
159	86
159	3
159	157
159	58
159	150
159	38
159	124
159	93
159	141
159	11
159	5
159	45
159	10
159	120
159	106
159	83
159	97
159	112
159	7
159	88
159	20
159	101
159	99
159	158
159	79
159	129
159	163
159	118
159	33
159	69
159	1
159	135
159	110
159	103
159	138
160	29
160	30
160	86
160	4
160	24
160	5
160	80
160	85
160	3
160	26
160	51
160	48
160	121
160	106
160	130
160	37
160	132
160	46
160	31
160	73
160	157
160	87
160	7
160	78
160	150
160	120
160	147
160	142
160	158
160	159
160	105
160	66
160	163
160	88
160	149
160	101
160	95
160	127
160	76
160	20
160	35
160	155
160	1
160	34
160	99
160	50
160	58
160	72
160	117
160	118
160	27
160	126
160	108
160	93
160	103
160	156
160	70
160	116
160	18
160	57
160	38
160	104
160	115
160	53
160	67
160	79
160	112
160	13
160	42
160	82
160	97
160	64
160	100
160	32
160	45
161	159
161	4
161	92
161	160
161	109
161	147
161	132
161	126
161	3
161	26
161	34
161	80
161	158
161	106
161	30
161	117
161	93
161	107
161	150
161	5
161	33
161	85
161	19
161	143
161	163
161	136
161	157
161	87
161	135
161	156
161	119
161	1
161	60
161	103
161	127
161	51
161	64
161	10
161	95
162	30
162	15
162	38
162	91
162	126
162	46
162	74
162	10
162	31
162	103
162	51
162	5
162	54
162	121
162	129
162	28
162	150
162	26
162	78
162	87
162	142
162	58
162	85
162	127
162	41
162	118
162	42
162	110
162	77
162	132
162	157
162	106
162	4
162	67
162	7
162	11
162	3
162	32
162	93
162	163
162	130
162	140
162	34
162	55
162	99
162	64
162	48
162	149
162	84
162	76
162	108
162	66
162	16
162	154
162	124
162	159
162	120
162	86
162	70
162	147
162	45
162	52
162	50
162	1
162	94
162	53
162	88
162	116
162	136
162	73
162	123
162	21
162	80
162	35
162	2
162	100
163	110
163	44
163	43
163	96
163	39
163	34
163	6
163	71
163	75
163	11
163	49
163	28
163	152
163	68
163	134
163	33
163	48
163	32
163	52
163	161
163	95
163	77
163	148
163	63
163	98
163	150
163	57
163	137
163	136
163	54
163	90
163	83
163	13
163	149
163	25
163	132
163	64
163	30
163	85
163	21
163	122
163	147
163	124
163	114
163	93
163	133
163	55
163	17
163	121
163	97
163	61
163	107
163	118
163	129
163	158
163	131
163	155
163	19
163	26
163	73
163	31
163	40
163	151
163	36
163	108
163	101
163	162
163	15
163	10
163	117
163	16
163	92
163	46
163	51
163	42
163	62
163	144
163	22
163	141
163	146
163	29
163	100
163	86
163	120
163	5
163	116
163	105
163	159
163	67
163	113
163	94
163	123
163	156
163	106
163	9
163	14
163	12
163	102
163	139
