1	133
1	20
1	88
1	90
1	25
1	71
1	142
1	153
1	45
1	63
1	114
1	123
1	115
1	136
1	75
1	64
1	26
1	104
1	58
1	95
1	34
1	132
1	31
1	49
1	121
1	81
1	120
1	68
1	39
1	134
1	51
1	107
1	129
1	143
1	87
1	112
1	126
1	73
1	152
1	138
1	66
1	85
1	135
1	69
1	146
1	145
1	119
1	96
1	101
1	147
1	94
1	79
1	80
1	43
1	32
1	54
1	83
1	128
1	65
1	148
1	53
1	102
1	55
1	98
1	33
1	109
1	67
2	88
2	73
2	147
2	69
2	61
2	45
2	27
2	154
2	18
2	127
2	14
2	34
2	128
2	93
2	26
2	16
2	116
2	51
2	138
2	76
2	152
2	80
2	95
2	54
2	141
2	8
2	142
2	79
2	72
2	85
2	98
2	47
2	74
2	125
2	149
2	119
2	13
2	134
2	46
2	114
2	111
2	64
2	11
2	106
2	32
2	15
2	135
2	91
2	40
2	28
2	121
2	67
2	89
2	50
2	5
2	17
2	143
2	81
2	70
2	31
2	92
2	48
2	33
2	96
2	6
2	82
2	42
2	117
2	22
2	57
2	131
2	65
2	25
2	123
2	104
2	78
2	66
2	12
2	99
2	129
2	151
2	113
2	19
2	148
2	137
2	84
2	56
2	107
2	83
2	108
2	4
2	130
2	36
2	122
2	140
2	102
2	41
2	118
2	87
2	94
2	145
2	38
2	35
3	88
3	70
3	63
3	73
3	116
3	34
3	72
3	62
3	77
3	153
3	26
3	69
3	82
3	114
3	27
3	90
3	147
3	143
3	41
3	12
3	1
3	51
3	50
3	31
3	144
3	58
3	79
3	138
3	84
3	64
3	59
3	133
3	119
3	142
3	40
3	74
3	154
3	9
3	123
3	94
3	54
3	137
3	146
3	32
3	111
3	95
3	45
3	68
3	104
3	91
3	140
3	22
3	33
3	25
3	14
3	66
3	121
3	71
3	135
3	112
3	115
4	72
4	50
4	140
4	70
4	111
4	41
4	129
4	73
4	76
4	6
4	88
4	26
4	78
4	148
4	39
4	119
4	61
4	34
4	143
4	128
4	19
4	83
4	64
4	116
4	112
4	146
4	51
4	147
4	68
4	132
4	142
4	85
4	114
4	80
4	151
4	77
4	62
4	91
4	5
4	32
4	138
4	82
4	33
4	2
4	121
4	25
4	1
4	153
4	40
4	136
4	137
4	79
4	90
4	134
4	9
4	109
5	79
5	8
5	26
5	34
5	88
5	90
5	65
5	142
5	147
5	92
5	64
5	91
5	6
5	143
5	73
5	28
5	136
5	11
5	135
5	54
5	150
5	78
5	149
5	45
5	69
5	75
5	148
5	138
5	59
5	72
5	14
5	38
5	27
5	67
5	111
5	118
5	29
5	1
5	125
5	37
5	128
5	51
5	76
5	140
5	127
5	84
5	108
5	154
5	66
5	89
5	152
5	48
5	57
5	116
5	85
5	122
5	81
5	16
5	109
5	83
5	146
5	74
5	46
5	61
5	80
5	134
5	100
5	107
5	13
5	47
5	35
5	15
5	33
5	104
5	53
5	99
5	98
5	87
5	96
5	117
5	3
5	68
5	103
5	113
5	131
5	71
5	123
5	130
6	34
6	36
6	48
6	8
6	26
6	69
6	154
6	12
6	90
6	54
6	96
6	88
6	138
6	83
6	119
6	117
6	25
6	85
6	101
6	65
6	63
6	19
6	142
6	73
6	70
6	106
6	86
6	152
6	45
6	135
6	149
6	51
6	74
6	123
6	29
6	128
6	17
6	47
6	38
6	107
6	108
6	72
6	114
6	57
6	60
6	71
6	125
6	79
6	64
6	116
6	81
6	50
6	4
6	134
6	95
6	61
6	115
6	2
6	143
6	10
6	146
6	87
6	15
6	121
6	5
6	42
6	147
6	141
6	105
6	66
6	52
6	131
6	150
6	67
6	126
6	33
6	139
6	76
6	24
6	133
6	30
6	21
6	68
6	23
6	102
6	136
6	94
6	53
6	49
6	122
6	92
6	84
6	11
6	78
6	151
6	137
6	28
6	7
6	93
6	31
6	148
6	112
6	14
6	44
6	100
6	27
6	140
6	3
6	132
6	43
6	1
6	40
6	56
6	99
6	130
7	88
7	8
7	144
7	6
7	34
7	72
7	41
7	127
7	135
7	39
7	70
7	75
7	26
7	83
7	62
7	142
7	31
7	152
7	51
7	54
7	1
7	150
7	76
7	107
7	128
7	89
7	80
7	45
7	149
7	138
7	61
7	58
7	73
7	66
7	30
7	121
7	64
7	108
7	122
7	116
7	148
7	46
7	134
7	99
7	96
7	68
7	79
7	50
7	119
7	25
7	130
7	102
7	2
7	143
7	146
7	85
7	36
7	69
7	17
7	12
7	27
7	32
7	74
7	154
7	52
7	59
7	48
7	65
7	35
7	82
7	23
7	111
7	11
8	10
8	93
8	133
8	29
8	90
8	3
8	60
8	21
8	88
8	31
8	117
8	73
8	97
8	150
8	34
8	87
8	20
8	79
8	104
8	45
8	108
8	57
8	49
8	120
8	5
8	69
8	89
8	61
8	16
8	91
8	71
8	6
8	76
8	152
8	113
8	142
8	26
8	23
8	24
8	40
9	132
9	88
9	8
9	150
9	25
9	147
9	45
9	148
9	69
9	54
9	34
9	154
9	26
9	42
9	106
9	70
9	83
9	40
9	50
9	2
9	38
9	58
9	20
9	119
9	107
9	76
9	61
9	77
9	51
9	27
9	67
9	30
9	46
9	75
9	138
9	1
9	74
9	5
9	108
9	105
9	125
9	102
9	12
9	123
9	149
9	143
9	79
9	152
9	44
9	73
9	57
9	93
9	136
9	66
9	113
9	36
9	128
9	64
9	130
9	78
9	49
9	96
9	13
9	59
9	71
9	28
9	15
9	91
9	52
9	41
9	3
9	90
9	145
9	142
9	141
9	131
10	51
10	34
10	82
10	26
10	153
10	88
10	107
10	6
10	17
10	72
10	45
10	93
10	122
10	69
10	111
10	31
10	21
10	109
10	154
10	59
10	3
10	144
10	35
10	125
10	117
10	115
10	76
10	54
10	120
10	57
10	84
10	52
10	74
10	131
10	78
10	77
10	140
10	138
10	9
10	85
10	119
10	73
10	148
10	13
10	24
10	60
10	63
10	103
10	152
10	8
10	67
10	5
10	65
10	116
10	2
10	49
10	133
10	108
10	150
10	79
10	61
10	134
10	50
10	75
10	47
10	142
10	149
10	96
10	91
10	43
10	44
10	30
10	40
10	1
10	80
10	118
10	106
10	130
10	90
10	25
10	27
10	123
10	135
10	66
10	68
10	143
10	137
10	83
10	94
10	146
10	132
11	68
11	119
11	129
11	7
11	148
11	34
11	99
11	90
11	46
11	8
11	105
11	59
11	147
11	91
11	95
11	136
11	141
11	121
11	85
11	1
11	117
11	69
11	88
11	114
11	36
11	72
11	50
11	67
11	120
11	112
11	94
11	5
11	6
11	17
11	58
11	111
11	86
11	73
11	32
11	45
11	26
11	79
11	77
11	123
11	2
11	44
11	74
11	35
11	142
11	135
11	40
11	25
11	3
11	98
11	152
11	84
11	150
11	75
11	132
11	18
11	16
11	51
11	48
11	128
11	137
11	80
11	4
11	154
11	151
11	56
11	153
11	29
11	109
11	138
11	110
11	106
11	43
11	65
11	33
11	42
11	52
11	9
12	78
12	34
12	8
12	88
12	136
12	152
12	128
12	31
12	19
12	4
12	33
12	13
12	25
12	142
12	107
12	150
12	64
12	22
12	61
12	35
12	6
12	39
12	149
12	73
12	147
12	46
12	119
12	76
12	83
12	51
12	54
12	94
12	66
12	134
12	103
12	67
12	70
12	45
12	69
12	65
12	44
12	145
12	47
12	18
12	11
12	116
12	92
12	27
12	85
12	26
12	17
12	49
12	15
12	111
12	138
12	5
12	130
12	14
12	132
12	125
12	135
12	102
12	40
12	91
12	112
12	58
12	118
12	2
12	109
12	137
12	80
12	113
12	98
12	55
12	96
12	81
12	95
12	140
12	143
12	90
12	74
12	48
12	36
12	28
12	148
12	72
12	75
12	104
12	57
12	108
12	56
12	141
12	154
12	106
12	42
12	3
12	86
12	16
12	100
12	59
12	117
12	79
12	122
13	6
13	77
13	56
13	104
13	140
13	79
13	69
13	88
13	106
13	108
13	19
13	51
13	48
13	26
13	72
13	34
13	90
13	147
13	95
13	2
13	143
13	1
13	71
13	40
13	8
13	68
13	32
13	59
13	148
13	119
13	125
13	126
13	111
13	128
13	151
13	18
13	91
13	54
13	73
13	84
13	62
13	142
13	85
13	134
13	112
13	63
13	10
14	48
14	147
14	19
14	65
14	102
14	135
14	59
14	67
14	11
14	5
14	142
14	83
14	25
14	33
14	117
14	72
14	26
14	73
14	112
14	138
14	149
14	13
14	109
14	148
14	85
14	92
14	75
14	27
14	115
14	42
14	34
14	119
14	54
14	45
14	63
14	86
14	43
14	118
14	98
14	71
14	131
14	60
14	134
14	123
14	107
15	34
15	135
15	67
15	107
15	26
15	88
15	45
15	65
15	129
15	72
15	119
15	2
15	147
15	80
15	48
15	149
15	32
15	146
15	118
15	40
15	36
15	41
15	69
15	141
15	132
15	142
15	79
15	138
15	27
15	74
15	151
15	114
15	128
15	56
15	6
15	59
15	91
15	99
15	68
15	108
15	58
16	104
16	133
16	60
16	49
16	90
16	139
16	8
16	72
16	20
16	110
16	87
16	114
16	10
16	88
16	117
16	124
16	54
16	140
16	93
16	34
16	111
16	12
16	73
16	31
16	63
16	5
16	128
16	152
16	86
16	70
16	55
16	67
16	130
16	59
16	123
16	51
17	72
17	123
17	16
17	88
17	149
17	22
17	146
17	108
17	51
17	73
17	34
17	6
17	15
17	38
17	107
17	74
17	27
17	64
17	111
17	125
17	61
17	48
17	127
17	136
17	89
17	120
17	46
17	144
17	5
17	47
17	131
17	122
17	95
17	32
17	57
17	54
17	143
17	69
17	142
17	53
17	82
17	81
17	135
17	45
17	68
17	87
17	147
17	137
17	40
17	141
17	128
17	9
17	26
17	98
17	62
17	103
17	134
17	71
17	70
17	90
18	90
18	88
18	34
18	80
18	74
18	6
18	48
18	77
18	29
18	7
18	54
18	142
18	128
18	45
18	38
18	150
18	26
18	154
18	87
18	107
18	49
18	133
18	23
18	47
18	73
18	123
18	125
18	108
18	61
18	72
18	64
18	79
18	97
18	98
18	78
18	31
18	95
18	149
18	118
18	96
18	30
18	103
18	136
18	46
18	83
18	76
18	69
18	66
18	20
18	147
18	122
18	119
18	104
18	56
18	152
18	109
18	84
18	57
18	11
18	39
18	85
18	110
18	59
18	33
18	135
18	134
18	58
18	81
18	67
18	60
18	113
19	88
19	69
19	107
19	34
19	131
19	54
19	6
19	154
19	130
19	150
19	61
19	29
19	83
19	67
19	51
19	147
19	35
19	76
19	49
19	15
19	108
19	79
19	26
19	66
19	74
19	133
19	20
19	125
19	106
19	128
19	152
19	73
19	116
19	45
19	63
19	97
19	140
19	50
19	120
19	149
19	142
19	123
19	1
19	148
19	27
19	31
19	30
19	90
19	46
19	119
19	60
19	134
19	132
19	84
19	113
19	47
19	112
19	122
19	129
19	111
19	32
19	57
19	96
20	88
20	142
20	26
20	82
20	149
20	147
20	78
20	51
20	34
20	140
20	73
20	143
20	125
20	54
20	96
20	80
20	6
20	144
20	72
20	69
20	62
20	45
20	128
20	116
20	28
20	122
20	49
20	61
20	107
20	30
20	76
20	64
20	22
20	154
20	101
20	63
20	24
20	150
20	67
20	8
20	111
20	39
20	123
20	105
20	146
20	102
20	68
20	152
20	74
20	47
20	48
20	153
21	9
21	136
21	88
21	152
21	54
21	122
21	148
21	69
21	33
21	72
21	73
21	34
21	45
21	6
21	123
21	67
21	13
21	119
21	114
21	142
21	28
21	131
21	128
21	5
21	51
21	138
21	40
21	103
21	26
21	79
21	101
21	39
21	85
21	35
21	31
21	95
21	107
21	25
21	108
21	68
21	149
21	102
21	75
21	1
21	147
21	66
21	97
21	90
21	130
21	80
21	134
21	65
21	11
21	48
21	113
21	92
21	19
21	135
21	96
21	64
21	141
21	61
21	8
21	150
21	129
21	3
21	154
21	83
21	27
21	52
22	51
22	90
22	34
22	73
22	126
22	88
22	116
22	8
22	128
22	135
22	125
22	64
22	95
22	76
22	69
22	152
22	72
22	17
22	117
22	57
22	123
22	115
22	79
22	143
22	54
22	61
22	26
22	74
22	29
22	45
22	151
22	50
22	67
22	114
22	4
22	107
22	103
22	142
22	63
22	129
22	154
22	146
22	48
22	44
22	49
22	140
22	83
23	85
23	150
23	72
23	54
23	88
23	73
23	50
23	13
23	6
23	39
23	100
23	61
23	149
23	69
23	34
23	122
23	147
23	78
23	116
23	15
23	107
23	40
23	142
23	91
23	30
23	66
23	75
23	125
23	47
23	68
23	152
23	114
23	103
23	35
23	84
23	22
23	63
23	133
23	4
23	121
23	76
23	99
23	57
23	79
23	128
23	27
23	26
23	154
23	86
23	3
23	64
23	134
23	25
23	29
23	83
23	32
23	81
23	38
23	70
23	153
23	67
23	11
23	146
23	42
23	74
23	31
23	1
23	151
23	82
23	113
23	96
23	51
23	119
23	45
23	60
23	7
23	135
23	55
23	108
24	130
24	47
24	34
24	13
24	88
24	20
24	107
24	51
24	154
24	96
24	27
24	149
24	54
24	26
24	76
24	45
24	146
24	72
24	87
24	69
24	111
24	29
24	150
24	67
24	133
24	61
24	49
24	40
24	105
24	140
24	74
24	128
24	152
24	89
24	1
24	48
24	125
24	16
24	116
24	14
24	141
24	142
24	25
24	138
24	79
24	64
24	122
24	92
24	113
24	35
24	42
24	31
24	85
24	147
24	73
24	15
24	99
24	83
24	134
24	66
25	67
25	18
25	88
25	11
25	105
25	54
25	51
25	69
25	142
25	34
25	150
25	45
25	83
25	26
25	19
25	35
25	65
25	119
25	49
25	154
25	107
25	60
25	90
25	73
25	96
25	135
25	70
25	50
25	68
25	152
25	31
25	123
25	100
25	72
25	85
25	128
25	133
25	1
25	106
25	147
25	146
25	149
25	27
25	58
25	103
25	137
25	24
25	16
25	9
25	5
25	78
25	20
25	64
25	89
25	109
25	57
25	111
25	132
25	79
25	6
25	8
25	84
25	130
25	2
25	66
25	21
25	61
25	102
25	30
25	76
25	136
25	92
25	32
25	80
25	98
25	42
25	52
25	17
25	108
25	28
25	13
25	29
25	121
25	43
25	129
25	140
25	33
25	82
25	125
25	120
25	143
25	104
25	48
25	112
26	29
26	146
26	68
26	38
26	2
26	142
26	132
26	53
26	32
26	40
26	118
26	150
26	112
26	3
26	48
26	19
26	34
26	88
26	65
26	124
26	93
26	111
26	20
26	139
26	89
26	36
26	54
26	16
26	133
26	49
26	101
26	100
26	109
26	137
26	107
26	141
26	81
26	22
26	31
26	87
26	64
26	72
26	145
26	83
26	47
26	120
26	69
26	67
26	5
26	123
26	135
26	35
26	56
26	11
26	45
26	63
26	116
26	114
26	73
26	102
26	90
26	149
26	122
26	15
26	119
26	125
26	128
26	108
26	134
26	51
26	52
26	84
26	55
26	110
26	27
26	85
26	24
26	106
26	60
26	10
26	66
26	115
26	94
27	26
27	1
27	102
27	17
27	90
27	84
27	68
27	62
27	13
27	30
27	64
27	131
27	142
27	65
27	71
27	33
27	123
27	88
27	76
27	101
27	35
27	132
27	86
27	79
27	2
27	127
27	69
27	104
27	80
27	108
27	105
27	34
27	95
27	50
27	125
27	94
27	54
27	29
27	70
27	8
27	82
27	129
27	115
27	112
27	38
27	147
27	25
27	114
27	32
27	145
27	135
27	99
27	146
27	126
27	58
27	122
27	98
27	21
27	119
27	72
27	51
27	100
27	128
27	136
27	109
27	67
27	28
27	73
27	141
27	5
27	61
27	77
27	31
27	46
27	91
27	40
27	118
27	55
27	48
27	138
27	151
27	74
27	144
27	53
27	106
27	43
27	85
27	3
27	143
27	49
27	6
27	103
27	130
27	12
27	66
27	96
27	45
28	67
28	34
28	22
28	26
28	90
28	123
28	54
28	88
28	45
28	72
28	140
28	36
28	61
28	69
28	120
28	48
28	65
28	74
28	128
28	62
28	16
28	148
28	15
28	152
28	38
28	108
28	105
28	83
28	76
28	47
28	135
28	149
28	14
28	31
28	3
28	25
28	117
28	136
28	6
28	94
28	8
28	59
28	87
28	1
28	71
28	85
28	73
28	119
28	57
28	53
28	51
28	111
28	80
28	84
28	107
28	33
28	109
28	91
28	143
28	27
28	86
28	151
28	126
28	142
28	134
28	96
28	35
28	100
28	127
28	113
28	11
28	75
28	63
28	144
28	13
28	43
28	112
28	42
28	66
29	36
29	146
29	40
29	85
29	32
29	118
29	20
29	132
29	3
29	68
29	112
29	107
29	2
29	90
29	38
29	120
29	56
29	88
29	150
29	135
29	23
29	48
29	35
29	100
29	110
30	119
30	1
30	102
30	27
30	136
30	72
30	125
30	128
30	69
30	34
30	118
30	73
30	45
30	149
30	91
30	88
30	143
30	79
30	107
30	36
30	67
30	65
30	64
30	152
30	13
30	37
30	46
30	54
30	3
30	26
30	25
30	127
30	150
30	142
30	18
30	51
30	138
30	129
30	123
30	42
30	11
30	112
30	99
30	154
30	92
31	66
31	88
31	122
31	90
31	34
31	33
31	54
31	73
31	45
31	53
31	116
31	96
31	59
31	69
31	147
31	26
31	142
31	154
31	127
31	119
31	72
31	152
31	79
31	78
31	6
31	83
31	125
31	64
31	16
31	40
31	149
31	47
31	95
31	4
31	135
31	140
31	81
31	11
31	67
31	85
31	15
31	27
31	80
31	98
31	107
31	84
31	108
31	46
31	141
31	51
31	14
31	70
31	139
31	28
31	48
31	104
31	76
31	150
31	74
31	143
31	19
31	13
31	1
31	65
31	3
31	132
31	134
31	151
31	58
31	50
31	102
31	61
31	57
31	49
31	130
31	136
31	133
31	38
31	82
31	148
31	105
31	114
31	29
31	118
31	123
31	35
31	121
31	71
31	92
31	12
31	5
31	109
31	131
31	128
31	68
31	62
31	87
31	22
31	25
31	138
31	30
31	97
31	113
31	75
31	111
31	55
31	17
31	42
31	10
32	88
32	122
32	123
32	143
32	34
32	67
32	72
32	69
32	11
32	35
32	54
32	71
32	83
32	149
32	57
32	125
32	142
32	8
32	108
32	73
32	58
32	30
32	103
32	51
32	26
32	107
32	17
32	45
32	21
32	112
32	65
32	53
32	78
32	38
32	147
32	91
32	119
32	61
32	62
32	80
32	79
32	90
32	4
32	76
32	82
32	70
32	152
32	116
32	6
32	131
32	109
32	154
32	27
32	48
32	15
32	50
32	136
32	74
32	87
32	117
32	18
32	43
32	94
32	121
32	134
32	141
32	1
32	75
32	39
32	46
32	64
32	89
32	14
32	105
32	41
32	98
32	28
32	113
32	66
32	102
32	25
32	16
32	68
32	9
32	23
32	31
32	44
32	132
32	92
32	95
32	81
32	128
32	96
32	150
32	127
32	84
32	104
32	47
32	151
32	3
32	93
32	153
32	135
32	138
32	114
32	22
32	146
32	55
32	33
33	61
33	114
33	104
33	88
33	148
33	49
33	26
33	133
33	149
33	20
33	120
33	27
33	87
33	34
33	142
33	119
33	129
33	75
33	66
33	134
33	135
33	103
33	16
33	90
33	71
33	54
33	123
33	68
33	136
33	45
33	85
33	139
33	84
33	23
33	59
33	143
33	60
34	18
34	4
34	105
34	127
34	19
34	110
34	101
34	28
34	32
34	132
34	77
34	88
34	106
34	35
34	68
34	24
34	146
34	53
34	107
34	31
34	26
34	23
34	71
34	83
34	112
34	20
34	12
34	61
34	55
34	44
34	38
34	40
34	36
34	64
34	75
34	76
34	6
34	115
34	69
34	133
34	142
34	150
34	139
34	48
34	37
34	2
34	3
34	54
34	60
34	39
34	116
34	49
34	10
34	118
34	117
34	81
34	45
34	141
34	151
34	7
34	135
34	124
34	52
34	97
34	90
34	73
34	30
34	125
34	78
34	120
34	89
34	5
34	100
34	67
34	56
34	148
34	111
34	85
34	47
34	13
34	87
34	93
34	109
34	57
34	123
34	134
34	147
34	130
34	152
34	79
34	137
34	143
34	128
34	62
34	103
34	1
34	113
34	82
34	149
34	50
34	66
34	51
34	16
34	42
34	72
34	92
34	121
34	122
34	154
34	43
34	65
34	84
34	22
34	29
34	99
34	94
34	59
34	9
34	21
34	108
34	80
34	104
35	121
35	122
35	72
35	139
35	108
35	27
35	88
35	87
35	90
35	67
35	16
35	123
35	81
35	106
35	126
35	8
35	70
35	147
35	127
35	62
35	34
35	82
35	149
35	64
35	54
35	111
35	79
35	58
35	143
35	59
35	91
35	114
35	89
35	137
35	83
35	51
35	125
35	73
35	5
35	3
35	48
35	71
35	61
35	119
35	142
35	69
35	148
35	152
35	11
35	85
35	154
35	151
35	76
35	26
35	57
35	45
35	12
35	113
35	107
35	63
35	68
35	86
35	144
35	134
35	40
35	30
35	80
35	131
35	56
35	44
35	55
35	136
35	66
35	6
35	94
35	109
36	129
36	88
36	54
36	20
36	142
36	133
36	6
36	26
36	122
36	29
36	90
36	72
36	87
36	99
36	34
36	93
36	13
36	15
36	81
36	111
36	120
36	69
36	5
36	4
36	60
36	127
36	116
36	41
36	21
36	51
36	10
36	49
36	107
36	150
36	66
36	152
36	74
36	45
36	123
36	85
36	149
36	77
36	61
36	11
36	73
36	63
36	134
36	86
36	58
36	22
36	78
36	140
36	114
37	88
37	67
37	45
37	11
37	149
37	33
37	72
37	78
37	105
37	28
37	132
37	34
37	54
37	76
37	26
37	18
37	87
37	142
37	125
37	31
37	35
37	96
37	148
37	29
37	73
37	79
37	5
37	124
37	152
37	121
37	38
37	64
37	59
37	55
37	1
37	15
37	47
37	116
37	99
37	111
37	122
37	146
37	2
37	147
37	66
37	74
37	84
37	23
37	108
37	113
37	65
37	57
37	3
37	81
37	127
37	109
37	83
37	128
37	6
37	103
37	102
37	51
37	48
37	119
37	114
37	135
37	69
37	101
37	30
37	14
37	134
37	100
37	27
38	53
38	110
38	83
38	88
38	124
38	108
38	139
38	73
38	148
38	54
38	45
38	112
38	78
38	14
38	142
38	133
38	20
38	1
38	27
38	34
38	67
38	134
38	65
38	26
38	152
38	8
38	123
38	151
38	116
38	61
38	11
38	154
38	57
38	125
38	51
38	84
38	66
38	136
38	146
38	28
38	76
38	48
38	80
38	25
38	69
38	149
38	135
38	79
38	72
38	128
38	42
38	100
38	41
38	74
38	143
38	92
38	90
39	51
39	18
39	114
39	34
39	88
39	148
39	150
39	11
39	73
39	147
39	26
39	149
39	129
39	83
39	71
39	80
39	108
39	41
39	25
39	95
39	70
39	12
39	106
39	115
39	16
39	45
39	58
39	17
39	141
39	64
39	7
39	127
39	119
39	57
39	79
39	75
39	69
39	87
39	54
39	63
39	93
39	86
39	55
39	48
39	46
39	128
39	98
39	28
39	36
39	143
39	78
39	47
39	122
39	151
39	138
39	90
39	152
39	91
39	33
39	96
39	154
39	92
39	136
39	142
39	43
39	125
40	90
40	88
40	34
40	26
40	69
40	27
40	35
40	138
40	114
40	54
40	76
40	147
40	25
40	51
40	59
40	45
40	142
40	83
40	128
40	18
40	135
40	79
40	141
40	6
40	66
40	150
40	43
40	108
40	149
40	152
40	131
40	72
40	73
40	81
40	71
40	123
40	8
40	58
40	98
40	116
40	46
40	87
40	125
40	121
40	117
40	2
40	91
40	89
40	119
40	74
40	134
40	61
40	53
40	126
40	48
40	64
40	106
40	129
40	11
40	102
40	148
40	151
40	47
40	113
40	78
40	137
40	17
40	143
40	154
40	36
40	122
40	67
40	68
40	96
40	33
40	57
40	80
40	104
40	107
40	130
40	103
40	145
40	3
40	105
40	94
40	85
40	84
40	30
40	99
40	112
40	10
40	50
40	38
40	100
40	29
41	148
41	142
41	90
41	98
41	26
41	72
41	101
41	104
41	67
41	152
41	12
41	54
41	34
41	83
41	47
41	88
41	45
41	65
41	30
41	87
41	70
41	74
41	111
41	27
41	81
41	132
41	69
41	46
41	125
41	119
41	140
41	63
41	3
41	37
41	59
41	143
41	28
41	108
41	116
41	60
41	145
41	153
41	114
41	115
41	68
41	40
41	94
41	112
41	122
42	70
42	71
42	72
42	119
42	40
42	82
42	26
42	48
42	2
42	125
42	108
42	146
42	27
42	73
42	132
42	63
42	123
42	80
42	88
42	11
42	112
42	64
42	38
42	74
42	126
42	1
42	34
42	59
42	77
42	69
42	6
42	107
42	142
42	30
42	91
42	100
42	61
42	43
42	90
42	39
42	147
42	118
42	104
42	135
43	72
43	122
43	73
43	74
43	88
43	34
43	95
43	15
43	99
43	47
43	87
43	142
43	26
43	98
43	90
43	6
43	149
43	54
43	131
43	115
43	91
43	31
43	114
43	30
43	22
43	113
43	111
43	123
43	103
43	68
43	140
43	84
43	79
43	112
43	143
43	11
43	45
43	27
43	1
43	104
43	57
43	59
43	145
43	71
44	25
44	88
44	34
44	19
44	22
44	45
44	142
44	118
44	90
44	43
44	94
44	128
44	107
44	78
44	64
44	108
44	54
44	83
44	51
44	130
44	152
44	32
44	68
44	148
44	140
44	69
44	119
44	92
44	66
44	59
44	149
44	72
44	11
44	102
44	40
44	96
44	79
44	65
44	42
44	153
44	3
44	77
44	84
44	35
44	27
44	134
44	129
44	91
44	73
44	114
44	147
44	111
44	146
44	26
44	135
44	57
44	81
44	5
44	125
44	67
44	16
45	19
45	140
45	148
45	73
45	63
45	111
45	22
45	72
45	59
45	93
45	142
45	68
45	143
45	88
45	32
45	34
45	26
45	29
45	115
45	107
45	35
45	82
45	6
45	9
45	40
45	90
45	64
45	12
45	16
45	79
45	125
45	51
45	112
45	108
45	132
45	62
45	54
45	151
45	74
45	69
45	61
45	146
45	114
45	76
45	50
45	39
45	84
45	27
45	58
45	81
45	70
45	28
45	96
45	109
45	121
45	48
45	31
45	2
45	128
45	85
45	87
45	47
45	123
45	118
45	5
45	131
45	144
45	89
45	43
45	106
45	101
45	17
45	67
45	57
45	38
45	49
45	152
45	53
45	99
45	154
45	113
45	134
45	137
45	136
45	133
45	141
45	104
45	20
45	37
45	60
45	30
45	149
45	66
45	71
45	55
45	86
45	138
45	119
45	100
45	129
45	14
45	130
45	8
45	135
45	153
45	122
46	88
46	73
46	34
46	41
46	123
46	69
46	154
46	76
46	45
46	51
46	30
46	149
46	74
46	10
46	3
46	129
46	102
46	90
46	31
46	133
46	1
46	85
46	142
46	97
46	67
46	111
46	54
46	72
46	26
46	83
46	64
46	152
46	134
46	79
46	108
46	87
46	27
46	153
46	95
46	16
46	35
46	130
46	145
46	143
46	96
46	125
46	107
47	2
47	26
47	146
47	68
47	137
47	3
47	101
47	133
47	36
47	135
47	67
47	48
47	107
47	32
47	72
47	34
47	132
47	89
47	16
47	141
47	100
47	45
47	88
47	150
47	22
47	6
47	143
47	79
47	24
47	149
47	111
47	52
48	36
48	88
48	151
48	117
48	45
48	125
48	74
48	8
48	90
48	123
48	26
48	87
48	7
48	34
48	116
48	73
48	54
48	149
48	133
48	71
48	69
48	22
48	40
48	21
48	114
48	152
48	79
48	105
48	141
48	143
48	128
48	112
48	2
48	68
48	107
48	81
48	6
48	93
48	24
48	137
48	140
48	148
48	130
48	146
48	49
48	27
48	1
48	72
48	10
48	14
48	11
48	99
48	53
48	67
48	64
48	96
48	145
49	88
49	67
49	22
49	69
49	54
49	74
49	107
49	136
49	140
49	8
49	83
49	149
49	45
49	26
49	29
49	34
49	76
49	57
49	79
49	32
49	82
49	73
49	142
49	39
49	51
49	150
49	80
49	119
49	143
49	42
49	122
49	91
49	108
49	1
49	125
49	44
49	152
49	13
49	2
49	47
49	6
49	105
49	154
49	64
49	61
49	116
49	127
49	72
49	118
49	90
49	4
49	84
49	78
49	130
49	128
49	87
49	60
49	19
49	151
49	66
49	96
49	145
49	9
49	148
49	114
49	70
49	46
49	123
49	113
49	59
49	81
49	56
49	75
49	50
49	27
49	40
49	135
49	17
49	28
49	12
49	68
49	121
49	3
49	134
49	98
49	14
49	131
49	35
49	111
49	25
50	33
50	32
50	26
50	118
50	146
50	54
50	40
50	88
50	132
50	38
50	142
50	2
50	133
50	109
50	112
50	68
50	120
50	89
50	3
50	48
50	56
50	53
50	67
50	36
50	100
50	85
50	123
50	135
51	19
51	132
51	48
51	2
51	68
51	112
51	146
51	100
51	150
51	101
51	32
51	28
51	35
51	141
51	40
51	67
51	127
51	135
51	88
51	31
51	107
51	7
51	8
51	4
51	118
51	49
51	37
51	50
51	64
51	3
51	5
51	120
51	45
51	124
51	52
51	16
51	18
51	22
51	81
51	133
51	90
51	85
51	38
51	36
51	34
51	54
51	60
51	109
51	57
51	149
51	61
51	12
51	53
51	89
51	15
51	77
51	138
51	42
51	79
51	44
52	67
52	26
52	138
52	89
52	129
52	88
52	142
52	61
52	90
52	149
52	105
52	81
52	78
52	57
52	134
52	54
52	125
52	150
52	51
52	11
52	16
52	79
52	73
52	45
52	50
52	69
52	34
52	152
52	85
52	13
52	74
52	128
52	28
52	116
52	87
52	96
52	136
52	122
52	154
52	47
52	146
52	107
52	119
52	14
52	91
52	70
52	147
52	38
52	27
52	83
52	113
52	106
52	30
52	72
52	92
52	84
52	40
52	58
52	64
52	2
52	118
52	3
52	66
53	88
53	31
53	110
53	123
53	154
53	102
53	11
53	34
53	124
53	139
53	119
53	72
53	45
53	8
53	54
53	67
53	133
53	84
53	78
53	52
53	125
53	82
53	73
53	94
53	32
53	28
53	140
53	66
53	142
53	50
53	38
53	30
53	149
53	148
53	136
53	90
53	3
53	14
53	83
53	135
53	118
53	27
53	108
53	106
53	61
53	150
53	57
53	152
53	43
53	79
53	134
53	96
54	34
54	88
54	51
54	142
54	19
54	17
54	132
54	138
54	126
54	39
54	147
54	26
54	2
54	35
54	32
54	38
54	136
54	20
54	70
54	50
54	1
54	73
54	114
54	69
54	115
54	48
54	24
54	63
54	107
54	84
54	12
54	131
54	85
54	68
54	146
54	81
54	103
54	135
54	112
54	83
54	46
54	31
54	8
54	40
54	4
54	141
54	123
54	133
54	108
54	79
54	143
54	64
54	61
54	154
54	95
54	60
54	72
54	151
54	125
54	106
54	36
54	65
54	80
54	67
54	101
54	43
54	76
54	91
54	140
54	47
54	66
54	137
54	77
54	57
54	149
54	25
54	29
54	42
54	28
54	74
54	144
54	27
54	22
54	58
54	44
54	16
54	41
54	13
54	5
54	120
54	59
54	96
54	100
54	119
54	89
54	117
54	53
54	105
54	129
54	109
54	99
54	52
54	152
54	30
54	98
54	118
54	15
54	6
54	128
54	18
54	55
54	45
54	56
54	90
54	111
54	86
54	49
54	102
54	71
54	33
54	121
54	150
54	104
54	130
54	94
54	127
54	145
55	131
55	88
55	144
55	27
55	54
55	70
55	76
55	34
55	72
55	35
55	108
55	59
55	102
55	57
55	74
55	73
55	130
55	142
55	114
55	150
55	84
55	69
55	18
55	137
55	79
55	56
55	148
55	124
55	67
55	133
55	107
55	30
55	104
55	111
55	63
55	118
55	66
55	26
55	90
55	61
55	154
55	139
55	10
55	16
56	67
56	54
56	72
56	74
56	88
56	27
56	78
56	142
56	123
56	13
56	90
56	34
56	73
56	127
56	144
56	8
56	122
56	125
56	124
56	62
56	25
56	119
56	49
56	133
56	81
56	24
56	139
56	151
56	106
56	112
56	110
56	39
56	42
56	29
56	150
56	108
56	149
56	11
56	79
56	66
56	69
56	26
57	88
57	80
57	45
57	34
57	47
57	26
57	73
57	141
57	27
57	33
57	25
57	31
57	146
57	10
57	119
57	67
57	121
57	64
57	2
57	143
57	142
57	39
57	76
57	128
57	53
57	35
57	61
57	147
57	140
57	125
57	149
57	60
57	72
57	69
57	74
57	51
57	132
57	96
57	54
57	9
57	84
57	6
57	81
57	135
57	13
57	1
57	99
57	68
57	89
57	138
57	48
57	152
57	29
57	22
57	98
57	65
57	75
57	58
57	43
57	91
57	38
57	134
57	108
57	101
57	112
57	110
57	79
57	56
57	122
57	19
57	42
57	32
57	153
57	94
57	4
57	148
57	107
57	40
57	106
57	103
57	50
57	7
57	85
57	59
57	109
57	100
57	133
57	41
57	111
57	129
57	83
57	11
57	66
57	130
57	136
57	37
57	46
57	131
57	12
57	63
57	3
57	137
58	79
58	114
58	26
58	88
58	149
58	34
58	81
58	70
58	123
58	152
58	50
58	67
58	54
58	107
58	64
58	74
58	147
58	142
58	43
58	146
58	53
58	82
58	106
58	90
58	83
58	5
58	45
58	69
58	138
58	68
58	92
58	32
58	27
58	33
58	84
58	51
58	96
58	87
58	72
58	125
58	105
58	136
58	30
59	74
59	26
59	88
59	90
59	125
59	34
59	73
59	126
59	99
59	51
59	80
59	71
59	25
59	64
59	147
59	121
59	123
59	5
59	61
59	91
59	54
59	87
59	52
59	146
59	69
59	77
59	46
59	138
59	128
59	66
59	56
59	84
59	154
59	11
59	36
59	113
59	79
59	57
59	70
59	27
59	29
59	78
59	45
59	103
59	63
59	133
59	94
59	129
59	109
60	10
60	88
60	26
60	47
60	45
60	69
60	21
60	93
60	4
60	72
60	13
60	107
60	34
60	116
60	51
60	128
60	149
60	114
60	74
60	125
60	122
60	80
60	108
60	105
60	83
60	152
60	6
60	79
60	54
60	66
60	67
60	76
60	64
60	136
60	61
60	78
60	95
60	18
60	73
60	154
60	142
60	27
60	123
60	111
60	135
60	29
60	143
60	148
60	131
60	50
60	46
60	57
60	120
60	68
60	14
60	75
60	121
60	134
60	31
60	96
60	90
60	3
60	138
60	82
60	59
60	32
60	8
60	11
60	133
60	85
60	150
60	22
60	70
60	28
60	99
60	103
60	87
60	144
60	106
60	48
60	89
60	5
60	30
60	2
60	146
60	94
60	119
60	117
60	151
60	92
60	109
60	36
60	81
60	1
60	42
60	65
60	15
60	17
60	137
60	24
61	26
61	34
61	107
61	58
61	88
61	54
61	125
61	116
61	72
61	121
61	52
61	142
61	64
61	29
61	51
62	69
62	25
62	88
62	34
62	142
62	61
62	26
62	57
62	154
62	30
62	81
62	133
62	67
62	54
62	51
62	76
62	45
62	73
62	94
62	27
62	105
62	151
62	60
62	122
62	143
62	147
62	93
62	18
62	116
62	35
62	91
62	98
62	65
62	32
62	120
62	46
62	95
62	141
62	20
62	108
62	123
62	119
62	79
62	137
62	107
62	99
62	63
62	149
62	106
62	66
63	78
63	147
63	25
63	91
63	88
63	84
63	26
63	65
63	142
63	136
63	69
63	99
63	33
63	67
63	34
63	48
63	119
63	46
63	79
63	135
63	47
63	85
63	14
63	45
63	96
63	111
63	62
63	8
63	149
63	54
63	30
63	27
63	76
63	122
63	80
63	6
63	152
63	95
63	134
63	16
63	50
63	57
63	74
63	116
63	83
63	92
63	1
63	105
63	107
63	144
63	108
63	11
63	3
63	120
63	148
63	137
63	138
63	5
63	103
63	153
63	19
63	72
63	140
63	73
63	125
63	70
63	130
63	141
63	61
63	28
63	98
63	56
63	66
63	128
63	55
63	143
63	15
63	102
63	109
63	94
63	151
63	75
63	115
63	129
63	40
63	90
63	146
63	100
63	97
63	42
63	112
63	68
63	86
63	104
63	121
64	89
64	2
64	118
64	68
64	48
64	146
64	53
64	112
64	34
64	38
64	31
64	32
64	100
64	132
64	40
64	26
64	116
64	107
64	76
64	19
64	3
64	5
64	88
64	120
64	77
64	52
64	135
64	148
64	104
64	45
64	72
64	153
64	73
65	27
65	114
65	72
65	86
65	115
65	63
65	30
65	76
65	35
65	26
65	144
65	64
65	70
65	34
65	147
65	51
65	95
65	122
65	106
65	123
65	54
65	45
65	39
65	43
65	82
65	68
65	71
65	99
65	126
65	59
65	154
65	75
65	25
65	119
65	108
65	67
65	32
65	142
65	69
65	134
65	36
65	29
65	50
65	1
65	88
65	132
65	40
65	6
65	129
65	90
65	146
65	113
65	3
65	128
65	85
65	153
65	152
65	94
65	104
65	96
66	69
66	119
66	27
66	142
66	34
66	88
66	152
66	147
66	25
66	95
66	47
66	16
66	82
66	29
66	70
66	128
66	38
66	146
66	48
66	118
66	73
66	8
66	68
66	26
66	51
66	74
66	91
66	46
66	115
66	17
66	2
66	126
66	1
66	11
66	107
66	6
66	79
66	135
66	102
66	138
66	10
66	136
66	33
66	105
66	114
66	45
66	21
66	96
66	72
66	43
66	55
66	143
66	154
66	3
66	59
66	130
66	94
66	85
66	32
66	81
66	140
66	64
66	56
66	151
66	18
66	144
66	80
66	76
66	84
66	112
66	145
66	101
66	111
66	125
66	134
66	109
66	129
66	65
66	123
66	90
66	36
66	121
66	103
66	71
66	41
66	35
66	137
67	144
67	72
67	34
67	55
67	143
67	73
67	79
67	68
67	39
67	147
67	111
67	69
67	32
67	88
67	33
67	29
67	142
67	86
67	63
67	90
67	74
67	146
67	16
67	76
67	123
67	100
67	125
67	82
67	17
67	27
67	12
67	119
67	141
67	65
67	108
67	70
67	26
67	50
67	51
67	95
67	64
67	60
67	30
67	80
67	41
67	154
67	81
67	38
67	1
67	106
67	83
67	25
67	48
67	112
67	40
67	136
67	149
67	58
67	152
67	121
67	15
67	114
67	44
67	132
67	99
67	36
67	8
67	135
67	120
67	89
67	5
67	91
67	117
67	96
67	138
67	122
67	2
67	46
67	54
67	56
67	139
67	9
67	35
67	129
67	150
67	57
67	98
67	6
67	137
67	62
67	113
67	140
67	151
67	71
67	110
67	85
67	59
67	118
67	49
67	124
67	134
67	94
67	130
67	153
67	61
67	84
68	88
68	69
68	58
68	34
68	147
68	119
68	140
68	136
68	96
68	25
68	54
68	149
68	33
68	39
68	46
68	152
68	72
68	48
68	82
68	131
68	85
68	128
68	83
68	1
68	154
68	73
68	78
68	26
68	14
68	95
68	27
68	98
68	76
68	57
68	102
68	84
68	74
68	11
68	142
68	67
68	70
68	89
68	75
68	31
68	117
68	64
68	6
68	99
68	45
68	35
68	5
68	139
68	66
68	121
68	114
68	61
68	134
68	150
68	138
68	137
68	22
68	79
68	105
68	123
68	90
68	108
68	13
68	51
68	143
68	62
68	97
68	71
68	15
68	130
68	125
68	21
68	36
68	18
68	94
68	91
68	141
68	92
68	135
68	109
68	116
68	29
68	133
68	113
68	129
68	42
68	151
68	28
68	118
68	50
68	153
68	12
68	148
68	65
68	56
68	80
68	17
68	40
68	8
68	103
68	9
68	59
68	127
68	3
68	55
68	41
68	111
68	107
68	146
68	124
68	52
68	44
68	106
68	30
68	53
69	24
69	133
69	127
69	49
69	18
69	4
69	61
69	20
69	3
69	8
69	97
69	68
69	104
69	31
69	34
69	88
69	60
69	35
69	150
69	106
69	28
69	67
69	116
69	2
69	45
69	64
69	73
69	26
69	12
69	32
69	5
69	120
69	52
69	37
69	115
69	136
69	91
69	22
69	44
69	76
69	14
69	107
69	90
69	79
69	101
69	112
69	54
69	105
69	29
69	7
69	48
69	123
69	84
69	77
69	66
69	36
69	43
69	9
69	118
69	81
69	6
69	143
69	125
70	67
70	83
70	88
70	150
70	116
70	19
70	34
70	123
70	74
70	25
70	39
70	29
70	108
70	132
70	54
70	147
70	111
70	119
70	73
70	13
70	135
70	81
70	134
70	41
70	122
70	82
70	149
70	1
70	69
70	26
70	58
70	57
70	142
70	15
70	85
70	35
70	28
70	62
70	61
70	154
70	125
70	46
70	27
70	55
70	143
70	45
70	72
70	16
70	65
70	137
70	107
70	33
70	121
70	103
70	152
70	48
70	75
70	36
70	130
70	3
70	31
70	90
70	92
70	98
70	140
70	76
70	6
70	30
70	8
70	66
70	51
70	32
70	128
70	18
70	87
70	43
70	2
70	102
70	131
70	52
70	148
70	42
70	138
70	11
70	97
70	89
70	63
70	146
70	144
70	64
70	79
71	147
71	83
71	125
71	58
71	132
71	114
71	12
71	86
71	88
71	67
71	63
71	41
71	138
71	26
71	2
71	117
71	31
71	8
71	82
71	34
71	95
71	17
71	62
71	60
71	154
71	105
71	69
71	25
71	54
71	149
71	143
71	148
71	136
71	51
71	36
71	73
71	146
71	120
71	80
71	142
71	5
71	45
71	68
71	27
71	152
71	23
71	75
71	141
71	124
71	32
71	144
71	137
71	47
71	77
71	118
71	121
71	89
71	48
71	70
71	74
71	40
71	72
71	79
71	9
71	119
71	151
71	109
71	140
71	44
71	1
71	11
71	7
71	107
71	113
71	33
71	131
71	38
71	115
71	122
71	42
71	134
71	20
71	98
71	35
71	153
71	100
71	128
71	65
71	106
71	91
71	50
71	129
71	66
71	96
71	150
71	130
71	39
71	85
71	55
71	92
71	6
71	145
72	98
72	45
72	55
72	16
72	34
72	128
72	90
72	91
72	18
72	80
72	26
72	71
72	147
72	51
72	33
72	88
72	95
72	67
72	125
72	2
72	61
72	79
72	63
72	101
72	35
72	12
72	114
72	150
72	41
72	136
72	38
72	123
72	57
72	146
72	43
72	56
72	132
72	54
72	126
72	70
72	69
72	25
72	29
72	131
72	149
72	96
72	78
72	58
72	107
72	28
72	154
72	24
72	148
72	115
72	129
72	112
72	11
72	137
72	138
72	152
72	60
72	106
72	13
72	47
72	74
72	64
72	81
72	143
72	108
72	83
72	50
72	122
72	103
72	30
72	151
72	142
72	76
72	119
72	31
72	133
72	68
72	17
72	27
72	73
72	65
72	145
72	140
72	94
72	4
72	40
72	93
72	44
72	116
72	19
72	127
72	85
72	134
72	135
72	36
72	86
72	52
72	49
72	15
72	141
72	118
72	121
72	39
72	7
72	77
72	8
72	46
72	120
72	5
72	99
72	66
72	87
72	82
72	104
72	109
72	21
72	130
72	3
72	97
72	53
72	75
72	102
72	37
72	1
72	113
72	32
72	110
72	84
72	48
72	89
72	23
72	92
72	42
72	100
72	59
72	10
73	18
73	28
73	12
73	142
73	107
73	71
73	81
73	123
73	79
73	88
73	143
73	101
73	41
73	148
73	77
73	33
73	26
73	70
73	112
73	65
73	144
73	37
73	72
73	31
73	90
73	45
73	80
73	69
73	125
73	4
73	62
73	27
73	36
73	34
73	98
73	147
73	91
73	118
73	114
73	2
73	96
73	40
73	47
73	97
73	102
73	126
73	63
73	8
73	120
73	58
73	119
73	5
73	17
73	42
73	146
73	129
73	44
73	38
73	24
73	56
73	32
73	138
73	85
73	94
73	50
73	68
73	39
73	136
73	154
73	64
73	59
73	35
73	9
73	106
73	133
73	132
73	150
73	108
73	86
73	127
73	141
73	54
73	52
73	105
73	128
73	95
73	57
73	135
73	111
73	66
73	76
73	11
73	14
73	100
73	140
73	74
73	149
73	104
73	53
73	137
73	6
74	81
74	68
74	32
74	12
74	106
74	28
74	127
74	101
74	118
74	31
74	120
74	5
74	115
74	88
74	80
74	44
75	25
75	27
75	45
75	57
75	54
75	142
75	34
75	102
75	15
75	67
75	88
75	26
75	133
75	73
75	119
75	149
75	96
75	1
75	39
75	21
75	65
75	83
75	66
75	130
75	147
75	51
75	112
75	146
75	79
75	154
75	114
75	150
75	68
75	13
75	50
75	2
75	56
75	19
75	152
75	135
75	134
75	137
75	47
75	5
75	16
75	48
75	69
75	32
75	84
75	33
75	115
75	92
75	30
75	55
75	99
75	7
75	11
75	140
75	127
75	43
76	79
76	34
76	13
76	72
76	2
76	111
76	106
76	58
76	50
76	122
76	69
76	64
76	45
76	49
76	123
76	135
76	146
76	149
76	73
76	95
76	51
76	142
76	46
76	143
76	26
76	16
76	63
76	74
76	154
76	132
76	84
76	125
76	55
76	54
76	12
76	68
76	1
76	19
76	62
76	18
76	32
76	8
76	9
76	6
76	115
76	47
76	145
76	130
76	29
76	114
76	70
76	89
76	136
76	35
76	67
76	36
76	25
76	118
76	108
76	82
76	39
76	20
76	33
76	131
76	78
76	134
76	133
76	65
76	117
76	40
76	128
76	61
76	88
76	119
76	44
76	96
76	144
77	59
77	18
77	118
77	69
77	88
77	104
77	34
77	19
77	105
77	45
77	74
77	13
77	6
77	136
77	15
77	140
77	54
77	72
77	67
77	146
77	87
77	81
77	51
77	79
77	73
77	31
77	66
77	78
77	138
77	142
77	76
77	123
77	14
77	122
77	152
77	147
77	98
77	80
77	11
77	151
77	26
77	46
77	149
77	1
77	113
77	148
77	128
77	108
77	36
77	99
77	42
77	71
77	90
77	57
77	107
77	95
78	143
78	142
78	34
78	65
78	87
78	121
78	119
78	27
78	84
78	69
78	72
78	103
78	33
78	149
78	40
78	26
78	35
78	81
78	88
78	25
78	83
78	11
78	85
78	147
78	152
78	29
78	19
78	92
78	67
78	99
78	75
78	63
78	102
78	42
78	73
78	48
78	58
78	138
78	30
78	114
78	91
78	107
78	146
78	31
78	59
78	12
78	8
78	51
78	70
78	45
78	74
78	135
78	55
78	95
78	109
78	43
78	130
78	3
78	1
78	66
78	86
78	134
78	44
78	68
78	6
78	79
78	106
78	131
78	117
78	46
78	150
79	18
79	68
79	61
79	32
79	81
79	115
79	106
79	4
79	127
79	105
79	104
79	118
79	49
79	88
79	34
79	63
79	60
79	120
79	59
79	5
79	114
79	107
79	133
79	6
79	140
79	146
79	94
79	90
79	48
79	150
79	97
79	45
79	7
79	37
79	23
79	75
79	128
79	76
79	125
79	116
79	15
79	112
79	54
79	47
79	142
80	49
80	126
80	45
80	151
80	95
80	99
80	90
80	43
80	18
80	88
80	46
80	60
80	34
80	3
80	98
80	26
80	107
80	69
80	31
80	24
80	104
80	87
80	123
80	85
80	97
80	133
80	94
80	73
80	72
80	1
80	154
80	150
80	117
80	91
80	143
80	71
80	122
80	30
80	145
80	142
81	88
81	154
81	45
81	69
81	37
81	11
81	35
81	34
81	152
81	123
81	142
81	26
81	122
81	51
81	80
81	125
81	64
81	67
81	149
81	6
81	114
81	54
81	72
81	50
81	76
81	119
81	134
81	36
81	79
81	27
81	47
81	108
81	63
81	83
81	70
81	148
81	25
81	78
81	61
81	66
81	48
81	146
81	74
81	137
81	5
81	73
81	28
81	57
81	96
81	140
81	130
81	52
81	84
81	71
81	147
81	8
81	135
81	75
81	19
81	143
81	150
81	151
81	90
81	109
81	1
81	13
81	115
81	7
81	131
81	129
82	25
82	88
82	147
82	87
82	100
82	71
82	114
82	70
82	115
82	41
82	68
82	38
82	47
82	135
82	95
82	143
82	43
82	34
82	90
82	86
82	69
82	126
82	26
82	31
82	108
82	131
82	149
82	85
82	67
82	132
82	152
82	2
82	63
82	51
82	146
82	5
82	138
82	33
82	35
82	107
82	99
82	54
82	11
82	57
82	12
82	20
82	106
82	48
82	16
82	79
82	102
82	139
82	112
82	45
82	84
82	32
82	109
82	40
82	150
82	19
82	77
82	125
82	142
82	17
82	154
82	118
82	130
82	76
83	88
83	75
83	34
83	114
83	96
83	107
83	18
83	115
83	129
83	147
83	112
83	73
83	26
83	63
83	146
83	125
83	12
83	101
83	39
83	74
83	145
83	102
83	64
83	69
83	143
83	128
83	50
83	141
83	2
83	68
83	132
83	108
83	51
83	138
83	32
83	67
83	144
83	54
83	149
83	81
83	35
83	79
83	66
83	134
83	76
83	85
83	65
83	71
83	80
83	40
83	29
83	103
83	23
83	100
83	118
83	154
83	44
83	70
83	57
83	1
83	90
83	121
83	152
83	3
83	16
83	45
83	11
84	122
84	114
84	26
84	72
84	29
84	125
84	123
84	113
84	147
84	90
84	82
84	54
84	145
84	34
84	88
84	135
84	132
84	149
84	111
84	39
84	24
84	71
84	8
84	25
84	138
84	45
84	98
84	46
84	68
84	57
84	128
84	6
84	11
84	112
84	32
84	41
84	151
84	40
84	51
84	69
84	153
84	63
84	148
84	87
84	95
84	80
84	142
84	48
84	76
84	146
84	118
84	152
84	131
84	134
84	154
85	87
85	72
85	6
85	47
85	34
85	63
85	78
85	88
85	113
85	71
85	91
85	90
85	70
85	46
85	126
85	4
85	135
85	50
85	123
85	128
85	26
85	122
85	107
85	114
85	147
85	116
85	80
85	38
85	149
85	27
85	7
85	143
85	82
85	54
85	150
85	36
85	142
85	103
85	49
85	41
85	74
85	69
85	138
85	148
85	141
85	48
85	45
85	1
85	68
85	154
85	60
85	111
85	106
85	152
85	51
85	96
85	79
85	145
85	75
85	104
85	15
85	73
85	81
85	44
85	59
85	65
85	140
85	22
85	14
85	131
85	115
85	84
85	102
85	9
85	57
86	25
86	34
86	96
86	51
86	135
86	54
86	104
86	64
86	142
86	108
86	152
86	147
86	136
86	45
86	26
86	88
86	128
86	107
86	35
86	143
86	69
86	1
86	153
86	65
86	138
86	98
86	90
86	11
86	150
86	92
86	6
86	80
86	146
86	79
86	112
86	154
86	149
86	73
86	148
86	19
86	85
86	75
86	125
86	67
86	14
86	27
86	129
86	141
86	119
86	111
86	46
86	30
86	103
86	63
86	33
86	71
86	99
86	145
86	132
86	70
86	126
86	66
86	84
86	16
86	56
87	25
87	147
87	140
87	17
87	139
87	88
87	105
87	133
87	6
87	67
87	10
87	114
87	29
87	91
87	22
87	8
87	54
87	138
87	86
87	45
87	34
87	72
87	27
87	142
87	26
87	20
87	31
87	82
87	4
87	69
87	73
87	80
87	37
87	70
87	85
87	64
87	60
87	81
87	36
87	66
87	125
87	132
87	44
87	49
87	148
87	19
87	51
87	89
87	107
87	2
87	152
87	5
87	95
87	50
87	63
87	117
87	120
87	143
87	48
87	21
87	100
87	12
87	130
87	96
87	116
87	97
87	24
87	61
87	68
87	9
87	144
87	30
87	119
87	23
87	46
87	111
87	129
87	79
87	40
88	19
88	94
88	82
88	148
88	36
88	132
88	34
88	22
88	18
88	80
88	24
88	98
88	26
88	16
88	48
88	142
88	83
88	73
88	140
88	1
88	136
88	99
88	69
88	79
88	119
88	84
88	8
88	143
88	29
88	107
88	146
88	135
88	6
88	45
88	61
88	51
88	40
88	122
88	154
88	111
88	85
88	2
88	108
88	17
88	67
88	32
88	72
88	152
88	138
88	64
88	89
88	11
88	91
88	127
88	141
88	78
88	147
88	109
88	41
88	12
88	77
88	76
88	87
88	125
88	96
88	35
88	39
88	20
88	133
88	112
88	28
88	50
88	121
88	114
88	38
88	25
88	62
88	115
88	153
88	27
88	70
88	150
88	151
88	43
88	128
88	86
88	118
88	81
88	68
88	54
88	44
88	42
88	120
88	149
88	31
88	101
88	63
88	23
88	59
88	95
88	74
88	145
88	30
88	126
88	116
88	47
88	13
88	137
88	49
88	65
88	105
88	100
88	4
88	9
88	56
88	106
88	21
88	7
88	103
88	58
88	55
88	93
88	3
88	15
88	57
88	129
88	131
88	37
88	14
88	46
88	33
88	113
88	102
88	117
88	97
88	5
88	144
88	66
88	130
88	53
88	75
88	52
88	92
88	60
88	123
88	110
88	90
88	139
88	10
88	134
88	124
88	104
88	71
89	88
89	8
89	152
89	139
89	133
89	87
89	26
89	52
89	116
89	137
89	106
89	54
89	120
89	51
89	149
89	38
89	11
89	34
89	5
89	27
89	45
89	74
89	14
89	1
89	110
89	147
89	78
89	57
89	108
89	97
89	31
89	82
89	80
89	69
89	146
89	73
89	48
89	60
89	90
89	104
89	40
89	96
89	107
89	64
89	72
89	124
89	142
89	131
89	103
90	111
90	25
90	147
90	29
90	22
90	18
90	34
90	138
90	142
90	16
90	63
90	150
90	26
90	88
90	140
90	132
90	72
90	36
90	154
90	46
90	143
90	8
90	45
90	2
90	54
90	67
90	128
90	110
90	51
90	53
90	48
90	31
90	105
90	69
90	95
90	107
90	125
90	76
90	37
90	122
90	62
90	49
90	41
90	79
90	116
90	56
90	91
90	73
90	80
90	28
90	127
90	3
90	136
90	83
90	146
90	60
90	82
90	64
90	144
90	21
90	100
90	117
90	20
90	133
90	94
90	70
90	17
90	113
90	68
90	120
90	58
90	97
90	118
90	137
90	119
90	5
90	78
90	9
90	99
90	84
90	129
90	23
90	1
90	77
90	151
90	149
90	75
90	59
90	35
90	148
90	6
90	4
90	85
90	98
90	12
90	33
90	47
90	114
90	32
90	81
90	10
90	89
90	101
90	86
90	102
90	65
90	38
90	96
90	7
90	152
90	103
90	11
90	50
90	61
90	124
90	108
90	44
90	106
90	66
90	93
90	27
90	141
90	135
90	40
90	43
90	109
90	121
90	57
90	115
90	112
90	134
90	104
90	55
90	130
90	71
90	30
90	131
90	153
91	3
91	151
91	88
91	133
91	45
91	34
91	69
91	8
91	120
91	117
91	39
91	72
91	61
91	60
91	5
91	123
91	111
91	51
91	138
91	104
91	90
91	87
91	22
91	82
91	103
91	64
91	29
91	140
91	146
91	114
91	109
91	142
91	10
91	145
91	9
91	28
91	33
91	1
91	79
91	40
91	122
91	67
92	54
92	142
92	148
92	138
92	88
92	119
92	141
92	43
92	153
92	1
92	108
92	79
92	149
92	25
92	72
92	26
92	64
92	98
92	55
92	152
92	45
92	96
92	53
92	29
92	24
92	34
92	63
92	146
92	125
92	123
92	70
92	47
92	2
92	51
92	128
92	18
92	68
92	147
92	6
92	66
92	114
92	8
92	78
92	19
92	136
92	56
92	69
92	61
92	59
92	86
92	113
92	31
92	84
92	130
92	48
92	40
93	69
93	88
93	34
93	29
93	6
93	152
93	54
93	142
93	39
93	15
93	154
93	45
93	141
93	122
93	25
93	73
93	76
93	30
93	31
93	13
93	72
93	150
93	119
93	48
93	67
93	64
93	32
93	153
93	107
93	127
93	81
93	116
93	75
93	149
93	63
93	135
93	27
93	134
93	3
93	5
93	78
93	84
93	51
93	62
93	121
93	61
93	99
93	66
93	117
93	57
93	19
93	147
93	112
93	52
93	83
93	36
93	26
93	113
93	74
93	140
93	11
93	97
93	12
93	4
93	104
93	79
93	70
93	128
93	138
93	95
93	148
93	90
93	22
94	10
94	133
94	88
94	26
94	60
94	90
94	49
94	104
94	68
94	21
94	72
94	34
94	107
94	38
94	46
94	117
94	123
94	69
94	79
94	87
94	81
94	20
94	132
94	142
94	145
94	146
94	154
94	14
94	119
94	106
94	118
94	149
94	63
94	114
94	108
94	54
94	122
94	73
94	125
94	45
94	152
94	67
94	27
95	88
95	73
95	26
95	72
95	67
95	24
95	125
95	45
95	38
95	64
95	105
95	17
95	82
95	69
95	83
95	107
95	54
95	123
95	34
95	150
95	142
95	48
95	143
95	60
95	152
95	3
95	31
95	133
95	90
95	57
95	76
95	128
95	15
95	29
95	154
95	79
95	49
95	81
95	137
95	149
95	122
95	97
95	148
95	119
95	130
95	28
95	46
95	80
95	84
95	104
95	59
95	78
95	43
95	66
95	140
95	111
95	146
95	121
95	10
96	32
96	146
96	2
96	68
96	20
96	132
96	94
96	35
96	31
96	40
96	101
96	135
96	88
96	150
96	16
96	137
96	133
96	120
96	5
96	107
96	89
96	4
96	67
96	139
96	65
96	123
96	38
96	52
96	24
96	48
96	100
96	112
96	3
96	85
96	56
97	32
97	79
97	88
97	81
97	125
97	26
97	152
97	47
97	34
97	85
97	149
97	52
97	54
97	61
97	89
97	58
97	14
97	128
97	59
97	68
97	78
97	135
97	74
97	57
97	69
97	45
97	3
97	6
97	90
97	123
97	28
97	73
97	116
97	76
97	117
97	51
97	111
97	140
97	104
97	72
97	142
97	154
97	91
97	138
97	148
97	107
97	113
97	150
97	136
97	92
97	19
97	96
97	66
97	119
97	67
97	143
97	17
97	4
97	122
98	142
98	34
98	141
98	88
98	59
98	45
98	39
98	125
98	26
98	51
98	69
98	27
98	62
98	54
98	73
98	57
98	41
98	133
98	76
98	67
98	10
98	116
98	15
98	103
98	72
98	123
98	3
98	149
98	104
98	1
98	99
98	152
98	46
98	143
98	84
98	64
98	65
98	154
98	79
98	43
98	53
98	9
98	35
98	108
98	111
98	96
98	102
98	153
98	17
98	80
98	85
99	25
99	69
99	34
99	114
99	8
99	26
99	54
99	121
99	48
99	88
99	73
99	13
99	62
99	27
99	29
99	142
99	95
99	58
99	17
99	70
99	125
99	136
99	51
99	31
99	119
99	138
99	82
99	151
99	85
99	75
99	67
99	33
99	146
99	115
99	19
99	43
99	45
99	10
99	108
99	143
99	74
99	72
100	149
100	88
100	34
100	70
100	103
100	27
100	114
100	26
100	45
100	108
100	125
100	106
100	18
100	146
100	95
100	69
100	57
100	123
100	141
100	152
100	17
100	136
100	80
100	128
100	8
100	134
100	74
100	142
100	51
100	3
100	133
100	138
100	78
100	147
100	73
100	55
100	148
100	54
100	131
100	61
100	83
100	46
100	121
100	105
100	33
100	53
100	14
100	63
100	43
100	143
100	25
100	154
100	66
100	48
100	65
100	42
100	90
100	79
100	96
100	56
101	26
101	54
101	92
101	107
101	134
101	132
101	87
101	88
101	104
101	51
101	34
101	74
101	105
101	46
101	122
101	119
101	83
101	81
101	73
101	108
101	149
101	57
101	45
101	128
101	6
101	125
101	72
101	17
101	150
101	79
101	152
101	47
101	16
101	69
101	61
101	30
101	133
101	67
101	138
101	151
101	94
101	143
101	99
101	76
101	117
101	80
101	121
101	48
101	66
101	154
101	141
101	148
101	14
101	103
101	142
101	140
101	41
101	147
102	123
102	72
102	1
102	126
102	132
102	119
102	82
102	34
102	90
102	69
102	29
102	62
102	88
102	35
102	114
102	144
102	32
102	122
102	142
102	112
102	33
102	143
102	153
102	68
102	53
102	21
102	95
102	71
102	54
102	63
102	50
102	25
102	133
102	70
102	152
102	86
102	43
102	85
102	51
102	149
102	108
102	137
102	93
102	106
102	40
102	65
102	115
102	49
102	59
102	146
102	10
102	66
102	73
102	64
102	113
102	118
102	27
102	134
102	101
102	78
102	30
102	2
102	26
103	67
103	151
103	99
103	25
103	114
103	88
103	146
103	125
103	85
103	54
103	32
103	147
103	34
103	42
103	47
103	64
103	81
103	35
103	79
103	138
103	118
103	149
103	101
103	26
103	45
103	73
103	2
103	62
103	108
103	12
103	33
103	91
103	141
103	142
103	129
103	43
103	102
103	144
103	70
103	130
103	30
103	69
103	63
103	94
103	27
103	6
103	40
103	44
103	77
103	136
104	25
104	142
104	140
104	88
104	73
104	110
104	26
104	20
104	143
104	107
104	111
104	69
104	34
104	65
104	45
104	108
104	80
104	105
104	43
104	91
104	6
104	122
104	125
104	118
104	133
104	5
104	51
104	89
104	49
104	54
104	50
104	102
104	97
104	29
104	60
104	98
104	147
104	53
104	101
104	24
104	138
104	148
104	23
104	40
104	128
104	3
104	149
104	129
104	66
104	117
104	79
104	83
104	130
104	103
104	119
104	84
104	72
104	27
104	48
104	35
105	127
105	143
105	152
105	72
105	140
105	133
105	90
105	77
105	6
105	114
105	61
105	104
105	123
105	54
105	76
105	57
105	122
105	73
105	35
105	88
105	64
105	125
105	149
105	78
105	79
105	131
105	87
105	142
105	11
105	34
105	136
105	51
105	126
105	82
105	37
105	108
105	92
105	13
105	3
105	8
105	23
105	68
105	66
105	32
105	63
105	50
105	20
105	16
105	26
105	48
105	60
105	93
105	62
105	147
105	75
105	146
105	107
105	91
105	7
105	40
105	111
105	130
106	34
106	25
106	135
106	72
106	88
106	146
106	131
106	108
106	65
106	54
106	8
106	26
106	105
106	45
106	142
106	119
106	76
106	90
106	147
106	19
106	69
106	150
106	149
106	99
106	128
106	122
106	62
106	67
106	152
106	136
106	6
106	64
106	73
106	58
106	57
106	43
106	38
106	83
106	129
106	154
106	134
106	114
106	48
106	27
106	50
106	15
106	141
106	92
106	151
106	14
106	148
106	46
106	2
106	96
106	111
106	74
106	125
106	109
106	56
106	51
106	36
106	107
106	113
106	66
106	33
106	98
106	103
106	11
106	68
106	89
106	3
106	80
106	77
106	94
106	143
106	79
106	39
106	59
106	123
106	137
106	117
106	30
106	9
106	35
106	115
106	40
106	130
106	23
106	10
106	28
106	121
106	112
106	44
106	126
106	60
106	4
106	85
107	22
107	82
107	6
107	34
107	51
107	111
107	73
107	142
107	72
107	121
107	26
107	7
107	9
107	17
107	148
107	133
107	23
107	88
107	154
107	79
107	106
107	119
107	70
107	31
107	81
107	125
107	41
107	20
107	12
107	99
107	58
107	60
107	108
107	47
107	69
107	135
107	29
107	143
107	39
107	63
107	76
107	44
107	153
107	2
107	64
107	112
107	90
107	35
107	147
107	49
107	115
107	61
107	118
107	8
107	140
107	14
107	32
107	59
107	74
107	68
107	151
107	144
107	5
107	33
107	136
107	146
107	37
107	1
107	42
107	28
107	114
107	123
107	53
107	16
107	128
107	52
107	109
107	54
107	40
107	62
107	18
107	113
107	45
107	10
107	85
107	50
107	83
107	43
107	71
107	27
107	141
107	25
107	103
107	130
107	145
107	134
107	132
107	19
108	101
108	88
108	32
108	127
108	23
108	8
108	4
108	28
108	12
108	150
108	68
108	106
108	118
108	54
108	77
108	31
108	105
108	35
108	115
108	44
108	18
108	37
108	67
108	5
108	81
108	97
108	49
108	45
108	26
108	79
108	24
108	7
108	40
108	6
108	63
109	54
109	39
109	60
109	72
109	131
109	141
109	124
109	88
109	67
109	49
109	139
109	116
109	57
109	122
109	110
109	73
109	115
109	18
109	25
109	10
109	16
109	45
109	108
109	34
109	79
109	81
109	59
109	133
109	117
109	51
109	71
109	27
109	26
109	149
109	142
109	119
109	143
109	123
109	69
109	64
110	66
110	88
110	34
110	86
110	73
110	65
110	83
110	153
110	54
110	152
110	67
110	68
110	142
110	45
110	122
110	119
110	72
110	51
110	128
110	26
110	149
110	31
110	69
110	59
110	29
110	89
110	5
110	137
110	90
110	108
110	111
110	3
110	70
110	17
110	106
110	134
110	79
110	27
110	75
110	125
110	64
110	25
110	114
110	154
110	143
110	9
110	102
110	147
110	52
110	40
110	55
110	28
110	61
110	80
110	14
110	96
110	15
110	57
110	47
110	107
110	2
110	50
110	56
110	74
110	113
111	45
111	94
111	51
111	90
111	34
111	64
111	73
111	123
111	13
111	54
111	65
111	88
111	151
111	3
111	46
111	17
111	141
111	146
111	128
111	26
111	25
111	57
111	47
111	74
111	147
111	91
111	125
111	28
111	44
111	116
111	129
111	114
111	138
111	69
111	71
111	61
111	63
111	95
111	16
111	143
111	120
111	5
111	79
111	38
111	50
111	133
111	80
111	108
111	55
111	49
111	99
111	85
111	127
111	42
111	134
111	98
111	142
111	109
111	150
111	76
111	33
111	136
111	56
111	67
111	12
111	60
111	86
111	52
111	137
111	96
111	41
111	36
111	154
111	107
111	113
111	149
111	100
111	43
111	115
112	154
112	54
112	47
112	75
112	34
112	88
112	147
112	13
112	25
112	59
112	98
112	63
112	70
112	87
112	69
112	143
112	104
112	123
112	72
112	1
112	107
112	18
112	90
112	116
112	142
112	43
112	61
112	32
112	152
112	48
112	57
112	64
112	85
112	73
112	149
112	65
112	26
112	45
112	66
112	138
112	121
112	134
112	117
112	84
112	28
112	71
112	67
112	96
112	51
112	79
112	76
112	6
112	95
112	60
112	94
112	92
112	146
112	128
112	82
112	125
112	27
112	40
112	42
112	29
112	135
112	131
112	145
112	58
112	137
112	106
112	108
112	4
112	99
112	35
112	30
112	111
112	101
112	53
113	147
113	65
113	138
113	91
113	142
113	80
113	35
113	25
113	52
113	34
113	151
113	26
113	63
113	114
113	12
113	44
113	86
113	56
113	146
113	88
113	123
113	137
113	38
113	70
113	11
113	69
113	71
113	43
113	149
113	127
113	115
113	41
113	129
113	54
113	90
113	94
113	27
113	83
113	75
113	119
113	45
113	1
113	118
114	69
114	25
114	96
114	34
114	119
114	90
114	88
114	66
114	132
114	26
114	72
114	98
114	67
114	33
114	87
114	147
114	103
114	149
114	121
114	54
114	84
114	127
114	65
114	15
114	27
114	123
114	134
114	153
114	13
114	99
114	142
114	3
114	78
114	131
114	107
114	76
114	108
114	79
114	95
114	43
114	135
114	125
114	152
114	75
114	128
114	14
114	46
114	35
114	89
114	30
114	146
114	28
114	61
114	39
114	1
114	45
114	6
114	111
114	151
114	55
114	58
114	48
114	130
114	68
114	102
114	73
114	138
114	56
114	64
114	83
114	8
114	145
114	51
114	137
114	22
114	143
114	148
114	92
114	85
114	80
114	122
114	113
114	11
114	82
114	140
114	2
114	144
114	150
114	9
114	57
114	91
115	25
115	65
115	140
115	66
115	88
115	147
115	84
115	46
115	78
115	33
115	30
115	107
115	54
115	26
115	111
115	35
115	69
115	72
115	38
115	34
115	73
115	146
115	19
115	152
115	94
115	71
115	131
115	64
115	85
115	142
115	102
115	42
115	89
115	149
115	67
115	79
115	51
115	1
115	17
115	45
115	53
115	145
115	138
115	14
115	125
115	61
115	6
115	75
115	76
115	57
115	91
115	135
115	101
115	153
115	144
115	104
115	96
115	90
115	130
115	58
115	13
115	27
115	117
115	83
115	128
115	137
115	29
115	123
116	150
116	26
116	34
116	14
116	15
116	54
116	107
116	41
116	80
116	88
116	35
116	143
116	30
116	51
116	154
116	109
116	73
116	48
116	135
116	152
116	149
116	125
116	45
116	47
116	83
116	16
116	132
116	19
116	91
116	79
116	6
116	57
116	72
116	74
116	86
116	61
116	148
116	76
116	27
117	88
117	151
117	45
117	73
117	69
117	122
117	21
117	90
117	31
117	54
117	80
117	48
117	34
117	93
117	67
117	87
117	102
117	133
117	68
117	20
117	51
117	123
117	97
117	22
117	5
117	10
117	6
117	108
117	143
117	76
117	142
117	26
117	125
117	57
117	59
117	128
117	72
117	84
117	49
117	71
117	86
117	126
117	65
117	63
118	54
118	98
118	88
118	152
118	26
118	131
118	148
118	138
118	69
118	150
118	70
118	63
118	82
118	81
118	111
118	34
118	142
118	147
118	89
118	31
118	73
118	5
118	99
118	146
118	51
118	14
118	50
118	140
118	154
118	143
118	84
118	116
118	47
118	17
118	136
118	96
118	35
118	22
118	79
118	6
118	40
118	102
118	62
118	134
118	48
118	78
118	43
118	27
118	113
118	57
118	59
118	103
118	65
118	115
118	90
118	105
118	44
118	64
118	149
118	66
118	83
118	125
118	109
118	45
118	123
119	26
119	147
119	25
119	9
119	142
119	88
119	104
119	100
119	127
119	123
119	146
119	90
119	32
119	70
119	74
119	34
119	136
119	87
119	64
119	148
119	58
119	42
119	121
119	35
119	2
119	106
119	40
119	135
119	149
119	45
119	73
119	143
119	1
119	29
119	108
119	101
119	54
119	79
119	126
119	38
119	30
119	53
119	41
119	13
119	67
119	152
119	51
119	15
119	91
119	86
119	83
119	50
119	141
119	113
119	125
119	11
119	52
119	49
119	48
119	46
119	154
119	57
119	128
119	7
119	63
119	66
119	69
119	138
119	17
119	132
119	61
119	71
119	133
119	145
119	98
119	93
119	102
119	137
119	109
119	107
119	68
119	27
119	140
119	75
119	117
120	69
120	91
120	154
120	88
120	26
120	78
120	148
120	73
120	34
120	142
120	74
120	149
120	45
120	14
120	51
120	53
120	67
120	95
120	85
120	76
120	68
120	61
120	89
120	38
120	104
120	66
120	5
120	54
120	90
120	79
120	102
120	84
120	33
120	119
120	152
120	29
120	140
120	92
120	128
120	16
120	138
120	3
120	96
120	6
120	1
120	143
121	71
121	126
121	153
121	72
121	112
121	68
121	87
121	26
121	73
121	123
121	88
121	147
121	27
121	31
121	106
121	6
121	90
121	149
121	64
121	114
121	58
121	138
121	142
121	85
121	100
121	91
121	34
121	75
121	25
121	33
121	1
121	140
121	66
121	128
121	65
121	152
121	125
121	15
121	23
121	113
121	107
121	151
121	45
121	47
121	92
121	119
121	96
121	69
121	136
121	61
121	122
121	43
121	146
121	134
121	40
121	51
121	3
121	104
121	109
121	145
121	11
121	56
121	36
121	10
121	8
122	133
122	106
122	43
122	98
122	70
122	114
122	16
122	34
122	88
122	25
122	51
122	54
122	90
122	128
122	126
122	81
122	64
122	63
122	45
122	76
122	69
122	143
122	116
122	147
122	152
122	26
122	61
122	44
122	24
122	91
122	29
122	35
122	136
122	18
122	79
122	109
122	57
122	123
122	67
122	141
122	115
122	151
122	74
122	108
122	46
122	101
122	107
122	23
122	56
122	150
122	50
122	65
122	55
122	80
122	12
122	95
122	73
122	31
122	17
122	137
122	27
122	3
122	36
122	15
122	113
122	142
122	20
122	149
122	52
122	140
122	72
122	13
122	84
122	86
122	130
122	48
122	49
122	134
123	147
123	105
123	67
123	25
123	68
123	88
123	22
123	6
123	26
123	122
123	142
123	34
123	153
123	135
123	100
123	83
123	111
123	9
123	54
123	69
123	29
123	13
123	31
123	127
123	108
123	65
123	148
123	80
123	40
123	139
123	72
123	106
123	146
123	107
123	114
123	27
123	85
123	60
123	117
123	96
123	61
123	49
123	136
123	2
123	70
123	133
123	125
123	113
123	36
123	149
123	154
123	19
123	8
123	118
123	7
123	63
123	32
123	59
123	128
123	95
123	17
123	98
123	120
123	43
123	51
123	73
123	129
123	11
123	102
123	35
123	46
123	115
123	66
123	16
123	144
123	110
123	151
123	45
123	138
123	140
123	12
123	132
123	75
123	33
123	5
123	150
123	89
123	38
123	41
123	121
123	79
123	91
123	64
123	112
123	23
123	52
123	62
123	77
123	18
123	119
123	81
123	143
123	141
123	1
123	3
123	55
123	86
123	134
123	152
123	50
123	48
123	10
123	30
123	44
123	94
123	130
123	137
123	57
123	39
123	116
123	37
123	56
123	82
124	88
124	67
124	34
124	154
124	59
124	73
124	136
124	74
124	147
124	42
124	140
124	83
124	54
124	78
124	130
124	27
124	26
124	152
124	11
124	76
124	45
124	69
124	13
124	79
124	87
124	142
124	149
124	2
124	57
124	111
124	84
124	51
124	17
124	30
124	62
124	146
124	63
124	15
124	96
124	28
124	3
124	5
124	65
124	31
124	72
124	103
124	137
124	90
124	125
124	120
124	61
124	150
124	89
124	107
124	29
124	47
124	128
124	143
124	24
124	132
124	113
124	92
124	23
124	48
124	66
124	14
124	131
124	94
124	108
125	38
125	35
125	132
125	150
125	141
125	88
125	19
125	16
125	32
125	2
125	49
125	118
125	107
125	40
125	85
125	137
125	36
125	146
125	68
125	48
125	133
125	67
125	135
125	69
125	116
125	100
125	3
125	53
125	101
125	34
125	111
125	112
125	4
125	1
125	45
125	83
125	15
125	87
125	55
125	110
125	134
125	124
125	106
125	56
126	147
126	45
126	8
126	88
126	11
126	132
126	41
126	54
126	13
126	63
126	31
126	27
126	48
126	113
126	95
126	128
126	73
126	80
126	152
126	105
126	142
126	2
126	69
126	67
126	81
126	6
126	38
126	94
126	5
126	114
126	29
126	34
126	75
126	138
126	100
126	36
126	61
126	12
126	120
126	74
126	25
126	26
126	60
126	79
126	42
126	40
126	106
126	141
126	51
126	119
126	72
126	86
126	143
126	107
126	121
126	10
126	39
126	154
126	84
126	55
126	135
127	82
127	70
127	121
127	72
127	111
127	142
127	153
127	148
127	114
127	73
127	34
127	40
127	2
127	123
127	74
127	88
127	56
127	62
127	77
127	81
127	147
127	105
127	112
127	64
127	102
127	118
127	39
127	144
127	27
127	79
127	68
127	45
127	50
127	9
127	46
127	38
127	30
127	132
127	69
127	21
127	63
127	117
127	1
127	146
127	42
127	149
127	32
127	143
127	22
127	16
127	26
127	35
127	119
127	85
127	43
127	113
127	48
127	71
127	80
127	65
127	125
127	33
127	135
127	99
127	6
127	96
127	61
127	106
127	66
128	129
128	112
128	110
128	26
128	69
128	34
128	65
128	108
128	46
128	39
128	98
128	88
128	50
128	51
128	91
128	68
128	142
128	27
128	117
128	146
128	79
128	143
128	107
128	125
128	118
128	45
128	73
128	106
128	138
128	124
128	19
128	84
128	30
128	33
128	102
128	6
128	47
128	48
128	72
128	141
128	109
128	5
128	10
128	29
128	40
128	96
128	36
128	8
128	132
129	143
129	72
129	45
129	95
129	34
129	142
129	88
129	145
129	39
129	108
129	69
129	64
129	138
129	48
129	98
129	46
129	59
129	26
129	91
129	90
129	111
129	125
129	79
129	35
129	54
129	42
129	8
129	122
129	85
129	82
129	123
129	25
129	43
129	29
129	94
129	147
129	116
129	36
130	54
130	34
130	67
130	88
130	16
130	135
130	87
130	48
130	133
130	79
130	137
130	36
130	109
130	142
130	56
130	90
130	51
130	85
130	150
130	26
130	53
130	35
130	124
130	110
130	38
130	55
130	10
130	146
131	118
131	80
131	38
131	112
131	34
131	57
131	88
131	64
131	69
131	67
131	86
131	32
131	2
131	19
131	142
131	60
131	73
131	146
131	110
131	107
131	120
131	115
131	109
131	150
131	95
131	68
131	14
131	27
131	122
131	5
131	113
131	149
131	123
131	53
131	26
131	79
131	152
131	96
131	45
131	54
131	6
131	30
131	121
131	84
131	35
131	40
132	88
132	26
132	142
132	114
132	1
132	107
132	74
132	34
132	54
132	86
132	148
132	57
132	11
132	72
132	47
132	51
132	70
132	73
132	81
132	64
132	30
132	152
132	76
132	27
132	69
132	61
132	143
132	82
132	83
132	63
132	33
132	116
132	115
132	147
132	135
132	44
132	150
132	40
132	84
132	105
132	8
132	46
132	133
132	79
132	5
132	67
132	14
132	66
132	32
132	138
132	149
132	62
132	125
132	96
132	128
132	17
132	80
132	18
132	154
132	25
132	48
132	45
132	103
132	136
132	119
132	91
132	29
132	6
132	130
132	36
132	106
132	121
132	15
132	140
132	65
132	35
132	77
133	88
133	79
133	143
133	136
133	73
133	149
133	96
133	64
133	29
133	28
133	142
133	25
133	26
133	34
133	45
133	69
133	49
133	59
133	22
133	152
133	148
133	43
133	67
133	92
133	76
133	54
133	107
133	153
133	146
133	83
133	51
133	140
133	15
133	17
133	125
133	65
133	119
133	61
133	47
133	6
133	135
133	128
133	147
133	127
133	62
133	150
133	13
133	116
133	141
133	72
133	87
133	132
133	74
133	85
133	122
133	3
133	108
133	48
133	100
133	39
133	27
133	4
133	81
133	84
133	154
133	95
133	2
133	123
133	63
133	134
133	57
133	126
133	18
133	89
133	58
133	16
133	31
133	114
133	66
133	111
133	50
133	5
133	99
133	46
133	90
133	75
133	11
133	78
133	30
133	42
133	91
133	120
133	35
133	101
133	8
133	117
133	130
133	131
133	80
133	102
133	70
133	68
133	19
133	105
133	1
133	24
133	38
133	32
133	82
133	40
133	113
133	60
133	20
133	53
133	97
133	151
133	10
133	103
133	55
133	14
133	138
133	112
133	41
133	86
133	144
133	137
134	122
134	123
134	119
134	146
134	26
134	34
134	88
134	143
134	84
134	142
134	73
134	69
134	2
134	101
134	40
134	125
134	72
134	138
134	86
134	8
134	29
134	64
134	45
134	68
134	51
134	154
134	79
134	25
134	48
134	6
134	130
134	149
134	76
134	15
134	54
134	61
134	16
134	57
134	91
134	4
134	67
134	27
134	1
134	43
134	112
134	107
134	152
134	46
134	137
134	153
134	100
135	107
135	133
135	72
135	51
135	88
135	47
135	85
135	74
135	34
135	123
135	142
135	73
135	6
135	152
135	125
135	69
135	134
135	70
135	108
135	23
135	96
135	65
135	87
135	28
135	26
135	76
135	79
135	56
135	40
135	136
135	84
135	71
135	114
135	104
135	82
135	130
135	106
135	44
135	63
135	90
135	7
135	128
135	115
135	25
135	45
135	145
135	99
135	83
135	57
135	21
135	54
135	35
135	66
136	72
136	88
136	104
136	140
136	150
136	87
136	111
136	142
136	39
136	73
136	122
136	83
136	90
136	123
136	19
136	70
136	147
136	79
136	3
136	31
136	82
136	34
136	91
136	32
136	51
136	144
136	75
136	97
136	69
136	125
136	112
136	68
136	40
136	26
136	45
136	138
136	25
136	153
136	118
136	106
136	133
136	9
136	119
136	2
136	134
136	1
136	145
136	54
136	57
136	128
136	148
136	76
136	71
136	5
136	143
136	48
136	114
136	98
136	94
136	108
137	34
137	20
137	35
137	60
137	67
137	139
137	123
137	133
137	124
137	69
137	49
137	10
137	72
137	152
137	88
137	143
137	114
137	55
137	149
137	29
137	90
137	110
137	119
137	78
137	73
137	103
137	26
137	64
137	134
137	111
137	125
137	63
138	88
138	125
138	26
138	51
138	148
138	45
138	34
138	133
138	52
138	129
138	123
138	115
138	27
138	103
138	24
138	31
138	5
138	73
138	142
138	65
138	90
138	60
138	137
138	54
138	140
138	92
138	76
138	66
138	87
138	152
138	7
138	47
138	70
138	46
138	68
138	104
138	69
138	61
138	114
138	119
138	29
138	1
138	84
138	78
138	97
138	57
138	85
138	6
138	48
138	35
138	83
138	135
138	130
138	108
138	144
138	102
138	99
138	146
138	154
138	80
138	72
138	117
138	147
138	82
138	149
138	141
138	33
138	25
138	49
138	96
138	153
138	9
138	67
139	88
139	152
139	34
139	107
139	29
139	45
139	72
139	26
139	96
139	100
139	128
139	57
139	150
139	1
139	54
139	51
139	74
139	73
139	3
139	83
139	149
139	119
139	122
139	9
139	15
139	145
139	42
139	143
139	127
139	76
139	116
139	92
139	79
139	5
139	61
139	89
139	75
139	31
139	142
139	108
139	141
139	153
139	67
139	136
139	13
139	69
139	8
139	110
139	87
139	64
139	47
139	58
139	55
139	39
139	66
139	68
139	25
139	130
139	14
139	134
139	32
139	114
139	70
139	135
139	28
139	52
139	6
139	50
139	56
139	148
139	30
139	138
139	27
139	16
139	48
139	144
140	87
140	104
140	90
140	99
140	26
140	63
140	102
140	147
140	149
140	25
140	11
140	71
140	123
140	75
140	142
140	114
140	33
140	88
140	65
140	12
140	69
140	98
140	34
140	117
140	120
140	76
140	129
140	5
140	83
140	138
140	126
140	58
140	92
140	46
140	80
140	54
140	86
140	1
140	37
140	27
140	70
140	74
140	67
140	59
140	15
140	85
140	9
140	95
140	84
140	44
140	154
140	96
140	106
140	125
140	45
140	35
140	143
140	150
140	107
140	51
140	23
140	57
140	72
140	111
140	40
140	94
140	121
140	119
140	152
141	133
141	6
141	23
141	7
141	69
141	26
141	31
141	90
141	142
141	49
141	51
141	143
141	54
141	34
141	20
141	60
141	48
141	88
141	123
141	151
141	10
141	120
141	71
141	81
141	5
141	99
141	64
141	73
141	87
141	107
141	12
141	74
141	86
141	77
141	68
141	149
141	140
142	123
142	111
142	72
142	69
142	146
142	126
142	67
142	122
142	62
142	76
142	132
142	70
142	114
142	148
142	144
142	39
142	153
142	6
142	88
142	34
142	10
142	100
142	131
142	118
142	12
142	38
142	68
142	9
142	149
142	63
142	143
142	2
142	22
142	134
142	61
142	125
142	57
142	73
142	1
142	141
142	16
142	101
142	40
142	18
142	32
142	82
142	112
142	106
142	51
142	15
142	136
142	64
142	26
142	119
142	29
142	60
142	96
142	85
142	154
142	81
142	35
142	98
142	109
142	83
142	53
142	17
142	8
142	147
142	31
142	54
142	4
142	91
142	59
142	47
142	107
142	137
142	46
142	5
142	84
142	124
142	55
142	152
142	89
142	79
142	133
142	86
142	108
142	65
142	41
142	27
142	130
142	140
142	71
142	48
142	128
142	25
142	66
142	75
142	138
142	36
142	50
142	115
142	93
142	52
142	45
142	13
142	150
142	95
142	94
142	117
142	113
142	74
142	19
142	90
142	33
142	80
142	103
142	44
142	56
142	58
142	23
142	42
142	14
142	99
142	135
142	102
142	30
142	43
142	11
143	28
143	127
143	115
143	77
143	32
143	106
143	12
143	101
143	88
143	31
143	133
143	4
143	61
143	105
143	44
143	63
143	68
143	107
143	130
143	97
143	35
143	121
143	54
143	18
143	118
143	52
143	153
143	45
143	26
143	57
143	72
143	111
144	55
144	34
144	26
144	24
144	54
144	4
144	154
144	45
144	12
144	88
144	60
144	73
144	120
144	5
144	147
144	51
144	46
144	47
144	16
144	64
144	148
144	69
144	138
144	25
144	95
144	63
144	91
144	142
144	17
144	31
144	114
144	36
144	150
144	79
144	113
144	59
144	111
144	76
144	85
144	50
144	140
144	143
144	146
144	129
144	43
144	71
144	53
144	29
144	28
144	19
144	72
144	57
145	13
145	141
145	122
145	34
145	88
145	51
145	54
145	137
145	125
145	106
145	143
145	39
145	46
145	32
145	45
145	38
145	60
145	142
145	79
145	57
145	73
145	69
145	107
145	134
145	1
145	135
145	40
145	72
145	110
145	6
145	3
145	91
145	149
145	85
145	140
145	22
145	144
145	68
145	129
145	131
145	10
145	119
145	9
145	84
145	27
145	25
145	48
145	113
145	20
145	17
145	50
145	130
145	90
146	34
146	147
146	65
146	25
146	67
146	54
146	26
146	88
146	78
146	119
146	27
146	11
146	17
146	96
146	73
146	149
146	70
146	136
146	142
146	31
146	76
146	33
146	46
146	69
146	24
146	40
146	125
146	8
146	74
146	45
146	83
146	102
146	85
146	61
146	112
146	57
146	118
146	128
146	48
146	108
146	99
146	81
146	72
146	95
146	80
146	51
146	116
146	152
146	58
146	135
146	141
146	62
146	22
146	143
146	117
146	105
146	82
146	79
146	148
146	94
146	111
146	138
146	120
146	66
146	30
146	5
146	9
146	140
146	114
146	41
146	98
146	154
146	64
146	89
146	59
146	47
146	35
146	15
146	77
146	63
146	107
146	92
146	87
146	28
146	52
146	91
146	150
146	134
146	123
146	38
146	130
146	1
146	122
146	109
146	133
146	113
146	14
146	3
146	84
146	56
146	6
146	68
146	42
146	129
146	115
146	86
146	131
146	55
146	44
146	75
146	43
146	103
146	106
146	144
146	104
146	90
146	16
147	25
147	26
147	69
147	54
147	143
147	51
147	88
147	45
147	73
147	83
147	34
147	90
147	96
147	86
147	149
147	148
147	72
147	67
147	68
147	123
147	24
147	91
147	47
147	56
147	137
147	125
147	39
147	114
147	64
147	128
147	40
147	106
147	23
147	31
147	74
147	63
147	146
147	151
147	142
147	119
147	16
147	78
147	79
147	92
147	27
147	112
147	152
147	44
147	32
147	136
147	129
147	99
147	2
147	61
147	48
147	154
147	1
147	70
147	50
147	17
147	71
147	12
147	82
147	19
147	66
147	115
147	121
147	108
147	134
147	111
147	58
147	11
147	89
147	144
147	81
147	5
147	87
147	130
147	140
147	84
147	35
147	102
147	49
147	52
147	122
147	135
147	138
147	36
147	105
147	76
147	7
147	109
147	107
147	133
147	28
147	94
147	42
147	65
147	30
147	15
147	6
147	13
147	132
147	145
147	57
148	147
148	11
148	26
148	86
148	75
148	88
148	25
148	92
148	149
148	142
148	63
148	65
148	18
148	102
148	34
148	68
148	27
148	83
148	72
148	1
148	59
148	70
148	66
148	150
148	71
148	67
148	115
148	119
148	12
148	69
148	42
148	84
148	85
148	43
148	90
148	140
148	114
148	7
148	60
148	73
148	152
148	35
148	120
148	95
148	99
148	5
148	138
148	46
148	153
148	96
148	125
148	55
148	54
148	6
148	108
148	91
148	98
148	129
148	137
148	107
148	2
148	93
148	29
148	19
148	123
148	39
148	74
148	78
148	44
148	45
148	80
148	28
148	3
148	154
148	40
148	33
148	117
148	79
148	122
149	34
149	17
149	70
149	142
149	147
149	141
149	47
149	88
149	48
149	43
149	53
149	69
149	60
149	22
149	119
149	64
149	95
149	108
149	125
149	135
149	72
149	36
149	23
149	151
149	73
149	10
149	152
149	80
149	68
149	136
149	25
149	40
149	1
149	16
149	112
149	126
149	106
149	19
149	121
149	143
149	9
149	58
149	6
149	27
149	54
149	76
149	91
149	63
149	130
149	103
149	100
149	146
149	20
149	109
149	114
149	46
149	110
149	29
149	82
149	59
149	51
149	35
149	85
149	111
149	81
149	8
149	52
149	15
149	154
149	140
149	71
149	79
149	66
149	11
149	134
149	56
149	26
149	55
149	67
149	45
149	84
149	94
149	32
149	4
149	153
149	122
149	137
149	138
149	18
149	98
149	139
149	90
149	75
149	74
149	128
149	133
149	12
149	117
149	2
149	24
149	129
149	41
149	132
149	104
149	77
149	33
149	3
149	113
149	21
149	115
149	93
149	144
149	107
149	96
149	39
150	54
150	44
150	34
150	8
150	70
150	88
150	73
150	135
150	121
150	69
150	147
150	125
150	119
150	108
150	143
150	85
150	50
150	106
150	17
150	142
150	153
150	1
150	12
150	107
150	149
150	118
150	40
150	63
150	112
150	48
150	26
150	47
150	117
150	27
150	146
150	68
150	79
150	57
150	114
150	67
150	138
150	3
150	101
150	64
150	46
150	33
150	6
150	95
150	5
150	154
150	133
150	99
150	123
150	82
150	72
150	55
150	115
150	151
150	41
150	20
150	29
150	111
150	136
150	51
150	24
150	43
150	77
150	113
150	86
150	25
150	53
150	45
150	30
150	10
150	152
151	7
151	20
151	10
151	23
151	133
151	34
151	31
151	26
151	88
151	107
151	123
151	87
151	54
151	90
151	51
151	116
151	126
151	60
151	97
151	120
151	125
151	85
151	61
151	5
151	150
151	72
151	27
151	49
151	111
151	69
151	29
151	52
151	73
151	1
151	77
151	149
151	113
151	47
151	45
151	154
152	60
152	88
152	153
152	147
152	70
152	63
152	69
152	34
152	108
152	123
152	82
152	121
152	1
152	114
152	106
152	72
152	112
152	98
152	58
152	18
152	48
152	68
152	136
152	81
152	50
152	119
152	36
152	73
152	12
152	111
152	86
152	71
152	22
152	117
152	151
152	25
152	125
152	5
152	75
152	79
152	95
152	33
152	105
152	8
152	44
152	89
152	135
152	46
152	116
152	51
152	124
152	129
152	2
152	45
152	24
152	52
152	107
152	13
152	154
152	84
152	85
152	74
152	61
152	26
152	142
152	35
152	115
152	101
152	140
152	80
152	133
152	17
152	32
152	91
152	90
152	113
152	43
152	40
152	53
152	143
152	10
152	118
152	41
153	149
153	88
153	26
153	34
153	91
153	1
153	114
153	67
153	42
153	92
153	123
153	152
153	142
153	75
153	69
153	81
153	147
153	95
153	60
153	38
153	70
153	127
153	45
153	68
153	112
153	32
153	43
153	150
153	12
153	51
153	25
153	41
153	145
153	63
153	125
153	74
153	46
153	5
153	78
153	54
153	115
153	73
153	2
153	27
153	133
153	21
153	136
153	10
153	24
153	48
153	61
153	154
153	64
153	76
153	128
153	148
153	18
153	29
153	79
153	143
153	71
153	138
153	16
153	140
153	11
153	134
154	35
154	28
154	12
154	44
154	31
154	61
154	101
154	45
154	94
154	88
154	59
154	52
154	49
154	34
154	151
154	6
154	23
154	107
154	77
154	97
154	51
154	7
154	24
154	14
154	105
