1	99
1	17
1	38
1	30
1	45
1	138
1	67
1	58
1	12
1	146
1	43
1	117
1	89
1	9
1	134
1	84
1	143
1	170
1	107
1	77
1	11
1	127
1	46
1	83
1	165
1	33
1	135
1	130
1	164
1	90
1	70
1	21
1	10
1	116
1	97
1	167
1	162
1	122
1	126
1	125
1	129
1	25
1	95
1	119
1	80
1	98
1	53
1	101
1	149
2	25
2	45
2	46
2	34
2	72
2	119
2	17
2	146
2	11
2	116
2	161
2	49
2	108
2	33
2	99
2	100
2	58
2	36
2	82
2	88
2	84
2	101
2	133
2	23
2	74
2	20
2	30
2	70
2	136
2	132
2	127
2	109
2	75
2	27
2	57
2	5
2	54
2	104
2	24
2	149
2	134
2	163
2	141
2	77
2	153
2	167
2	170
2	145
2	15
2	62
2	22
2	147
2	114
2	157
3	99
3	61
3	17
3	43
3	12
3	121
3	11
3	117
3	101
3	58
3	163
3	169
3	89
3	68
3	143
3	98
3	84
3	78
3	142
3	146
3	46
3	129
3	151
3	127
3	25
3	37
3	139
3	38
3	70
3	104
3	44
3	128
3	102
3	145
3	33
3	57
3	119
3	118
3	122
3	45
3	49
3	138
3	18
3	92
3	15
3	10
3	165
3	71
3	109
3	107
3	97
3	90
3	55
3	30
3	42
3	159
3	22
3	9
3	48
3	152
3	19
3	108
3	34
3	56
3	96
3	54
3	170
3	1
3	13
3	69
3	20
3	135
3	62
3	133
3	67
3	110
3	113
3	23
3	51
3	157
3	134
3	124
3	162
3	144
3	160
4	168
4	45
4	2
4	170
4	17
4	160
4	11
4	92
4	108
4	24
4	33
4	10
4	146
4	48
4	66
4	65
4	114
4	13
4	55
4	91
4	84
4	99
4	58
4	46
4	27
4	162
4	142
4	25
4	129
4	72
4	82
4	110
4	150
4	145
4	53
4	133
5	99
5	11
5	118
5	72
5	170
5	45
5	150
5	129
5	63
5	22
5	25
5	105
5	152
5	97
5	92
5	29
5	123
5	93
5	145
5	122
5	82
5	146
5	124
5	120
5	108
5	96
5	159
5	32
5	17
5	27
5	58
5	34
5	89
5	46
5	141
5	4
5	160
5	127
5	84
5	135
5	149
5	117
5	3
5	133
5	68
5	113
5	109
5	165
5	130
5	10
5	66
5	114
5	49
5	80
5	52
5	60
5	147
5	42
5	104
5	101
5	43
5	33
6	99
6	67
6	60
6	55
6	168
6	38
6	11
6	149
6	17
6	25
6	163
6	34
6	45
6	93
6	74
6	40
6	162
6	120
6	124
6	3
6	49
6	37
6	58
6	98
6	101
6	159
6	161
6	127
6	63
6	117
6	107
6	77
6	46
6	129
6	90
6	16
6	52
6	114
6	5
6	31
6	72
6	154
6	20
6	10
6	119
6	96
6	14
6	102
6	138
6	80
6	86
6	122
6	126
6	75
6	42
6	147
6	150
6	91
6	57
6	95
6	81
6	61
6	83
6	112
6	109
6	136
6	27
6	118
7	114
7	99
7	23
7	45
7	18
7	92
7	149
7	129
7	84
7	28
7	55
7	33
7	46
7	146
7	20
7	151
7	127
7	17
7	125
7	69
7	116
7	70
7	119
7	61
7	120
7	168
7	98
7	91
7	11
7	122
7	108
7	86
7	31
7	38
7	133
7	15
7	59
7	42
7	126
7	170
7	90
7	89
7	27
7	49
7	53
7	58
7	159
7	111
7	139
7	22
7	150
7	10
7	12
7	25
7	101
7	112
7	43
7	74
7	103
7	162
7	85
7	140
7	47
7	62
7	135
8	84
8	99
8	30
8	25
8	167
8	46
8	18
8	70
8	135
8	17
8	109
8	141
8	138
8	119
8	168
8	42
8	58
8	2
8	45
8	162
8	170
8	11
8	129
8	98
8	134
8	163
8	96
8	81
8	71
8	101
8	128
8	152
8	43
8	50
8	94
8	93
8	12
8	53
8	146
8	143
8	15
8	121
8	68
8	67
8	169
8	108
8	55
8	158
8	77
8	88
8	20
8	33
8	1
8	13
8	66
8	38
8	144
8	61
8	161
8	69
8	48
8	92
8	73
8	105
8	132
8	90
8	57
9	120
9	25
9	84
9	161
9	147
9	150
9	116
9	45
9	42
9	145
9	99
9	63
9	100
9	159
9	55
9	51
9	13
9	107
9	91
9	124
9	39
9	14
9	127
9	85
9	17
9	38
9	47
9	59
9	33
9	16
9	140
9	123
9	125
9	49
9	75
9	139
9	122
9	60
9	129
9	77
9	50
9	15
9	23
9	35
9	105
9	90
9	73
9	101
9	43
9	66
9	72
9	46
9	67
9	154
9	110
9	53
9	27
9	68
9	4
9	158
9	93
9	86
9	168
9	115
9	22
9	58
9	11
9	20
9	108
9	162
9	111
9	109
9	82
9	119
9	10
9	37
9	54
9	80
9	57
9	34
9	5
9	52
9	130
9	88
9	112
9	87
9	144
9	65
9	97
9	152
9	95
9	83
10	54
10	68
10	139
10	86
10	119
10	83
10	21
10	138
10	128
10	99
10	107
10	20
10	78
10	45
10	34
10	58
10	121
10	15
10	118
10	46
10	129
10	51
10	90
10	84
10	13
10	72
10	149
10	55
10	11
10	153
10	71
10	165
10	70
10	57
10	170
10	61
10	47
10	31
10	168
10	145
10	130
10	87
10	56
10	36
10	102
10	60
10	163
10	151
10	22
10	85
10	17
10	115
10	146
10	63
10	112
10	33
10	62
10	82
10	29
10	66
10	43
10	25
10	97
10	75
10	136
10	141
10	116
10	160
10	110
10	24
10	65
10	158
10	53
10	69
10	150
10	14
10	104
10	127
10	89
10	27
10	32
10	95
10	74
10	80
10	106
10	49
10	125
10	81
10	9
10	12
10	5
10	94
10	96
10	152
10	101
10	113
10	100
10	1
10	122
10	162
10	7
10	147
10	42
10	88
10	38
10	111
10	92
10	8
10	18
10	108
10	3
10	133
10	37
10	105
10	4
10	144
10	67
10	124
10	93
10	23
10	103
10	135
10	91
10	48
10	148
10	40
10	167
11	156
11	44
11	40
11	143
11	76
11	117
11	108
11	99
11	48
11	80
11	113
11	50
11	47
11	30
11	78
11	157
11	166
11	146
11	1
11	41
11	153
11	19
11	132
11	89
11	70
11	138
11	58
11	142
11	94
11	84
11	63
11	46
11	102
11	29
11	42
11	16
11	101
11	45
11	107
11	165
11	160
11	140
11	128
11	77
11	12
11	164
11	112
11	90
11	49
11	97
11	3
11	126
11	74
11	67
11	145
11	147
11	43
11	79
11	116
11	170
11	2
11	163
11	96
11	73
11	155
11	81
11	17
11	25
11	10
11	167
11	127
11	13
11	38
11	129
11	152
11	118
11	135
11	51
11	162
11	120
11	37
11	55
11	14
11	69
11	33
11	168
12	25
12	17
12	15
12	112
12	14
12	20
12	150
12	51
12	93
12	151
12	119
12	53
12	45
12	159
12	22
12	66
12	124
12	116
12	75
12	107
12	47
12	82
12	56
12	120
12	102
12	50
12	101
12	10
12	123
12	62
12	59
12	139
12	129
12	133
12	146
12	46
12	31
12	27
12	38
12	2
12	106
12	92
12	58
12	35
12	144
12	96
12	43
12	100
12	40
12	23
12	160
12	95
12	49
12	110
12	11
12	105
12	55
12	136
12	138
12	142
12	162
12	3
12	34
12	108
12	135
12	86
12	67
12	52
12	161
12	98
12	99
12	163
12	84
12	42
12	7
12	4
12	13
12	154
12	68
12	130
12	83
12	168
12	158
12	65
12	141
12	122
12	64
12	126
12	140
12	125
12	90
12	70
12	132
12	97
12	33
12	39
12	81
12	104
12	128
12	147
12	91
12	167
12	37
13	38
13	90
13	11
13	25
13	83
13	10
13	125
13	98
13	45
13	127
13	31
13	99
13	118
13	89
13	58
13	94
13	170
13	14
13	37
13	162
13	84
13	145
13	169
13	57
13	3
13	136
13	35
13	77
13	46
13	59
13	61
13	155
13	34
13	111
13	150
13	68
13	17
13	104
13	74
13	7
13	20
13	63
13	134
13	27
13	12
13	101
13	81
13	140
14	77
14	25
14	90
14	146
14	45
14	17
14	97
14	75
14	119
14	106
14	31
14	99
14	11
14	145
14	36
14	162
14	82
14	159
14	38
14	124
14	2
14	84
14	58
14	86
14	18
14	161
14	158
14	154
14	101
14	47
14	71
14	150
14	22
14	66
14	37
14	7
14	13
14	116
14	112
14	80
14	51
14	10
14	34
14	46
14	108
14	149
14	39
14	167
14	111
14	141
14	70
14	55
14	127
14	42
14	135
14	15
14	120
14	96
14	125
14	52
14	68
14	92
14	169
14	107
14	133
14	12
14	139
14	60
14	67
14	19
14	114
14	33
14	170
14	98
14	35
14	64
14	91
14	57
14	129
14	23
14	4
14	24
14	69
14	113
14	32
14	118
14	148
14	143
14	95
14	123
14	103
15	90
15	43
15	139
15	99
15	55
15	97
15	101
15	58
15	89
15	118
15	17
15	8
15	84
15	11
15	107
15	31
15	136
15	46
15	92
15	100
15	147
15	104
15	112
15	138
15	161
15	116
15	159
15	59
15	57
15	38
15	53
15	61
15	163
15	110
15	45
15	42
15	98
15	146
15	167
15	82
15	162
15	56
15	150
15	3
15	69
15	88
15	33
15	64
15	140
15	66
15	145
15	65
15	160
15	23
15	10
15	25
15	36
15	74
15	2
15	168
15	137
15	109
15	67
15	6
15	22
15	34
15	125
15	7
15	133
15	21
15	48
15	153
15	27
15	39
15	86
15	96
15	18
15	14
15	127
15	93
15	170
15	129
15	12
15	28
15	70
15	13
15	71
15	32
15	108
15	24
15	103
15	151
15	148
15	134
15	37
15	132
15	91
15	111
15	52
15	126
16	17
16	163
16	68
16	101
16	55
16	46
16	58
16	84
16	38
16	94
16	79
16	168
16	70
16	99
16	154
16	10
16	146
16	96
16	128
16	117
16	43
16	29
16	112
16	133
16	45
16	67
16	157
16	97
16	69
16	100
16	150
16	11
16	104
16	39
16	22
16	138
16	108
16	1
16	118
16	93
16	142
16	129
16	89
16	87
16	135
16	66
17	44
17	76
17	48
17	80
17	50
17	26
17	41
17	56
17	166
17	84
17	60
17	110
17	101
17	138
17	156
17	164
17	153
17	99
17	46
17	38
17	117
17	58
17	69
17	12
17	47
17	157
17	30
17	142
17	63
17	11
17	29
17	67
17	132
17	70
17	100
17	9
17	119
17	45
17	155
17	141
17	128
17	97
17	54
17	59
17	165
17	108
17	89
17	49
17	167
17	127
17	78
17	92
17	160
17	98
17	161
17	57
17	96
17	159
17	43
17	152
17	55
17	15
17	105
17	115
17	140
17	86
17	133
17	90
17	51
17	107
17	25
17	143
17	146
17	94
17	170
17	154
17	20
17	112
17	42
17	129
17	52
17	135
17	162
17	72
17	19
17	13
17	23
17	93
17	113
17	81
17	120
17	136
17	134
17	18
17	33
18	91
18	45
18	25
18	124
18	10
18	159
18	47
18	66
18	51
18	123
18	112
18	82
18	15
18	116
18	120
18	33
18	54
18	106
18	69
18	56
18	145
18	139
18	43
18	161
18	39
18	150
18	167
18	99
18	84
18	132
18	42
18	58
18	60
18	133
18	141
18	67
18	55
18	59
18	97
18	110
18	21
18	11
18	46
18	23
18	14
18	17
18	80
18	163
18	52
18	104
19	46
19	79
19	29
19	145
19	117
19	84
19	133
19	152
19	58
19	99
19	155
19	132
19	101
19	138
19	54
19	47
19	50
19	22
19	17
19	104
19	70
19	44
19	67
19	11
19	45
19	137
19	135
19	158
19	15
19	3
19	81
19	168
19	170
19	107
19	88
19	89
19	25
19	159
19	37
19	108
19	119
19	68
19	12
19	33
20	58
20	82
20	128
20	70
20	86
20	84
20	25
20	99
20	43
20	46
20	24
20	97
20	104
20	98
20	69
20	29
20	92
20	140
20	31
20	53
20	136
20	55
20	80
20	146
20	17
20	118
20	38
20	68
20	3
20	170
20	50
20	51
20	65
20	90
20	45
20	109
20	71
20	10
20	145
20	133
20	150
20	110
20	56
20	57
20	160
20	132
20	163
20	100
20	11
20	101
20	135
20	12
20	28
20	66
20	26
20	123
20	42
20	22
20	64
20	112
20	88
20	108
20	33
20	159
20	126
20	96
20	89
20	120
20	168
20	138
20	162
20	67
20	131
20	87
20	27
20	63
20	167
20	143
20	83
20	44
20	124
20	119
20	59
20	125
20	134
20	91
20	93
20	129
20	144
20	111
20	81
20	165
20	9
20	79
20	95
20	78
20	21
20	137
20	102
20	158
20	142
20	117
20	141
20	8
20	13
20	149
20	154
20	32
20	152
20	6
20	113
20	60
20	30
20	37
20	121
21	76
21	99
21	119
21	170
21	45
21	153
21	46
21	58
21	19
21	117
21	84
21	54
21	122
21	17
21	120
21	29
21	30
21	168
21	128
21	166
21	113
21	40
21	41
21	156
21	1
21	25
21	108
21	163
21	129
21	59
21	133
21	162
21	118
21	87
21	80
21	11
21	38
21	138
21	42
21	71
21	89
21	135
21	20
21	167
21	165
21	67
21	28
21	43
21	83
22	31
22	15
22	90
22	99
22	17
22	86
22	3
22	162
22	45
22	77
22	115
22	72
22	91
22	105
22	34
22	58
22	152
22	121
22	59
22	67
22	135
22	27
22	92
22	88
22	25
22	46
22	146
22	11
22	138
22	29
22	127
22	145
22	30
22	89
22	83
22	64
22	119
22	20
22	167
22	160
22	78
22	169
22	82
22	154
22	33
22	10
22	131
22	129
22	12
22	159
22	101
22	55
22	35
22	107
22	56
22	116
22	36
22	85
22	53
22	166
22	139
22	157
22	84
22	38
22	161
22	2
22	14
22	112
22	74
22	7
22	21
22	142
22	51
22	140
22	155
22	125
22	108
22	50
22	5
22	106
22	141
22	16
22	69
22	128
22	117
22	104
22	87
22	150
22	95
22	114
22	54
22	23
22	37
22	57
22	42
22	1
22	19
22	133
22	63
22	110
22	100
22	4
22	168
22	49
22	94
22	73
22	80
22	39
22	48
22	32
22	136
22	24
22	13
22	124
23	146
23	99
23	61
23	89
23	11
23	17
23	46
23	31
23	97
23	90
23	22
23	7
23	109
23	125
23	126
23	58
23	101
23	108
23	2
23	15
23	8
23	136
23	77
23	165
23	74
23	84
23	140
23	128
23	170
23	55
23	64
23	106
23	42
23	141
23	34
23	151
23	98
23	25
23	18
23	168
23	53
23	103
23	43
23	6
23	163
23	4
23	92
23	162
23	150
23	112
23	147
23	144
23	12
23	145
23	159
23	45
23	33
24	70
24	45
24	142
24	25
24	110
24	159
24	84
24	3
24	20
24	168
24	115
24	160
24	99
24	11
24	43
24	4
24	163
24	58
24	17
24	67
24	28
24	90
24	46
24	60
24	137
24	62
24	147
24	129
24	125
24	117
24	119
24	42
24	53
24	47
24	49
24	101
24	63
24	38
24	10
24	51
24	108
24	59
24	13
24	121
24	33
24	133
24	138
24	149
24	162
24	89
24	170
24	79
24	52
24	152
24	27
24	72
24	14
24	86
25	43
25	42
25	99
25	84
25	163
25	46
25	64
25	11
25	159
25	168
25	85
25	38
25	129
25	68
25	63
25	140
25	66
25	106
25	154
25	142
25	24
25	58
25	13
25	126
25	115
25	90
25	104
25	97
25	55
25	128
25	81
25	70
25	96
25	67
25	45
25	82
25	160
25	15
25	110
25	20
25	10
25	49
25	57
25	145
25	108
25	17
25	143
25	5
25	22
25	118
25	95
25	79
25	107
25	112
25	62
25	98
25	136
25	33
25	61
25	78
25	146
25	109
25	133
25	31
25	122
25	65
25	162
25	14
25	94
25	105
25	16
25	116
25	86
25	138
25	36
25	113
25	3
25	60
25	71
25	34
25	88
25	69
25	92
25	151
25	150
25	101
25	102
25	119
25	4
25	75
25	100
25	7
25	56
25	52
25	141
25	170
25	111
25	27
25	83
25	73
25	80
25	47
25	40
25	147
25	12
25	89
25	165
25	123
25	28
25	134
25	155
25	59
25	135
25	39
25	8
25	2
25	23
25	50
25	9
25	77
25	74
25	149
25	114
25	120
25	32
25	125
25	1
25	124
25	167
25	166
25	132
25	91
25	117
25	21
25	54
25	37
25	72
25	6
25	93
25	152
25	26
25	127
25	29
25	139
25	137
25	158
25	53
25	157
25	103
25	130
25	148
25	18
25	48
25	144
25	153
25	164
26	46
26	106
26	11
26	105
26	58
26	165
26	99
26	128
26	31
26	92
26	63
26	84
26	134
26	170
26	162
26	33
26	108
26	15
26	136
26	51
26	89
26	129
26	122
26	115
26	130
26	45
26	119
26	17
26	20
26	140
26	38
26	146
26	16
26	154
26	42
26	27
26	10
26	96
26	90
26	7
26	160
26	153
26	133
26	145
26	57
26	148
26	120
26	163
26	70
26	25
26	14
26	101
26	151
26	159
26	54
26	139
26	137
26	135
26	75
26	149
26	125
26	142
26	97
26	168
26	118
26	166
26	77
26	167
26	68
26	114
26	107
26	19
26	56
26	32
26	85
26	72
26	4
26	78
26	152
26	13
26	12
26	55
26	39
26	9
26	18
26	3
26	113
26	48
26	37
26	28
26	98
26	67
26	91
26	158
26	52
26	82
26	22
26	61
27	99
27	55
27	21
27	165
27	89
27	153
27	84
27	59
27	62
27	46
27	17
27	109
27	105
27	129
27	127
27	155
27	58
27	39
27	167
27	154
27	45
27	101
27	160
27	100
27	98
27	120
27	11
27	157
27	137
27	90
27	96
27	34
27	36
27	115
27	112
27	125
27	57
27	147
27	92
27	1
27	116
27	51
27	118
27	74
27	3
27	35
27	142
27	12
27	15
27	10
27	4
27	72
27	163
27	24
27	20
27	43
27	37
27	38
27	113
27	31
27	75
27	161
27	79
27	85
27	88
27	170
27	70
27	135
27	128
27	18
27	139
27	29
27	64
27	97
27	114
27	56
27	168
27	146
27	80
27	60
27	119
27	148
27	68
27	107
27	42
27	23
27	162
27	145
27	25
28	8
28	15
28	138
28	66
28	17
28	25
28	140
28	159
28	45
28	46
28	58
28	112
28	124
28	86
28	120
28	57
28	150
28	106
28	130
28	10
28	109
28	50
28	1
28	56
28	74
28	33
28	154
28	67
28	105
28	110
28	93
28	53
28	99
28	11
28	38
28	160
28	79
28	54
28	42
28	3
28	88
28	139
28	115
28	91
28	107
28	22
28	4
28	98
28	61
28	47
28	82
28	145
28	167
28	162
28	55
28	89
28	65
28	16
28	95
28	12
29	72
29	119
29	139
29	15
29	27
29	45
29	16
29	54
29	25
29	2
29	99
29	56
29	105
29	31
29	63
29	150
29	51
29	161
29	163
29	53
29	75
29	82
29	129
29	20
29	151
29	46
29	146
29	107
29	90
29	58
29	66
29	62
29	149
29	88
29	64
29	14
29	115
29	55
29	17
29	112
29	166
29	3
29	22
29	160
29	40
29	130
29	49
29	73
29	102
29	85
29	57
29	104
29	65
29	11
29	101
29	34
29	35
29	47
29	106
29	159
29	7
29	80
29	110
29	100
29	125
29	122
29	154
29	93
29	133
29	113
29	38
29	108
29	124
29	4
29	142
29	67
29	24
29	5
29	98
29	13
29	84
29	127
29	39
29	10
29	162
29	28
29	33
29	155
29	61
29	96
29	147
30	151
30	139
30	15
30	72
30	86
30	150
30	39
30	90
30	51
30	119
30	105
30	25
30	120
30	17
30	78
30	59
30	102
30	62
30	10
30	124
30	45
30	49
30	2
30	22
30	82
30	5
30	56
30	129
30	69
30	57
30	27
30	36
30	157
30	106
30	58
30	140
30	66
30	3
30	23
30	53
30	166
30	110
30	125
30	31
30	70
30	14
30	52
30	162
30	20
30	35
30	161
30	142
30	67
30	46
30	93
30	8
30	99
30	158
30	47
30	154
30	113
30	54
30	73
30	85
30	116
30	33
30	160
30	97
30	83
30	55
30	122
30	147
30	11
30	65
31	127
31	139
31	68
31	46
31	165
31	99
31	25
31	77
31	83
31	78
31	89
31	35
31	58
31	17
31	45
31	98
31	107
31	11
31	42
31	10
31	84
31	101
31	157
31	23
31	27
31	143
31	169
31	92
31	12
31	119
31	116
31	51
31	20
31	123
31	146
31	38
31	22
31	161
31	151
31	3
31	9
31	150
31	154
31	28
31	67
31	138
31	121
31	142
31	43
31	168
31	44
31	1
31	149
31	19
31	162
31	166
31	18
31	167
31	53
31	7
31	13
31	163
31	108
31	75
31	120
31	91
31	159
31	15
31	57
31	66
31	134
31	133
31	90
31	160
31	64
31	81
31	153
31	33
31	145
31	55
31	128
31	96
31	93
31	56
31	50
31	37
31	61
31	48
31	62
32	119
32	14
32	90
32	73
32	93
32	77
32	10
32	65
32	25
32	122
32	15
32	39
32	47
32	17
32	105
32	36
32	112
32	96
32	34
32	23
32	46
32	149
32	69
32	139
32	120
32	66
32	91
32	31
32	54
32	118
32	101
32	45
32	21
32	57
32	152
32	72
32	58
32	98
32	5
32	124
32	67
32	114
32	99
32	125
32	146
32	43
32	49
32	42
32	63
32	163
32	108
32	27
32	167
32	123
32	61
32	144
32	159
32	33
32	22
32	38
32	82
32	7
32	55
32	86
32	154
33	29
33	113
33	144
33	143
33	45
33	154
33	39
33	10
33	124
33	35
33	25
33	48
33	30
33	61
33	50
33	98
33	119
33	80
33	153
33	132
33	57
33	22
33	160
33	93
33	83
33	12
33	99
33	145
33	166
33	8
33	117
33	21
33	138
33	142
33	1
33	58
33	3
33	79
33	42
33	156
33	164
33	76
33	170
33	84
33	109
33	155
33	87
33	67
33	47
33	17
33	82
33	41
33	78
33	94
34	15
34	163
34	45
34	165
34	107
34	11
34	55
34	51
34	30
34	31
34	159
34	90
34	43
34	54
34	66
34	46
34	110
34	36
34	99
34	105
34	119
34	3
34	150
34	7
34	147
34	25
34	24
34	74
34	88
34	140
34	106
34	112
34	58
34	136
34	161
34	146
34	130
34	144
34	23
34	84
34	145
34	69
34	75
34	108
34	72
34	33
34	97
34	124
34	85
34	63
34	20
34	129
34	104
34	10
34	80
34	16
34	17
34	103
34	70
34	4
34	118
34	13
34	14
35	99
35	45
35	84
35	128
35	33
35	101
35	58
35	89
35	68
35	97
35	67
35	162
35	70
35	10
35	138
35	17
35	55
35	37
35	170
35	11
35	123
35	90
35	108
35	107
35	146
35	42
35	46
35	165
35	96
35	148
35	134
35	29
35	117
35	15
35	12
35	60
35	1
35	139
35	135
35	20
35	57
35	116
35	118
35	77
35	63
35	3
35	154
35	18
35	119
35	49
35	159
35	21
35	32
35	25
35	160
36	17
36	8
36	11
36	99
36	33
36	42
36	27
36	73
36	70
36	45
36	71
36	90
36	38
36	84
36	158
36	122
36	68
36	82
36	86
36	97
36	49
36	133
36	124
36	105
36	101
36	58
36	104
36	3
36	15
36	25
36	139
36	161
36	31
36	106
36	125
36	146
36	53
36	23
36	81
36	62
36	85
36	127
36	94
36	170
36	60
36	43
36	119
36	20
36	46
36	92
36	165
36	167
37	54
37	16
37	142
37	55
37	112
37	106
37	15
37	123
37	45
37	25
37	118
37	39
37	124
37	119
37	22
37	50
37	14
37	150
37	10
37	83
37	90
37	93
37	99
37	120
37	91
37	46
37	44
37	58
37	133
37	82
37	51
37	159
37	20
37	53
37	92
37	19
37	66
37	47
37	113
37	42
37	65
37	5
37	17
37	146
37	130
37	139
37	85
37	105
37	49
37	140
37	74
37	57
37	72
37	87
37	36
37	56
37	27
37	98
37	161
37	3
37	62
37	11
37	101
37	7
37	125
37	80
37	110
37	144
37	31
37	160
37	67
37	1
37	24
37	63
37	168
37	163
37	77
37	109
37	2
37	73
37	103
37	162
37	61
37	95
37	33
37	145
37	107
37	149
37	102
37	52
37	100
37	60
37	34
37	122
37	126
37	21
37	96
37	129
37	154
37	59
37	115
37	137
37	38
37	151
37	4
37	152
37	155
37	48
37	153
38	61
38	150
38	15
38	99
38	51
38	46
38	25
38	107
38	10
38	53
38	5
38	14
38	66
38	65
38	49
38	7
38	84
38	124
38	129
38	58
38	90
38	17
38	120
38	45
38	11
38	64
38	69
38	139
38	100
38	104
38	146
38	101
38	159
38	73
38	138
38	50
38	67
38	140
38	119
38	97
38	82
38	170
38	36
38	167
38	91
38	122
38	57
38	31
38	54
38	110
38	22
38	59
38	162
38	123
38	136
38	72
38	74
38	13
38	98
38	142
38	30
38	147
38	144
38	3
38	41
38	106
38	111
38	83
38	88
38	117
38	163
38	145
38	105
38	39
38	55
38	115
38	79
38	8
38	125
38	12
38	43
38	152
38	4
38	92
38	35
38	94
38	75
38	62
38	33
38	21
38	23
38	20
38	126
38	81
38	166
38	63
38	42
38	70
38	80
38	157
38	29
38	93
38	132
38	85
38	2
38	134
38	89
38	151
38	56
38	113
38	128
38	47
38	6
38	71
38	127
39	72
39	141
39	154
39	16
39	155
39	94
39	63
39	17
39	55
39	117
39	29
39	142
39	71
39	157
39	152
39	170
39	114
39	85
39	146
39	99
39	58
39	11
39	79
39	159
39	168
39	84
39	145
39	143
39	93
39	98
39	95
39	97
39	88
39	126
39	134
39	162
39	22
39	34
40	17
40	60
40	99
40	84
40	98
40	32
40	31
40	38
40	165
40	55
40	107
40	93
40	89
40	146
40	18
40	49
40	77
40	170
40	149
40	22
40	46
40	20
40	102
40	25
40	45
40	58
40	122
40	162
40	154
40	27
40	14
40	132
40	97
40	68
40	129
40	127
40	78
40	30
40	85
40	119
40	59
40	147
40	109
40	70
40	111
40	33
40	108
40	106
40	42
40	160
40	163
40	72
40	167
40	125
40	51
40	41
40	87
40	43
40	140
40	168
40	54
40	152
40	96
40	9
40	91
40	11
40	13
40	133
40	75
40	6
40	61
40	145
40	134
40	101
40	37
40	5
40	139
40	34
40	24
40	39
40	10
40	90
40	130
40	131
40	23
40	158
40	94
40	86
40	88
40	4
40	104
40	118
41	58
41	44
41	107
41	54
41	45
41	51
41	102
41	147
41	22
41	25
41	151
41	11
41	24
41	49
41	14
41	47
41	67
41	39
41	91
41	35
41	124
41	5
41	159
41	2
41	73
41	34
41	59
41	20
41	31
41	140
41	15
41	105
41	53
41	56
41	46
41	125
41	19
41	66
41	82
41	16
41	99
41	84
41	122
41	93
41	83
41	72
41	64
41	112
41	141
41	8
41	150
41	161
41	7
41	129
41	63
41	155
41	119
41	144
41	89
41	52
41	127
42	89
42	54
42	139
42	68
42	20
42	37
42	147
42	111
42	38
42	51
42	159
42	14
42	46
42	53
42	84
42	115
42	19
42	129
42	79
42	43
42	13
42	58
42	70
42	90
42	170
42	17
42	45
42	28
42	55
42	97
42	100
42	25
42	123
42	102
42	73
42	85
42	150
42	27
42	120
42	66
42	92
42	91
42	122
42	22
42	99
42	82
42	104
42	2
42	101
42	71
42	168
42	10
42	75
42	161
42	3
42	105
42	136
42	47
42	107
42	106
42	31
42	57
42	96
42	108
42	5
42	118
42	116
42	74
42	23
42	127
42	18
42	125
42	56
42	119
42	69
42	133
42	126
42	36
42	144
42	165
42	149
42	146
42	33
42	72
42	49
42	78
42	1
42	162
42	15
42	21
42	83
42	130
42	67
42	32
42	11
42	98
42	64
42	62
42	88
42	153
42	63
42	114
42	59
42	124
42	109
42	65
42	35
42	80
42	95
42	103
42	148
42	60
42	151
42	158
42	132
42	160
42	26
42	137
43	84
43	99
43	154
43	26
43	10
43	110
43	93
43	124
43	50
43	89
43	138
43	39
43	58
43	131
43	17
43	107
43	106
43	83
43	152
43	19
43	96
43	15
43	140
43	1
43	166
43	67
43	117
43	29
43	128
43	168
43	25
43	144
43	132
43	129
43	134
43	121
43	21
43	13
43	142
43	157
43	46
43	38
43	97
43	162
43	44
43	153
43	55
43	33
43	16
43	70
43	3
43	45
43	160
43	143
43	164
43	12
43	48
43	28
44	99
44	58
44	129
44	17
44	84
44	46
44	101
44	96
44	168
44	29
44	163
44	70
44	97
44	45
44	38
44	12
44	10
44	165
44	14
44	71
44	162
44	20
44	11
44	102
44	89
44	68
44	108
44	83
44	42
44	152
44	33
44	86
44	63
44	157
44	67
44	117
44	138
44	146
44	80
44	50
44	123
44	73
44	127
44	106
44	167
44	107
44	23
44	81
44	25
44	69
44	170
44	24
44	104
44	77
44	132
44	41
44	149
44	9
44	154
44	134
44	131
44	116
44	43
44	136
44	160
44	94
44	119
44	18
44	155
44	144
44	6
44	62
44	98
44	166
44	133
44	13
44	118
44	91
44	92
44	100
44	112
44	49
44	158
44	128
44	30
44	126
44	32
44	90
44	78
44	55
44	60
44	28
44	19
45	54
45	85
45	106
45	25
45	102
45	20
45	16
45	75
45	24
45	63
45	163
45	66
45	58
45	107
45	116
45	15
45	84
45	18
45	11
45	99
45	42
45	10
45	91
45	56
45	153
45	112
45	93
45	119
45	55
45	51
45	53
45	57
45	149
45	159
45	105
45	89
45	80
45	139
45	161
45	72
45	170
45	70
45	95
45	98
45	79
45	146
45	150
45	7
45	125
45	14
45	17
45	164
45	166
45	142
45	133
45	90
45	13
45	110
45	46
45	62
45	50
45	160
45	97
45	168
45	100
45	155
45	61
45	144
45	47
45	23
45	104
45	65
45	33
45	129
45	147
45	128
45	19
45	52
45	167
45	94
45	67
45	154
45	118
45	101
45	108
45	158
45	4
45	27
45	151
45	136
45	38
45	124
45	69
45	130
45	127
45	120
45	162
45	131
45	140
45	86
45	87
45	37
45	49
45	2
45	111
45	1
45	96
45	143
45	73
45	82
45	134
45	145
45	29
45	92
45	64
45	132
45	152
45	9
45	138
45	88
45	31
45	60
45	48
45	43
45	81
45	28
45	165
45	71
45	32
45	59
45	109
45	68
45	122
45	40
45	126
45	83
45	77
45	12
45	141
45	6
45	148
45	113
45	44
46	44
46	35
46	98
46	154
46	83
46	57
46	45
46	84
46	10
46	99
46	93
46	17
46	19
46	133
46	50
46	25
46	87
46	126
46	106
46	156
46	145
46	165
46	157
46	27
46	26
46	86
46	30
46	109
46	101
46	47
46	68
46	113
46	3
46	142
46	67
46	124
46	59
46	146
46	132
46	58
46	11
46	8
46	29
46	138
46	63
46	20
46	16
46	167
46	71
46	168
46	12
46	137
46	112
46	70
46	41
46	61
46	127
46	69
46	143
46	39
46	79
46	131
46	166
46	42
46	108
46	21
46	100
46	76
46	40
46	80
46	1
46	164
46	153
46	15
46	163
46	110
46	96
46	152
46	170
46	117
46	104
46	31
46	155
46	130
46	144
46	53
46	89
46	162
46	160
46	13
46	128
46	62
46	134
46	94
46	48
46	118
46	38
46	4
46	55
46	81
46	129
46	18
46	140
46	135
46	169
46	88
46	159
46	97
46	14
47	84
47	72
47	89
47	147
47	11
47	58
47	99
47	17
47	60
47	145
47	27
47	68
47	45
47	90
47	31
47	101
47	146
47	75
47	97
47	38
47	46
47	137
47	115
47	33
47	43
47	42
47	165
47	24
47	32
47	54
47	92
47	118
47	10
47	20
47	154
47	116
47	22
47	19
47	7
47	134
47	170
47	119
47	161
47	39
47	152
47	106
47	56
47	52
47	129
47	70
47	128
47	139
47	63
47	158
47	168
47	13
47	162
47	4
47	160
47	15
47	96
47	127
47	163
47	14
47	78
47	41
47	55
47	8
47	25
47	141
47	88
47	130
47	6
47	64
47	23
47	140
47	51
47	12
47	18
47	98
47	148
47	155
47	62
47	167
47	65
47	133
47	69
47	53
47	122
47	114
47	37
47	91
47	121
47	149
47	82
47	57
47	29
48	29
48	17
48	90
48	119
48	68
48	165
48	60
48	35
48	71
48	45
48	146
48	11
48	25
48	46
48	12
48	84
48	163
48	99
48	55
48	97
48	30
48	70
48	44
48	78
48	167
48	98
48	145
48	101
48	104
48	89
48	37
48	92
48	1
48	94
48	157
48	166
48	54
48	105
48	108
48	51
48	129
48	107
48	43
48	168
48	160
48	38
48	42
48	20
48	13
48	3
48	158
48	153
48	111
48	162
48	144
48	151
48	116
49	150
49	43
49	99
49	58
49	22
49	112
49	147
49	119
49	84
49	23
49	86
49	85
49	34
49	45
49	7
49	55
49	50
49	17
49	25
49	53
49	168
49	111
49	38
49	36
49	141
49	2
49	3
49	157
49	160
49	15
49	66
49	159
49	109
49	40
49	106
49	101
49	27
49	139
49	140
49	93
49	158
49	80
49	46
49	145
49	115
49	56
49	107
49	136
49	120
49	60
49	118
49	11
49	96
49	10
49	162
49	31
49	42
49	12
49	167
49	92
49	67
49	30
49	90
49	143
49	154
49	113
49	121
49	68
49	52
49	97
49	89
49	161
49	165
49	64
49	166
49	144
49	129
49	104
49	116
49	83
49	132
49	170
50	90
50	96
50	111
50	58
50	45
50	89
50	99
50	98
50	55
50	54
50	136
50	25
50	84
50	73
50	56
50	101
50	46
50	31
50	3
50	70
50	10
50	15
50	11
50	17
50	39
50	38
50	100
50	149
50	119
50	145
50	36
50	170
50	163
50	165
50	63
50	22
50	4
50	134
50	162
50	2
50	168
50	144
50	27
50	66
50	7
50	43
50	128
50	127
50	49
50	114
50	42
50	79
50	20
50	105
50	16
50	112
50	143
50	33
50	160
50	129
50	19
50	137
50	29
50	108
50	47
50	152
50	64
50	148
50	139
50	23
50	37
50	88
50	146
51	11
51	58
51	17
51	92
51	45
51	77
51	4
51	22
51	150
51	89
51	66
51	151
51	34
51	55
51	90
51	31
51	42
51	162
51	141
51	84
51	68
51	126
51	97
51	33
51	3
51	136
51	98
51	57
51	154
51	39
51	135
51	133
51	20
51	74
51	127
51	146
51	99
51	125
51	23
51	36
51	153
51	61
51	129
51	107
51	137
51	38
51	10
51	161
51	9
51	128
51	160
51	37
51	103
51	70
51	14
51	113
51	6
51	82
51	168
51	64
51	144
51	148
51	7
51	88
51	170
51	101
51	167
51	65
52	17
52	97
52	101
52	11
52	128
52	84
52	104
52	45
52	150
52	58
52	67
52	99
52	15
52	46
52	38
52	33
52	134
52	34
52	100
52	29
52	25
52	7
52	105
52	4
52	57
52	69
52	170
52	42
52	118
52	72
52	122
52	125
52	63
52	20
52	30
52	32
52	106
52	103
52	61
52	107
52	80
52	55
52	53
52	22
52	162
52	137
52	47
52	18
52	96
52	37
52	10
52	95
52	50
52	130
53	116
53	123
53	31
53	10
53	45
53	57
53	139
53	33
53	16
53	25
53	84
53	22
53	36
53	163
53	145
53	99
53	90
53	85
53	153
53	4
53	107
53	124
53	18
53	39
53	120
53	159
53	2
53	42
53	128
53	43
53	102
53	130
53	5
53	98
53	3
53	20
53	109
53	149
53	110
53	68
53	58
53	55
53	127
53	34
53	70
53	80
53	51
53	125
53	37
53	170
53	24
53	118
53	49
53	46
53	136
53	54
53	111
53	56
53	17
53	126
53	147
53	63
53	144
53	152
53	60
53	72
53	21
53	95
53	15
53	101
53	32
53	119
53	38
53	97
53	162
53	132
53	167
53	106
53	105
53	11
53	1
53	13
53	78
53	134
53	108
53	160
53	83
53	88
53	135
53	61
53	91
53	142
54	58
54	118
54	12
54	79
54	19
54	97
54	159
54	163
54	46
54	17
54	168
54	138
54	144
54	133
54	99
54	45
54	34
54	117
54	2
54	112
54	88
54	93
54	11
54	137
54	110
54	84
54	65
54	78
54	89
54	149
54	36
54	92
54	42
54	10
54	101
54	21
54	67
54	80
54	104
54	132
54	140
54	48
54	157
54	145
54	86
54	100
54	38
54	129
54	66
54	43
54	162
54	1
54	108
54	4
54	141
54	69
54	146
54	44
54	33
54	166
54	68
54	119
54	55
54	147
54	134
54	72
54	24
54	53
54	160
54	150
54	70
54	81
54	83
54	151
54	148
54	126
54	50
54	82
55	87
55	26
55	79
55	124
55	136
55	113
55	153
55	98
55	10
55	154
55	3
55	104
55	47
55	11
55	61
55	29
55	25
55	21
55	59
55	83
55	99
55	45
55	138
55	157
55	58
55	17
55	35
55	84
55	70
55	1
55	50
55	30
55	94
55	71
55	42
55	121
55	60
55	152
55	15
55	143
55	117
55	39
55	44
55	57
55	76
55	19
55	78
55	156
55	8
55	93
55	4
55	110
55	43
55	146
55	46
55	67
55	101
55	167
55	145
55	80
55	37
55	119
55	56
55	148
55	89
55	170
56	84
56	99
56	58
56	100
56	46
56	136
56	55
56	159
56	80
56	89
56	104
56	142
56	117
56	153
56	97
56	3
56	27
56	69
56	144
56	35
56	90
56	149
56	7
56	92
56	22
56	33
56	98
56	123
56	162
56	70
56	10
56	74
56	71
56	17
56	140
56	42
56	125
56	24
56	129
56	135
56	81
56	133
56	170
56	118
56	109
56	31
56	154
56	160
56	113
56	124
56	145
56	4
56	11
56	13
56	115
56	64
56	43
56	146
56	52
56	37
56	148
56	45
56	163
56	101
57	22
57	43
57	46
57	99
57	45
57	7
57	107
57	136
57	64
57	58
57	55
57	150
57	15
57	25
57	165
57	110
57	90
57	126
57	11
57	20
57	8
57	151
57	119
57	17
57	163
57	30
57	59
57	86
57	120
57	167
57	123
57	34
57	124
57	3
57	10
57	146
57	127
57	12
57	65
57	66
57	89
57	51
57	2
57	56
57	159
57	53
57	69
57	80
57	91
57	84
57	97
57	47
57	67
57	161
57	129
57	100
57	170
57	96
57	83
57	139
57	93
57	154
57	62
57	78
57	141
57	50
57	24
57	160
57	162
57	116
57	104
57	140
57	138
57	23
57	125
57	145
57	82
57	114
57	4
57	27
57	42
57	52
57	134
57	98
57	111
57	121
57	128
57	31
57	40
57	135
57	92
58	26
58	8
58	99
58	44
58	138
58	86
58	27
58	3
58	59
58	41
58	55
58	133
58	84
58	67
58	45
58	89
58	98
58	57
58	97
58	69
58	129
58	39
58	30
58	38
58	131
58	156
58	143
58	46
58	61
58	29
58	17
58	20
58	132
58	12
58	166
58	110
58	167
58	160
58	109
58	108
58	117
58	127
58	5
58	155
58	71
58	9
58	101
58	23
58	170
58	70
58	163
58	25
58	165
58	35
58	54
58	106
58	114
58	1
58	119
58	10
58	43
58	140
58	104
58	107
58	142
58	53
58	47
58	19
58	80
58	75
58	92
58	50
58	42
58	6
58	72
58	134
58	162
58	21
58	79
58	115
58	146
58	93
58	14
58	11
58	52
58	13
58	63
58	100
58	32
58	113
58	159
58	120
58	24
58	91
58	150
58	128
58	76
58	153
58	145
58	48
58	81
58	152
58	37
58	148
58	124
58	73
58	60
58	88
58	151
58	122
58	158
58	33
58	40
58	18
58	22
58	144
58	118
59	169
59	138
59	101
59	99
59	84
59	121
59	143
59	117
59	119
59	33
59	57
59	58
59	167
59	110
59	12
59	46
59	30
59	128
59	165
59	38
59	98
59	71
59	10
59	92
59	78
59	17
59	69
59	153
59	9
59	62
59	113
59	168
59	11
59	89
59	127
59	146
59	116
59	20
59	135
59	48
59	53
59	66
59	162
59	141
59	170
59	80
59	7
59	112
59	45
59	13
59	43
59	15
59	160
60	45
60	58
60	49
60	88
60	25
60	112
60	150
60	93
60	10
60	85
60	97
60	159
60	53
60	132
60	146
60	145
60	24
60	99
60	158
60	119
60	101
60	55
60	22
60	11
60	33
60	104
60	67
60	141
60	80
60	34
60	129
60	17
60	90
60	73
60	107
60	123
60	124
60	65
60	42
60	98
60	115
60	86
60	20
60	63
60	149
60	36
60	162
60	151
60	2
60	50
60	127
60	167
60	75
60	57
60	46
60	110
60	61
60	120
60	39
60	102
60	114
60	82
60	95
60	47
60	40
60	94
60	14
60	91
60	168
60	31
60	29
60	12
60	72
60	62
61	17
61	11
61	99
61	132
61	101
61	12
61	60
61	3
61	46
61	127
61	133
61	84
61	71
61	136
61	8
61	20
61	45
61	119
61	125
61	19
61	43
61	129
61	33
61	42
61	59
61	163
61	122
61	168
61	55
61	56
61	15
61	38
61	108
61	10
61	92
61	30
61	81
61	64
61	90
61	31
61	135
62	46
62	84
62	98
62	20
62	58
62	17
62	99
62	160
62	136
62	108
62	100
62	170
62	127
62	109
62	137
62	43
62	45
62	70
62	168
62	140
62	163
62	50
62	90
62	34
62	119
62	64
62	129
62	31
62	59
62	4
62	144
62	128
62	25
62	24
62	3
62	88
62	145
62	38
62	153
62	117
62	22
62	143
62	167
62	113
62	8
62	101
62	69
62	55
62	164
62	83
62	126
62	133
62	162
62	73
62	57
62	154
63	46
63	55
63	79
63	24
63	14
63	154
63	58
63	84
63	160
63	82
63	101
63	115
63	43
63	165
63	159
63	127
63	143
63	17
63	39
63	67
63	10
63	33
63	168
63	11
63	80
63	109
63	71
63	110
63	120
63	104
63	70
63	99
63	108
63	170
63	146
63	27
63	135
63	38
63	128
63	163
63	155
63	32
63	129
63	25
63	45
63	89
63	57
63	47
63	66
63	60
63	124
63	131
63	85
63	167
63	112
63	152
63	2
63	150
63	97
63	94
63	49
63	122
63	98
63	53
63	111
63	133
63	134
63	132
63	29
63	162
63	91
63	118
63	142
63	21
63	42
63	37
63	90
63	13
63	78
63	92
63	40
63	95
63	117
63	96
63	158
63	123
63	113
63	22
63	137
63	153
63	148
63	144
64	58
64	99
64	84
64	118
64	160
64	45
64	11
64	89
64	17
64	33
64	98
64	46
64	12
64	57
64	170
64	127
64	20
64	61
64	135
64	153
64	15
64	70
64	167
64	30
64	68
64	146
64	129
64	81
64	110
64	80
64	25
64	37
64	145
64	38
64	119
64	108
64	92
64	120
64	4
64	43
64	62
64	10
64	55
64	56
64	168
64	107
64	142
64	111
64	144
64	7
64	6
65	139
65	99
65	10
65	4
65	84
65	85
65	98
65	95
65	146
65	83
65	9
65	45
65	72
65	142
65	90
65	35
65	116
65	15
65	162
65	7
65	125
65	128
65	123
65	38
65	122
65	46
65	167
65	55
65	70
65	1
65	42
65	102
65	105
65	58
65	145
65	159
65	119
65	5
65	96
65	67
65	88
65	31
65	111
65	170
65	155
65	137
65	68
65	129
65	165
65	147
65	89
65	54
65	39
65	2
65	97
65	17
65	11
65	13
65	25
65	22
65	108
65	152
65	106
65	33
65	16
65	138
65	37
66	97
66	31
66	99
66	25
66	58
66	10
66	84
66	165
66	45
66	15
66	38
66	73
66	142
66	22
66	116
66	24
66	57
66	28
66	16
66	107
66	154
66	85
66	160
66	46
66	55
66	88
66	34
66	127
66	129
66	109
66	90
66	89
66	49
66	32
66	144
66	39
66	60
66	168
66	123
66	137
66	167
66	20
66	4
66	106
66	17
66	42
66	21
66	102
66	93
66	139
66	54
66	67
66	80
66	75
66	163
66	125
66	153
66	96
66	105
66	77
66	11
66	117
66	36
66	118
66	33
66	152
66	120
66	8
66	56
66	94
66	35
66	63
66	70
66	59
66	91
66	148
66	159
66	119
66	128
66	83
66	19
66	13
66	162
66	68
66	111
66	103
66	134
66	82
66	98
66	145
66	101
66	69
66	95
66	30
66	81
66	140
66	61
66	114
66	51
66	48
66	14
66	37
66	135
66	7
67	99
67	64
67	149
67	9
67	16
67	101
67	84
67	89
67	37
67	112
67	118
67	146
67	96
67	11
67	133
67	29
67	46
67	58
67	168
67	98
67	43
67	165
67	70
67	25
67	93
67	97
67	48
67	127
67	130
67	31
67	115
67	38
67	50
67	63
67	145
67	68
67	17
67	45
67	128
67	160
67	170
67	20
67	104
67	42
67	14
67	120
67	167
67	54
67	135
67	92
67	119
67	60
67	49
67	138
67	91
67	19
67	100
67	10
67	131
67	144
67	163
67	134
67	108
67	137
67	35
67	117
67	123
67	152
67	32
67	94
67	39
67	105
67	78
67	55
67	106
67	126
67	69
67	154
67	116
67	33
67	151
67	12
67	34
67	22
67	140
67	83
67	72
67	90
67	125
67	15
67	74
67	153
67	56
67	109
67	114
67	161
67	27
67	166
67	71
67	41
67	6
67	102
67	57
67	28
67	81
67	88
67	162
67	24
67	111
67	129
67	141
67	95
67	124
67	4
67	13
67	77
67	158
67	75
67	18
67	23
67	30
67	107
67	103
67	51
67	66
67	52
67	148
68	106
68	10
68	82
68	105
68	139
68	129
68	45
68	99
68	34
68	25
68	107
68	93
68	90
68	17
68	53
68	119
68	123
68	150
68	120
68	31
68	159
68	15
68	38
68	54
68	56
68	72
68	65
68	57
68	154
68	20
68	110
68	66
68	3
68	128
68	16
68	122
68	46
68	58
68	77
68	59
68	63
68	47
68	4
68	51
68	60
68	124
68	30
68	85
68	163
68	22
68	67
68	21
68	49
68	14
68	133
68	136
68	149
68	43
68	130
68	113
68	27
68	74
68	160
68	62
68	145
68	36
68	98
68	108
68	55
68	23
68	42
68	2
68	125
68	39
68	91
68	115
68	83
68	80
68	111
68	142
68	79
68	84
68	75
68	101
68	112
68	126
68	50
68	88
68	52
68	118
68	162
68	141
68	114
68	146
68	73
68	168
68	35
68	5
68	109
68	11
68	104
68	40
68	95
68	78
68	13
68	92
68	24
68	170
68	33
68	144
68	140
68	96
68	103
68	102
68	153
68	61
68	135
68	164
68	64
68	147
68	7
69	143
69	19
69	47
69	50
69	117
69	76
69	40
69	30
69	99
69	156
69	132
69	159
69	29
69	1
69	166
69	58
69	113
69	80
69	138
69	38
69	32
69	63
69	17
69	89
69	48
69	10
69	12
69	37
69	129
70	159
70	53
70	46
70	60
70	123
70	91
70	57
70	34
70	25
70	45
70	58
70	154
70	150
70	54
70	17
70	120
70	93
70	49
70	96
70	51
70	95
70	10
70	99
70	106
70	107
70	83
70	15
70	92
70	66
70	124
70	72
70	168
70	101
70	147
70	16
70	78
70	130
70	87
70	129
70	90
70	36
70	33
70	89
70	55
70	98
70	109
70	27
70	42
70	119
70	37
70	38
70	14
70	88
70	8
70	65
70	5
70	132
70	149
70	146
70	67
70	59
70	105
70	3
70	31
70	77
70	23
70	112
70	30
70	64
70	163
70	2
70	22
70	56
70	47
70	80
70	24
70	108
70	75
70	68
70	116
70	110
70	122
70	19
70	50
70	144
70	11
70	118
70	145
70	100
70	13
70	121
70	162
70	117
70	43
70	84
70	81
70	136
70	20
70	79
70	63
70	39
70	137
70	82
70	161
70	85
70	86
70	115
70	125
70	157
70	133
70	35
70	142
70	140
70	73
70	4
70	7
70	102
70	40
70	155
70	61
70	152
70	151
70	12
71	99
71	12
71	55
71	145
71	89
71	84
71	137
71	149
71	108
71	58
71	68
71	62
71	37
71	134
71	36
71	138
71	67
71	155
71	129
71	168
71	109
71	11
71	17
71	97
71	20
71	170
71	46
71	38
71	146
71	160
71	33
71	78
71	96
71	92
71	79
71	128
71	9
71	45
71	135
71	70
71	131
71	42
71	165
71	167
71	100
71	101
71	166
71	27
71	163
71	25
71	88
71	48
71	141
71	94
71	28
71	15
71	72
71	14
71	115
71	127
71	104
71	154
71	111
71	57
71	162
71	122
71	152
71	119
71	98
71	10
71	3
71	65
71	120
71	126
72	43
72	17
72	115
72	58
72	79
72	87
72	10
72	29
72	84
72	99
72	91
72	104
72	69
72	38
72	145
72	94
72	46
72	155
72	67
72	70
72	71
72	33
72	40
72	55
72	9
72	142
72	101
72	117
72	39
72	152
72	41
72	100
72	34
72	154
72	92
72	146
72	157
72	22
72	140
72	138
72	61
72	158
72	128
72	11
72	122
72	30
72	95
72	78
72	163
72	53
72	133
72	149
72	89
72	86
72	131
72	118
72	170
72	27
72	66
72	160
72	45
72	42
72	110
72	25
72	168
72	132
72	96
72	57
72	6
72	68
72	150
72	126
72	5
72	113
72	162
72	105
72	65
73	25
73	2
73	40
73	22
73	84
73	58
73	105
73	99
73	45
73	102
73	120
73	80
73	104
73	42
73	43
73	97
73	33
73	21
73	98
73	36
73	17
73	44
73	159
73	81
73	93
73	152
73	122
73	67
73	10
73	101
73	114
73	145
73	160
73	115
73	63
73	94
73	100
73	112
73	147
73	77
73	66
73	46
73	11
73	129
73	118
73	52
73	96
73	53
73	4
73	60
73	55
73	132
73	137
73	138
73	128
73	28
73	37
73	143
73	146
73	38
74	11
74	15
74	97
74	10
74	107
74	99
74	90
74	17
74	84
74	58
74	56
74	25
74	146
74	43
74	119
74	89
74	125
74	94
74	46
74	12
74	143
74	23
74	37
74	111
74	68
74	45
74	161
74	38
74	100
74	35
74	128
74	7
74	118
74	49
74	93
74	101
74	83
74	154
74	135
74	165
74	48
74	34
74	42
74	19
74	114
74	92
74	153
74	71
74	159
74	162
74	60
74	108
74	95
74	3
74	166
74	24
74	140
74	104
74	18
74	9
74	145
74	66
74	152
74	133
74	113
74	55
74	31
74	117
74	1
74	96
74	116
74	52
74	20
74	129
74	33
74	13
75	99
75	24
75	17
75	135
75	84
75	110
75	143
75	22
75	162
75	124
75	47
75	12
75	161
75	82
75	25
75	58
75	71
75	51
75	132
75	120
75	18
75	66
75	43
75	112
75	46
75	11
75	127
75	14
75	87
75	38
75	3
75	10
75	55
75	147
75	80
75	97
75	170
75	104
75	90
75	134
75	108
75	168
75	56
75	101
75	86
75	19
75	68
75	149
75	111
75	146
75	159
75	133
75	13
75	32
75	129
75	67
75	150
75	113
75	154
75	73
75	89
76	45
76	160
76	20
76	11
76	165
76	14
76	31
76	99
76	77
76	17
76	58
76	33
76	84
76	37
76	29
76	90
76	42
76	129
76	4
76	109
76	108
76	46
76	135
76	63
76	146
76	122
76	34
76	16
76	61
76	5
76	25
76	128
76	36
76	159
76	81
76	163
76	15
76	55
76	57
76	127
76	89
76	74
76	170
76	125
76	107
76	23
76	161
76	10
76	43
76	168
76	162
76	152
76	97
76	96
76	92
76	115
76	101
76	70
76	51
76	94
76	119
76	8
76	133
76	38
76	113
76	154
76	138
76	105
76	32
76	72
76	98
76	144
76	64
76	3
76	103
76	147
76	104
76	52
76	145
76	91
76	54
76	73
76	95
76	166
77	54
77	93
77	106
77	14
77	3
77	147
77	150
77	119
77	20
77	2
77	99
77	49
77	57
77	16
77	58
77	34
77	45
77	25
77	53
77	95
77	169
77	90
77	105
77	17
77	22
77	141
77	72
77	109
77	140
77	116
77	75
77	115
77	36
77	46
77	98
77	66
77	124
77	73
77	71
77	65
77	143
77	7
77	136
77	39
77	33
77	15
77	118
77	79
77	146
77	145
77	125
77	74
77	8
77	78
77	5
77	23
77	131
77	122
77	129
77	112
77	11
77	142
77	84
77	153
77	10
77	163
77	120
77	94
77	83
77	31
77	162
77	38
77	159
77	91
77	111
77	82
77	60
77	4
77	51
77	133
77	154
77	69
77	59
77	85
77	61
77	42
77	88
77	165
77	144
77	152
77	64
77	103
77	12
77	55
77	104
78	101
78	30
78	17
78	139
78	38
78	80
78	99
78	48
78	43
78	84
78	108
78	165
78	25
78	135
78	163
78	129
78	104
78	97
78	33
78	141
78	11
78	70
78	168
78	46
78	146
78	58
78	10
78	68
78	32
78	39
78	131
78	136
78	164
78	116
78	119
78	170
78	37
78	89
78	160
78	13
78	12
78	162
78	106
78	85
78	1
78	60
78	71
78	45
78	52
78	113
79	99
79	37
79	163
79	41
79	138
79	46
79	1
79	20
79	110
79	68
79	87
79	84
79	72
79	89
79	70
79	132
79	129
79	38
79	148
79	33
79	109
79	131
79	85
79	126
79	108
79	63
79	96
79	100
79	78
79	97
79	71
79	167
79	160
79	127
79	17
79	58
79	8
79	117
79	159
79	48
79	153
79	45
79	21
79	49
79	29
79	10
79	67
79	57
79	15
79	144
79	119
79	9
79	11
79	166
79	13
79	107
79	42
79	54
79	150
79	170
79	25
79	162
79	14
79	23
79	52
79	134
79	101
79	31
79	152
79	149
79	125
80	162
80	145
80	12
80	70
80	168
80	167
80	99
80	68
80	37
80	153
80	101
80	5
80	78
80	84
80	58
80	55
80	46
80	29
80	10
80	45
80	17
80	89
80	38
80	104
80	11
80	96
80	18
80	166
80	160
80	112
80	28
80	14
80	149
80	90
80	157
80	22
80	25
80	57
80	54
80	98
80	49
80	127
80	147
80	148
80	129
80	170
80	97
80	163
80	111
80	144
80	42
80	161
80	125
80	115
80	75
80	36
80	77
80	119
80	9
80	135
80	34
80	67
80	152
80	19
80	83
80	94
80	108
80	93
80	24
80	72
80	31
80	154
80	146
80	3
80	141
80	43
80	4
80	30
80	165
80	20
80	64
80	113
80	7
80	130
80	118
80	95
80	79
80	158
80	132
80	13
80	15
80	122
80	1
80	109
80	62
80	69
80	33
80	81
80	151
80	133
80	92
80	52
81	45
81	119
81	14
81	22
81	120
81	149
81	38
81	66
81	154
81	65
81	82
81	11
81	17
81	147
81	10
81	90
81	73
81	95
81	34
81	124
81	99
81	36
81	25
81	42
81	53
81	49
81	101
81	31
81	67
81	80
81	64
81	94
81	136
81	113
81	96
81	27
81	150
81	62
81	128
81	20
81	159
81	46
81	98
81	55
81	93
81	146
81	132
81	88
81	163
81	43
81	143
81	1
81	112
81	72
81	86
81	85
81	58
81	110
81	50
81	19
81	100
81	78
81	165
81	35
81	40
81	8
81	151
81	169
81	91
81	68
81	77
81	122
81	47
82	128
82	31
82	20
82	10
82	145
82	45
82	46
82	55
82	58
82	98
82	36
82	38
82	90
82	116
82	88
82	63
82	72
82	15
82	141
82	123
82	99
82	25
82	39
82	139
82	44
82	68
82	84
82	89
82	21
82	168
82	11
82	35
82	4
82	115
82	134
82	170
82	81
82	94
82	17
82	152
82	7
82	162
82	80
82	5
82	160
82	13
82	163
82	119
82	127
82	42
82	37
82	108
82	60
82	59
82	97
82	83
82	158
82	1
82	70
82	12
82	144
82	77
82	101
82	147
82	34
82	33
82	75
82	54
82	78
82	106
82	129
82	165
82	154
82	52
82	130
82	143
82	57
82	29
82	150
83	145
83	96
83	30
83	10
83	21
83	45
83	38
83	17
83	46
83	92
83	99
83	58
83	141
83	53
83	130
83	25
83	114
83	127
83	54
83	162
83	11
83	101
83	107
83	84
83	128
83	55
83	87
83	138
83	108
83	119
83	13
83	49
83	42
83	149
83	20
83	97
83	51
83	91
83	37
83	139
83	129
83	86
83	131
83	57
83	104
83	116
83	82
83	89
83	161
83	148
83	18
83	27
83	134
83	168
83	4
83	62
84	127
84	142
84	77
84	129
84	105
84	45
84	102
84	37
84	49
84	11
84	57
84	17
84	42
84	60
84	146
84	163
84	83
84	46
84	14
84	54
84	29
84	25
84	34
84	73
84	115
84	106
84	147
84	112
84	124
84	15
84	58
84	152
84	125
84	98
84	107
84	6
84	126
84	10
84	20
84	51
84	7
84	90
84	28
84	5
84	85
84	120
84	78
84	12
84	145
84	61
84	9
84	63
84	66
84	75
84	93
84	86
84	31
84	2
84	92
84	56
84	116
84	99
84	104
84	159
84	149
84	91
84	168
84	114
84	48
84	96
84	65
84	27
84	67
84	69
84	43
84	117
84	68
84	38
84	23
84	3
84	40
84	55
84	130
84	133
84	139
84	141
84	52
84	167
84	101
84	82
84	132
84	16
84	33
84	122
84	154
84	155
84	110
84	88
84	59
84	136
84	30
84	47
84	35
84	151
84	109
84	39
84	79
84	95
84	140
84	150
84	166
84	41
84	21
84	119
84	123
84	94
84	4
84	64
84	36
84	24
84	128
84	26
84	138
84	22
84	1
84	157
84	44
84	162
84	80
84	8
84	118
84	89
84	72
84	74
84	19
84	87
84	62
84	153
84	160
84	100
84	161
84	165
84	131
84	143
84	144
84	170
84	53
84	137
84	121
84	70
84	13
84	50
84	164
84	108
84	113
84	169
84	71
84	103
84	97
84	158
84	135
84	32
85	134
85	17
85	43
85	84
85	163
85	45
85	46
85	58
85	49
85	160
85	101
85	99
85	159
85	56
85	51
85	55
85	10
85	110
85	11
85	25
85	137
85	35
85	112
85	104
85	89
85	33
85	128
85	70
85	38
85	63
85	100
85	53
85	143
85	97
85	120
85	67
85	66
85	83
85	39
85	146
85	9
85	44
85	22
85	135
85	149
85	60
85	108
85	162
85	154
85	153
85	150
85	81
85	24
85	13
85	168
85	129
85	98
85	20
85	93
85	118
86	99
86	84
86	154
86	58
86	35
86	89
86	153
86	146
86	123
86	127
86	63
86	90
86	55
86	104
86	46
86	54
86	77
86	159
86	42
86	66
86	71
86	10
86	163
86	49
86	37
86	45
86	108
86	128
86	20
86	11
86	136
86	165
86	138
86	97
86	36
86	15
86	166
86	149
86	17
86	91
86	137
86	4
86	59
86	29
86	9
86	115
86	120
86	70
86	162
86	25
86	160
86	170
86	152
86	75
86	101
86	111
86	12
86	122
86	155
86	18
86	38
86	119
86	13
86	168
86	3
86	132
86	131
86	22
86	85
86	24
86	31
86	68
86	81
86	144
86	60
86	106
86	61
86	158
86	53
86	133
86	145
87	99
87	70
87	17
87	29
87	104
87	46
87	18
87	84
87	55
87	145
87	119
87	45
87	14
87	58
87	101
87	3
87	163
87	146
87	42
87	154
87	11
87	38
87	41
87	89
87	92
87	108
87	10
87	54
87	85
87	25
87	33
87	159
87	150
87	135
87	72
87	93
87	16
87	148
87	71
87	168
87	162
87	63
87	49
87	27
87	20
87	133
87	128
87	30
87	100
87	129
87	160
87	68
87	77
87	69
87	43
87	97
87	36
87	9
87	13
87	81
87	5
87	127
87	109
87	152
87	12
87	51
87	170
87	118
87	167
87	112
87	131
87	56
87	28
88	20
88	151
88	139
88	25
88	45
88	17
88	116
88	107
88	62
88	53
88	119
88	15
88	167
88	22
88	80
88	7
88	33
88	159
88	56
88	58
88	23
88	97
88	11
88	51
88	92
88	84
88	120
88	150
88	146
88	10
88	67
88	93
88	99
88	55
88	13
88	155
88	123
88	27
88	101
88	118
88	65
88	109
88	46
88	163
88	142
88	138
88	113
88	94
88	24
88	52
88	47
88	40
88	91
88	108
88	133
88	162
88	87
88	144
88	104
88	49
88	168
88	127
88	153
89	43
89	8
89	159
89	54
89	106
89	61
89	112
89	53
89	15
89	2
89	25
89	99
89	27
89	17
89	10
89	123
89	45
89	50
89	92
89	93
89	116
89	82
89	46
89	150
89	145
89	4
89	98
89	109
89	67
89	120
89	66
89	65
89	16
89	47
89	124
89	163
89	105
89	83
89	51
89	58
89	160
89	144
89	35
89	146
89	56
89	21
89	162
89	117
89	141
89	52
89	110
89	11
89	23
89	3
89	104
89	80
89	24
89	5
89	133
89	71
89	59
89	22
89	42
89	135
89	94
89	114
89	34
89	95
89	157
89	115
89	154
89	86
89	139
89	170
89	96
89	130
89	101
89	39
89	33
89	107
89	70
89	88
89	149
89	84
89	138
89	122
89	125
89	132
89	60
89	91
89	129
89	69
89	55
89	57
89	30
89	38
89	168
89	147
89	31
89	68
89	169
89	64
89	152
89	44
89	26
90	31
90	46
90	11
90	45
90	68
90	55
90	58
90	77
90	163
90	99
90	17
90	18
90	104
90	121
90	107
90	81
90	60
90	10
90	38
90	143
90	146
90	119
90	168
90	138
90	15
90	37
90	34
90	150
90	140
90	97
90	84
90	129
90	42
90	96
90	116
90	33
90	162
90	139
90	20
90	43
90	70
90	136
90	12
90	128
90	8
90	3
90	51
90	165
90	89
90	47
90	21
90	118
90	166
90	88
90	98
90	161
90	92
90	78
90	56
90	61
90	101
90	133
90	108
90	49
90	25
90	27
90	57
90	7
90	67
90	35
90	142
90	127
90	154
90	1
90	53
90	137
90	82
90	110
90	2
90	22
90	32
90	71
90	36
90	160
90	159
90	155
90	48
90	44
90	39
90	132
90	63
90	145
90	83
90	13
90	59
90	9
90	134
90	52
90	79
90	93
90	141
90	124
90	6
90	19
90	91
90	167
90	72
90	152
90	30
90	147
90	125
90	50
90	158
90	169
90	14
90	135
90	170
90	41
90	80
90	94
90	75
90	115
90	112
90	85
90	117
90	62
90	66
90	103
90	23
90	100
91	72
91	122
91	25
91	127
91	116
91	15
91	17
91	75
91	105
91	146
91	107
91	99
91	123
91	90
91	145
91	22
91	141
91	58
91	20
91	55
91	98
91	63
91	46
91	29
91	84
91	45
91	114
91	152
91	112
91	95
91	35
91	126
91	120
91	14
91	80
91	65
91	4
91	97
91	10
91	13
91	59
91	139
91	69
91	56
91	143
91	108
91	115
91	135
91	31
91	51
91	41
91	11
91	119
91	147
91	101
91	43
91	168
91	21
91	158
91	86
91	42
91	111
91	83
91	37
91	133
91	153
91	34
91	60
91	159
91	38
91	47
91	82
91	149
91	170
92	19
92	67
92	58
92	44
92	110
92	154
92	155
92	40
92	93
92	78
92	62
92	101
92	162
92	51
92	79
92	12
93	36
93	84
93	90
93	58
93	99
93	168
93	11
93	32
93	18
93	70
93	101
93	127
93	20
93	97
93	63
93	15
93	129
93	17
93	25
93	111
93	2
93	31
93	165
93	49
93	68
93	64
93	45
93	170
93	95
93	100
93	132
93	39
93	55
93	151
93	46
93	163
93	161
93	159
93	42
93	118
93	56
93	38
93	80
93	24
93	26
93	3
93	114
93	16
93	27
93	133
93	128
93	89
93	96
93	162
93	139
93	33
93	141
93	54
93	145
93	79
93	14
93	146
93	105
93	37
93	43
93	160
93	6
93	94
93	78
93	108
93	88
93	104
93	10
93	152
93	149
93	125
93	115
93	106
93	73
93	9
93	166
93	13
93	5
93	112
93	135
93	126
93	19
93	154
93	142
93	107
93	30
93	147
93	98
93	122
93	12
93	102
93	57
93	22
93	86
93	48
93	4
93	66
94	67
94	117
94	165
94	45
94	143
94	58
94	29
94	166
94	84
94	70
94	99
94	87
94	164
94	138
94	51
94	16
94	39
94	92
94	11
94	153
94	146
94	17
94	131
94	145
94	38
94	80
94	30
94	12
94	152
94	41
94	133
94	134
94	72
94	1
94	132
94	113
94	25
94	129
94	162
94	108
94	170
94	97
94	105
94	120
94	130
94	33
94	101
94	168
95	54
95	84
95	147
95	15
95	45
95	24
95	163
95	25
95	58
95	33
95	72
95	8
95	118
95	56
95	126
95	115
95	105
95	4
95	162
95	55
95	11
95	70
95	159
95	106
95	93
95	99
95	101
95	42
95	97
95	119
95	38
95	62
95	10
95	143
95	109
95	150
95	23
95	53
95	168
95	80
95	17
95	46
95	83
95	73
95	40
95	14
95	151
95	98
96	94
96	67
96	138
96	80
96	79
96	164
96	44
96	19
96	30
96	110
96	12
96	48
96	132
96	117
96	99
96	113
96	156
96	76
96	45
96	72
96	29
96	27
97	31
97	72
97	90
97	120
97	116
97	107
97	159
97	19
97	25
97	99
97	17
97	71
97	83
97	34
97	150
97	11
97	53
97	85
97	36
97	89
97	112
97	66
97	57
97	129
97	139
97	20
97	22
97	84
97	82
97	45
97	58
97	110
97	56
97	78
97	101
97	5
97	51
97	109
97	70
97	75
97	127
97	42
97	43
97	3
97	115
97	122
97	142
97	27
97	167
97	124
97	123
97	163
97	14
97	126
97	39
97	48
97	50
97	161
97	168
97	23
97	157
97	154
97	35
97	162
97	68
97	143
97	46
97	10
97	73
97	55
97	91
97	92
97	15
97	118
97	140
97	130
97	136
97	61
97	106
97	77
97	74
97	111
97	145
97	125
97	12
97	96
97	79
97	94
97	158
97	59
97	67
97	144
97	119
97	137
97	95
97	98
97	60
97	93
97	33
97	128
97	16
97	147
97	62
97	63
97	52
97	38
97	18
97	141
97	47
97	1
97	146
97	103
97	165
97	13
97	138
97	69
97	49
97	104
97	114
97	152
97	2
97	24
97	81
97	80
97	113
97	64
97	88
97	37
97	132
97	54
97	7
97	28
98	107
98	50
98	15
98	20
98	7
98	119
98	136
98	145
98	69
98	127
98	58
98	3
98	8
98	128
98	12
98	138
98	84
98	17
98	64
98	88
98	59
98	101
98	78
98	22
98	70
98	38
98	123
98	112
98	146
98	11
98	55
98	34
98	45
98	56
98	52
98	99
98	129
98	118
98	140
98	114
98	162
98	53
98	170
98	65
98	25
98	31
98	30
98	10
98	139
98	169
98	142
98	46
98	124
98	167
98	100
98	149
98	163
98	13
98	89
98	42
98	62
98	141
98	47
98	91
98	68
98	121
98	93
98	51
98	23
98	97
98	4
98	77
98	103
98	120
98	82
98	43
98	37
99	35
99	107
99	139
99	104
99	79
99	127
99	28
99	43
99	83
99	44
99	58
99	89
99	63
99	57
99	25
99	131
99	85
99	120
99	45
99	46
99	128
99	114
99	15
99	17
99	75
99	101
99	54
99	126
99	108
99	159
99	115
99	92
99	20
99	38
99	122
99	152
99	119
99	7
99	90
99	8
99	145
99	11
99	84
99	96
99	21
99	3
99	91
99	123
99	27
99	56
99	59
99	1
99	125
99	23
99	116
99	160
99	51
99	124
99	55
99	154
99	37
99	168
99	130
99	161
99	129
99	153
99	112
99	19
99	113
99	12
99	142
99	49
99	22
99	110
99	71
99	165
99	106
99	39
99	67
99	93
99	149
99	53
99	150
99	40
99	80
99	42
99	163
99	31
99	16
99	151
99	117
99	134
99	60
99	77
99	102
99	138
99	24
99	162
99	105
99	29
99	61
99	155
99	109
99	98
99	14
99	50
99	132
99	100
99	10
99	141
99	118
99	47
99	66
99	136
99	69
99	146
99	33
99	133
99	164
99	73
99	166
99	140
99	88
99	167
99	68
99	94
99	170
99	97
99	157
99	5
99	2
99	65
99	86
99	78
99	82
99	9
99	143
99	52
99	36
99	48
99	135
99	147
99	87
99	34
99	74
99	4
99	30
99	121
99	95
99	26
99	41
99	81
99	148
99	70
99	144
99	72
99	64
99	13
99	111
99	18
99	32
99	158
99	137
99	103
99	62
99	6
100	26
100	156
100	69
100	40
100	108
100	86
100	47
100	99
100	15
100	132
100	19
100	50
100	71
100	27
100	25
100	89
100	58
100	138
100	170
100	84
100	128
100	96
100	38
100	48
100	129
100	110
100	146
100	30
100	44
100	97
100	143
101	143
101	44
101	132
101	156
101	76
101	113
101	117
101	80
101	50
101	99
101	48
101	166
101	19
101	155
101	46
101	78
101	167
101	47
101	164
101	138
101	108
101	30
101	33
101	157
101	94
101	12
101	83
101	128
101	11
101	120
101	142
101	153
101	1
101	84
101	55
101	79
101	41
101	67
101	58
101	119
101	146
101	134
101	38
101	93
101	70
101	85
101	97
101	25
101	45
101	37
101	126
101	145
101	29
101	66
101	129
102	25
102	38
102	104
102	17
102	68
102	2
102	159
102	134
102	70
102	84
102	58
102	78
102	80
102	33
102	53
102	27
102	120
102	46
102	71
102	67
102	92
102	29
102	83
102	96
102	170
102	57
102	108
102	129
102	146
102	10
102	42
102	99
102	45
102	148
102	55
102	101
102	40
102	160
102	145
102	39
102	89
102	69
102	135
102	143
102	97
102	128
102	22
102	123
102	21
102	130
102	36
102	73
102	100
102	168
102	162
102	77
102	13
102	61
102	163
102	24
102	151
102	158
102	122
102	93
102	149
103	30
103	134
103	23
103	107
103	119
103	114
103	37
103	99
103	132
103	14
103	25
103	81
103	58
103	165
103	154
103	17
103	11
103	10
103	66
103	140
103	45
103	60
103	161
103	57
103	150
103	15
103	73
103	46
103	125
103	84
103	7
103	141
103	22
103	68
103	122
103	129
103	33
103	139
103	36
103	115
103	145
103	39
103	24
103	12
103	55
103	130
103	152
103	163
103	34
103	110
103	160
103	144
103	51
103	97
103	159
103	56
103	95
103	98
103	147
103	49
103	146
103	29
103	104
103	89
104	10
104	84
104	46
104	3
104	58
104	99
104	68
104	138
104	29
104	47
104	67
104	39
104	83
104	25
104	154
104	26
104	170
104	101
104	55
104	50
104	41
104	45
104	152
104	156
104	108
104	132
104	19
104	80
104	15
104	42
104	17
104	12
104	35
104	33
104	38
105	99
105	46
105	58
105	115
105	69
105	163
105	17
105	33
105	84
105	45
105	107
105	168
105	101
105	104
105	146
105	91
105	71
105	145
105	100
105	135
105	22
105	138
105	38
105	10
105	55
105	94
105	11
105	48
105	118
105	65
105	36
105	68
105	112
105	122
105	109
105	43
105	53
105	67
105	128
105	89
105	108
105	5
105	96
105	140
105	150
105	24
105	133
105	152
105	57
105	92
105	149
105	41
105	37
105	114
105	165
105	147
105	162
105	170
105	148
105	4
105	82
105	160
105	77
105	129
105	154
106	99
106	43
106	46
106	100
106	92
106	146
106	134
106	118
106	84
106	150
106	58
106	38
106	70
106	45
106	11
106	132
106	145
106	120
106	55
106	163
106	128
106	101
106	17
106	167
106	104
106	133
106	97
106	67
106	158
106	117
106	112
106	77
106	24
106	114
106	22
106	69
106	89
106	80
106	9
106	96
106	18
106	28
106	129
106	42
106	168
106	138
106	19
106	108
106	53
106	107
106	170
107	31
107	22
107	11
107	45
107	150
107	90
107	66
107	61
107	97
107	125
107	110
107	111
107	81
107	84
107	163
107	99
107	58
107	49
107	93
107	53
107	23
107	162
107	77
107	14
107	43
107	145
107	126
107	57
107	119
107	151
107	10
107	129
107	42
107	170
107	168
107	127
107	34
107	37
107	68
107	114
107	88
107	141
107	165
107	17
107	136
107	51
107	15
107	98
107	146
107	4
107	3
107	123
107	7
107	149
107	74
107	70
107	60
107	36
107	158
107	96
107	33
107	135
107	2
107	38
107	9
107	120
107	73
107	25
107	86
107	35
107	115
107	95
107	121
107	13
107	91
107	103
107	85
107	12
107	69
107	82
107	64
107	153
107	46
107	147
107	160
107	159
107	101
107	50
107	80
107	75
107	89
107	140
108	25
108	11
108	142
108	46
108	49
108	128
108	53
108	163
108	23
108	159
108	112
108	145
108	91
108	33
108	106
108	124
108	120
108	115
108	20
108	67
108	63
108	110
108	69
108	47
108	58
108	141
108	57
108	66
108	55
108	99
108	54
108	131
108	123
108	10
108	133
108	146
108	101
108	154
108	15
108	16
108	77
108	140
108	84
109	96
109	8
109	17
109	101
109	11
109	20
109	46
109	88
109	12
109	69
109	136
109	58
109	22
109	30
109	113
109	55
109	100
109	145
109	84
109	127
109	129
109	99
109	163
109	35
109	29
109	56
109	43
109	13
109	119
109	64
109	25
109	152
109	59
109	146
109	168
109	162
109	92
109	33
109	62
109	97
109	38
109	149
110	10
110	163
110	84
110	75
110	58
110	141
110	107
110	45
110	134
110	99
110	68
110	57
110	29
110	165
110	90
110	89
110	55
110	127
110	70
110	116
110	148
110	77
110	25
110	17
110	27
110	97
110	135
110	42
110	46
110	92
110	71
110	20
110	96
110	33
110	167
110	38
110	30
110	12
110	78
110	159
110	22
110	24
110	117
110	5
110	15
110	119
110	162
110	108
110	80
110	36
110	139
110	170
110	145
110	125
110	43
110	16
110	11
110	154
110	83
110	54
110	94
110	59
110	123
110	160
110	69
110	137
110	72
110	129
110	88
110	101
110	41
110	18
110	23
110	128
110	150
110	104
110	100
110	146
110	63
110	32
110	52
110	103
110	37
110	144
110	109
110	106
110	152
111	121
111	81
111	45
111	119
111	108
111	58
111	25
111	127
111	84
111	11
111	15
111	99
111	70
111	18
111	104
111	68
111	7
111	168
111	49
111	37
111	38
111	96
111	152
111	93
111	101
111	17
111	75
111	43
111	146
111	46
111	131
111	129
111	134
111	118
111	39
111	162
111	10
111	147
111	92
111	122
111	154
111	65
111	88
111	42
111	77
111	170
111	60
111	137
111	167
111	31
111	27
111	5
111	159
111	133
111	89
111	53
111	124
111	6
111	12
111	145
112	99
112	90
112	15
112	84
112	70
112	9
112	159
112	114
112	46
112	134
112	154
112	105
112	17
112	58
112	25
112	34
112	100
112	93
112	45
112	150
112	3
112	55
112	120
112	75
112	51
112	139
112	71
112	60
112	38
112	102
112	128
112	16
112	162
112	33
112	160
112	72
112	119
112	115
112	127
112	129
112	19
112	5
112	69
112	89
112	146
112	106
112	108
112	11
112	118
112	22
112	78
112	27
112	136
112	74
112	31
112	85
112	23
112	141
112	57
112	20
112	91
112	124
112	63
112	24
112	170
112	35
112	10
112	94
112	122
112	53
112	67
112	64
112	144
112	54
112	168
113	104
113	162
113	68
113	99
113	44
113	146
113	14
113	77
113	164
113	9
113	138
113	84
113	12
113	115
113	60
113	127
113	80
113	11
113	89
113	37
113	106
113	46
113	58
113	45
113	78
113	165
113	70
113	55
113	143
113	67
113	43
113	96
113	150
113	102
113	10
113	88
113	17
113	134
113	145
113	152
113	25
113	124
113	24
113	167
113	20
113	30
113	83
113	92
113	33
113	52
113	72
113	98
113	119
113	23
113	69
113	65
113	97
113	160
113	42
113	170
113	154
113	133
113	38
113	128
113	61
113	149
113	59
113	105
113	101
113	28
113	32
113	168
114	25
114	45
114	115
114	99
114	90
114	101
114	105
114	72
114	46
114	123
114	17
114	84
114	1
114	13
114	146
114	11
114	107
114	137
114	20
114	138
114	140
114	67
114	152
114	12
114	120
114	144
114	125
114	93
114	88
114	117
114	37
114	161
114	66
114	163
114	134
114	23
114	43
114	103
114	58
114	70
114	7
114	130
114	55
114	112
114	122
114	10
114	14
114	31
114	128
114	129
114	162
114	77
114	68
114	8
114	57
114	51
115	138
115	99
115	141
115	58
115	105
115	91
115	67
115	22
115	17
115	153
115	72
115	117
115	10
115	97
115	84
115	114
115	96
115	101
115	152
115	45
115	143
115	140
115	158
115	1
115	110
115	12
115	134
115	132
115	13
115	167
115	11
115	166
115	48
115	165
115	80
115	9
115	78
116	89
116	53
116	150
116	170
116	35
116	120
116	99
116	46
116	83
116	22
116	31
116	110
116	159
116	17
116	25
116	93
116	82
116	66
116	90
116	10
116	70
116	58
116	86
116	168
116	101
116	84
116	97
116	98
116	91
116	28
116	65
116	105
116	162
116	15
116	123
116	33
116	104
116	36
116	153
116	59
116	55
116	136
116	67
116	163
116	112
116	125
116	11
116	45
116	18
116	144
116	160
116	94
116	27
116	122
116	146
116	13
116	4
116	145
116	96
116	128
117	138
117	163
117	166
117	58
117	9
117	99
117	152
117	110
117	67
117	141
117	140
117	15
117	149
117	96
117	128
117	84
117	89
117	143
117	160
117	17
117	42
117	153
117	45
117	24
117	129
117	54
117	38
117	22
117	90
117	145
117	19
117	12
117	41
117	72
117	29
117	13
117	81
117	146
117	104
117	33
117	11
118	99
118	43
118	37
118	45
118	84
118	68
118	144
118	15
118	25
118	58
118	46
118	38
118	123
118	162
118	101
118	110
118	143
118	70
118	74
118	32
118	53
118	90
118	107
118	17
118	89
118	146
118	67
118	119
118	168
118	112
118	27
118	134
118	54
118	152
118	13
118	98
118	63
118	20
118	100
118	51
118	170
118	81
118	165
118	42
118	6
118	47
118	93
118	94
119	46
119	99
119	58
119	101
119	64
119	17
119	104
119	146
119	147
119	100
119	98
119	31
119	77
119	145
119	21
119	84
119	9
119	69
119	90
119	11
119	10
119	140
119	92
119	168
119	153
119	43
119	22
119	38
119	79
119	117
119	108
119	89
119	70
119	97
119	143
119	87
119	71
119	82
119	3
119	128
119	55
119	45
119	7
119	20
119	25
119	109
119	166
119	118
119	138
119	83
119	12
119	47
119	86
119	53
119	8
119	149
119	133
119	152
119	127
119	36
119	169
119	136
119	59
119	6
119	74
119	42
119	163
119	111
119	34
119	68
119	125
119	33
119	57
119	24
119	167
119	135
119	2
119	18
119	95
119	107
119	30
119	160
119	96
119	170
119	144
119	78
119	56
119	66
119	121
119	159
119	81
119	19
119	65
119	29
119	162
119	132
119	49
119	155
119	129
119	37
119	150
119	110
119	88
119	1
119	158
119	40
119	122
119	39
119	67
119	91
119	113
119	50
119	93
119	103
119	85
119	148
119	115
119	61
119	4
119	134
119	112
119	26
119	131
119	60
119	114
119	28
119	48
119	80
119	72
119	75
119	16
119	126
119	32
119	94
120	31
120	56
120	99
120	27
120	139
120	90
120	108
120	58
120	33
120	133
120	97
120	11
120	147
120	46
120	116
120	101
120	105
120	15
120	84
120	17
120	148
120	146
120	104
120	36
120	167
120	20
120	89
120	85
120	112
120	163
120	71
120	55
120	102
120	88
120	96
120	152
120	63
120	41
120	82
120	170
120	4
120	10
120	22
120	75
120	86
120	29
120	70
120	92
120	65
120	100
120	106
120	12
120	129
120	42
120	78
120	38
120	140
120	135
120	68
120	154
120	2
120	134
120	126
120	74
120	43
120	49
120	114
120	125
120	91
120	69
120	7
120	118
120	32
120	3
120	141
120	57
120	45
120	6
120	162
120	13
120	54
120	168
120	98
120	165
120	81
120	28
120	51
120	37
120	107
120	161
120	159
120	127
121	17
121	46
121	25
121	68
121	119
121	84
121	99
121	170
121	165
121	64
121	149
121	168
121	11
121	101
121	146
121	70
121	45
121	105
121	134
121	89
121	12
121	104
121	66
121	15
121	133
121	13
121	60
121	43
121	55
121	136
121	58
121	32
121	3
121	167
121	4
121	97
121	38
121	129
121	127
121	137
121	93
121	92
121	145
121	162
121	49
121	74
121	42
121	14
121	98
121	116
121	47
121	81
121	161
121	18
121	113
121	20
121	37
121	10
121	128
121	53
121	159
121	111
121	31
121	9
121	77
121	124
121	95
121	91
121	75
121	30
121	139
121	40
121	118
121	73
121	59
121	164
121	23
121	108
121	34
122	72
122	91
122	17
122	115
122	152
122	100
122	58
122	105
122	141
122	84
122	108
122	146
122	101
122	5
122	99
122	61
122	133
122	11
122	22
122	128
122	153
122	36
122	63
122	9
122	50
122	145
122	44
122	73
122	45
122	4
122	25
122	38
122	158
122	46
122	138
122	162
122	127
122	42
122	124
122	170
122	130
122	159
122	89
122	150
122	107
122	43
122	135
122	163
122	104
122	68
122	52
122	33
122	81
122	151
122	55
122	132
122	168
122	93
122	60
123	27
123	11
123	99
123	22
123	146
123	84
123	86
123	55
123	56
123	31
123	107
123	89
123	112
123	46
123	116
123	82
123	17
123	58
123	104
123	38
123	20
123	102
123	101
123	142
123	147
123	119
123	65
123	57
123	66
123	62
123	88
123	97
123	15
123	73
123	96
123	128
123	33
123	138
123	114
123	129
123	163
123	118
123	149
123	68
123	69
123	28
123	70
123	108
123	139
123	170
123	54
123	100
123	52
123	21
123	105
123	110
123	42
123	168
123	122
123	45
123	135
123	165
123	75
123	162
123	90
123	12
123	158
123	77
123	61
123	63
123	7
123	25
124	58
124	118
124	77
124	18
124	84
124	33
124	17
124	127
124	99
124	75
124	11
124	108
124	15
124	165
124	46
124	43
124	112
124	20
124	14
124	145
124	25
124	55
124	38
124	90
124	62
124	9
124	147
124	170
124	39
124	160
124	146
124	70
124	45
124	22
124	101
124	154
124	27
124	92
124	139
124	113
124	2
124	56
124	36
124	88
124	80
124	163
124	111
124	162
124	78
124	167
124	31
124	42
124	68
124	63
124	142
124	69
124	4
124	129
124	10
124	168
124	12
124	49
124	24
124	67
124	152
124	135
124	97
124	116
124	122
124	13
124	133
124	96
124	128
124	109
124	144
124	158
124	81
124	123
124	98
124	79
124	103
124	121
125	99
125	10
125	11
125	43
125	46
125	12
125	133
125	138
125	65
125	7
125	37
125	61
125	17
125	58
125	117
125	135
125	127
125	20
125	162
125	44
125	89
125	90
125	45
125	74
125	91
125	119
125	84
125	13
125	107
125	81
125	92
125	145
125	100
125	86
125	136
125	25
125	168
125	108
125	165
125	21
125	109
125	166
125	139
125	80
125	23
125	157
125	153
125	94
125	146
125	98
125	128
125	22
125	96
125	18
125	118
125	159
125	116
125	50
125	121
125	4
125	51
125	67
125	110
125	170
125	15
125	101
125	38
125	169
125	103
126	107
126	129
126	25
126	110
126	168
126	37
126	15
126	14
126	141
126	116
126	34
126	161
126	31
126	68
126	106
126	97
126	90
126	45
126	165
126	17
126	51
126	22
126	115
126	78
126	20
126	108
126	58
126	101
126	85
126	84
126	46
126	33
126	11
126	99
126	159
126	118
126	83
126	120
126	27
126	23
126	24
126	63
126	124
126	74
126	59
126	139
126	42
126	163
126	56
126	114
126	123
126	3
126	128
126	125
126	10
126	98
126	49
126	137
126	93
126	77
126	162
126	66
126	89
126	142
126	119
126	91
126	170
126	55
126	132
126	53
127	20
127	142
127	25
127	63
127	99
127	10
127	112
127	53
127	93
127	91
127	124
127	104
127	58
127	45
127	42
127	82
127	123
127	24
127	159
127	89
127	150
127	145
127	90
127	115
127	11
127	70
127	47
127	50
127	31
127	162
127	80
127	13
127	7
127	147
127	65
127	27
127	17
127	60
127	120
127	125
127	62
127	149
127	158
127	46
127	32
127	67
127	38
127	5
127	75
127	154
127	84
127	83
127	66
127	33
127	97
127	22
127	71
127	43
127	86
127	4
127	110
127	135
127	109
127	37
127	69
127	34
128	78
128	99
128	84
128	71
128	44
128	168
128	129
128	58
128	46
128	104
128	89
128	86
128	10
128	29
128	40
128	108
128	77
128	2
128	3
128	157
128	11
128	65
128	160
128	134
128	26
128	27
128	107
128	113
128	143
128	43
128	25
128	33
128	80
128	170
128	67
128	38
128	146
128	81
128	119
128	117
128	166
128	100
128	151
128	144
128	42
128	153
128	50
128	82
128	55
128	48
128	17
128	45
128	132
128	120
128	133
129	16
129	105
129	85
129	54
129	25
129	23
129	56
129	95
129	124
129	150
129	15
129	120
129	31
129	93
129	45
129	27
129	112
129	10
129	19
129	141
129	159
129	130
129	5
129	144
129	106
129	114
129	80
129	34
129	47
129	17
129	102
129	123
129	82
129	75
129	51
129	20
129	119
129	63
129	90
129	88
129	57
129	22
129	58
129	3
129	46
129	11
129	43
129	53
129	122
129	97
129	65
129	161
129	40
129	66
129	146
129	1
129	101
129	128
129	36
129	74
129	126
129	91
129	125
129	98
129	49
129	14
129	107
129	61
129	67
129	37
129	8
129	42
129	39
129	79
129	115
129	145
129	142
129	92
129	84
129	62
129	35
129	139
129	52
129	158
129	162
129	50
129	109
129	154
129	21
129	127
129	99
129	38
129	13
129	140
129	33
129	55
129	77
129	167
129	103
129	7
129	160
129	83
129	143
129	153
129	113
130	98
130	11
130	61
130	168
130	10
130	150
130	58
130	81
130	104
130	68
130	151
130	146
130	145
130	115
130	24
130	73
130	17
130	147
130	129
130	110
130	5
130	84
130	4
130	122
130	99
130	119
130	14
130	45
130	77
130	3
130	127
130	144
130	163
130	42
130	162
130	133
130	108
130	13
130	90
130	33
130	134
130	37
130	62
130	107
130	46
130	97
130	39
130	49
130	91
130	160
130	170
131	99
131	58
131	38
131	20
131	170
131	37
131	163
131	84
131	29
131	168
131	127
131	45
131	119
131	46
131	17
131	63
131	101
131	11
131	85
131	89
131	162
131	146
131	160
131	129
131	49
131	9
131	70
131	36
131	152
131	54
131	1
131	81
131	124
131	97
131	43
131	68
131	92
131	108
131	115
131	25
131	143
131	77
131	93
131	134
131	111
131	96
131	112
131	33
131	72
131	12
131	18
131	27
131	118
131	154
131	128
131	10
131	145
131	55
131	100
131	104
131	35
131	67
131	13
131	41
131	5
131	3
131	86
131	78
131	42
131	120
131	83
131	23
131	87
132	19
132	145
132	152
132	131
132	29
132	155
132	20
132	58
132	25
132	45
132	135
132	104
132	84
132	90
132	15
132	32
132	11
132	99
132	18
132	89
132	54
132	105
132	79
132	111
132	129
132	134
132	22
132	41
132	158
132	34
132	101
132	17
132	62
132	10
132	119
132	170
132	72
133	66
133	26
133	40
133	86
133	65
133	71
133	82
133	101
133	138
133	128
133	63
133	58
133	46
133	27
133	99
133	44
133	156
133	84
133	132
133	112
133	117
133	67
133	89
133	16
133	29
133	68
133	42
133	70
133	152
133	45
134	45
134	78
134	54
134	34
134	106
134	150
134	25
134	112
134	86
134	16
134	95
134	83
134	107
134	149
134	15
134	98
134	17
134	119
134	58
134	163
134	10
134	154
134	115
134	40
134	91
134	57
134	90
134	31
134	50
134	5
134	73
134	168
134	14
134	49
134	72
134	46
134	129
134	33
134	140
134	66
134	101
134	56
134	162
134	116
134	105
134	93
134	3
134	55
134	125
134	38
134	51
134	42
134	36
134	94
134	122
134	161
134	99
134	77
134	120
134	123
134	144
134	74
134	23
134	159
134	92
134	67
134	60
134	146
134	110
134	84
134	133
134	20
134	69
134	63
134	7
134	121
134	130
134	11
134	27
134	82
134	145
134	8
134	142
134	39
134	124
134	131
134	47
134	4
134	88
134	100
134	61
134	109
134	80
134	24
134	137
134	30
134	53
134	65
134	108
134	152
134	29
134	13
134	158
134	147
134	89
134	52
134	136
134	102
134	155
134	138
134	71
134	22
134	128
134	62
134	68
134	165
134	43
135	10
135	99
135	17
135	104
135	46
135	22
135	114
135	78
135	92
135	129
135	11
135	155
135	139
135	154
135	83
135	69
135	138
135	12
135	88
135	109
135	146
135	100
135	136
135	27
135	168
135	89
135	38
135	145
135	85
135	48
135	90
135	58
135	152
135	55
135	122
135	39
135	66
135	140
135	35
135	15
135	3
135	125
135	31
135	72
135	49
135	164
135	29
135	19
135	157
135	82
135	67
135	101
135	75
135	133
135	20
135	25
135	169
135	119
135	43
135	160
135	163
135	127
135	162
135	37
135	121
135	84
135	45
136	45
136	23
136	57
136	12
136	84
136	146
136	121
136	108
136	17
136	90
136	165
136	51
136	162
136	38
136	58
136	118
136	30
136	99
136	160
136	167
136	135
136	92
136	110
136	149
136	55
136	104
136	61
136	89
136	15
136	11
136	119
136	25
136	10
136	37
136	42
136	169
136	46
136	20
136	9
136	163
136	101
136	137
136	43
136	168
136	96
136	150
136	127
136	129
136	33
137	25
137	91
137	82
137	73
137	123
137	45
137	149
137	90
137	99
137	120
137	10
137	119
137	159
137	57
137	14
137	97
137	5
137	49
137	139
137	150
137	72
137	34
137	105
137	46
137	101
137	17
137	38
137	58
137	124
137	93
137	11
137	68
137	154
137	109
137	3
137	104
137	95
137	40
137	39
137	133
137	15
137	144
137	55
137	138
137	64
137	31
137	66
137	61
137	122
137	96
137	60
137	33
137	162
137	50
138	96
138	99
138	84
138	101
138	45
138	20
138	54
138	46
138	170
138	17
138	92
138	75
138	15
138	119
138	37
138	168
138	104
138	133
138	163
138	58
138	134
138	98
138	11
138	165
138	55
138	145
138	42
138	38
138	147
138	23
138	12
138	105
138	122
138	5
138	68
138	81
138	89
138	7
138	70
138	94
138	129
138	128
138	19
138	108
138	43
138	25
138	112
138	22
138	107
138	149
138	106
138	18
138	72
138	61
138	90
138	160
138	116
138	63
138	57
138	154
138	31
138	135
138	139
138	33
138	29
138	97
138	10
138	152
138	167
138	60
138	88
138	91
138	127
138	100
138	41
138	78
138	71
138	16
138	123
138	146
138	21
138	28
138	120
138	6
138	157
138	1
138	162
138	126
138	9
138	80
138	95
138	148
138	118
138	56
138	159
138	39
138	27
138	109
138	49
138	30
138	130
138	140
138	153
138	79
138	150
138	83
138	115
138	4
138	77
138	137
138	69
138	117
138	3
138	85
138	36
138	73
138	62
138	93
138	13
138	14
138	32
138	102
138	132
138	142
138	166
138	59
138	40
138	103
138	144
138	111
138	47
138	114
138	52
139	31
139	22
139	97
139	84
139	99
139	90
139	159
139	17
139	140
139	92
139	126
139	42
139	58
139	162
139	68
139	57
139	96
139	93
139	167
139	83
139	145
139	163
139	46
139	69
139	141
139	10
139	110
139	150
139	127
139	101
139	168
139	89
139	27
139	45
139	120
139	66
139	146
139	38
139	80
139	43
139	71
139	2
139	70
139	74
139	77
139	138
139	125
139	170
139	135
139	129
139	39
139	9
139	14
139	123
139	7
139	111
139	50
139	64
139	134
139	44
139	155
139	35
139	160
139	109
139	98
139	30
139	18
139	104
139	112
139	103
139	6
139	4
139	37
140	99
140	138
140	121
140	169
140	84
140	17
140	12
140	159
140	153
140	108
140	152
140	107
140	51
140	45
140	100
140	119
140	11
140	30
140	49
140	46
140	78
140	139
140	58
140	61
140	143
140	134
140	43
140	25
140	80
140	110
140	91
140	125
140	10
140	15
140	98
140	133
140	168
140	105
140	135
140	160
140	1
140	165
140	60
140	96
140	21
140	94
140	5
140	124
140	20
140	62
140	113
140	149
140	48
140	162
140	7
140	29
141	107
141	99
141	105
141	72
141	51
141	17
141	39
141	45
141	11
141	25
141	78
141	117
141	90
141	2
141	88
141	92
141	54
141	106
141	145
141	15
141	12
141	167
141	63
141	152
141	119
141	96
141	8
141	58
141	75
141	161
141	138
141	130
141	162
141	43
141	139
141	27
141	46
141	93
141	84
141	163
141	38
141	5
141	148
141	56
141	128
142	101
142	29
142	96
142	99
142	84
142	129
142	43
142	17
142	163
142	46
142	16
142	116
142	58
142	168
142	159
142	89
142	66
142	25
142	112
142	45
142	20
142	131
142	135
142	108
142	12
142	145
142	33
142	9
142	160
142	165
142	42
142	138
142	95
142	162
142	38
142	67
142	132
142	92
142	72
142	11
142	75
142	146
142	118
142	149
142	68
142	150
142	170
142	128
142	18
142	28
142	24
143	113
143	12
143	17
143	164
143	9
143	138
143	84
143	89
143	99
143	165
143	127
143	45
143	151
143	49
143	170
143	51
143	11
143	77
143	104
143	109
143	101
143	46
143	37
143	78
143	25
143	160
143	134
143	70
143	68
143	55
143	33
143	60
143	129
143	128
143	161
143	27
143	6
143	162
143	42
143	135
143	152
143	57
143	159
143	58
143	96
143	119
143	92
143	62
143	94
143	154
143	122
143	91
143	43
143	168
143	63
143	5
143	144
143	108
143	133
143	38
143	32
143	146
144	99
144	79
144	108
144	119
144	10
144	166
144	84
144	9
144	146
144	45
144	128
144	17
144	38
144	11
144	42
144	117
144	46
144	89
144	168
144	68
144	70
144	58
144	67
144	50
144	73
144	133
144	54
144	132
144	170
144	155
144	13
144	20
144	116
144	75
144	44
144	56
144	25
144	36
144	101
144	29
144	24
144	162
144	97
144	62
144	53
144	151
145	139
145	25
145	46
145	150
145	54
145	56
145	49
145	62
145	120
145	17
145	14
145	99
145	53
145	45
145	55
145	58
145	129
145	57
145	119
145	112
145	31
145	82
145	66
145	10
145	24
145	51
145	90
145	151
145	141
145	20
145	15
145	167
145	64
145	101
145	159
145	105
145	72
145	67
145	34
145	11
145	130
145	85
145	9
145	70
145	110
145	138
145	63
145	43
145	2
145	29
145	84
145	124
145	100
145	98
145	65
145	73
145	158
145	40
145	81
145	86
145	16
145	106
145	7
145	83
145	117
145	116
145	42
145	27
145	8
145	93
145	133
145	127
145	13
145	80
145	95
145	147
145	123
145	163
145	118
145	89
145	69
145	47
145	155
145	91
145	5
145	146
145	109
145	33
145	152
145	22
145	97
145	88
145	131
145	12
145	162
145	102
145	92
145	134
145	170
145	128
145	126
146	26
146	45
146	30
146	67
146	93
146	104
146	143
146	83
146	59
146	46
146	84
146	27
146	124
146	138
146	25
146	99
146	108
146	1
146	129
146	47
146	11
146	89
146	134
146	79
146	101
146	72
146	145
146	4
146	156
146	122
146	32
146	113
146	154
146	41
146	100
146	58
146	29
146	17
146	15
146	16
146	157
146	44
146	165
146	43
146	10
146	76
146	3
146	57
146	23
146	21
146	133
146	60
147	119
147	97
147	139
147	45
147	77
147	46
147	128
147	84
147	11
147	53
147	153
147	60
147	50
147	95
147	20
147	83
147	127
147	23
147	99
147	154
147	134
147	137
147	72
147	89
147	91
147	10
147	13
147	17
147	125
147	96
147	111
147	81
147	162
147	129
147	140
147	116
147	25
147	38
147	90
147	59
147	94
147	68
147	19
147	149
147	58
147	42
147	145
147	150
147	37
147	71
147	65
147	93
147	55
147	56
147	152
147	115
147	124
147	104
147	63
147	80
147	14
147	70
147	109
147	67
147	101
147	34
147	73
147	57
147	88
147	98
147	170
147	82
147	47
147	52
147	31
147	163
147	24
147	8
147	33
147	22
147	86
147	146
147	100
147	144
148	45
148	12
148	25
148	129
148	31
148	23
148	98
148	99
148	60
148	5
148	14
148	69
148	115
148	90
148	88
148	7
148	46
148	43
148	160
148	11
148	57
148	107
148	74
148	10
148	125
148	123
148	49
148	163
148	136
148	117
148	152
148	110
148	162
148	149
148	61
148	143
148	126
148	17
148	168
148	147
148	40
148	86
148	59
148	53
148	67
148	58
148	20
148	73
148	52
148	103
148	119
148	130
148	150
148	66
148	68
148	91
148	138
148	159
148	38
148	37
148	145
148	33
148	96
148	62
148	95
148	64
148	82
148	39
149	84
149	153
149	162
149	7
149	53
149	66
149	20
149	163
149	65
149	44
149	58
149	127
149	23
149	138
149	10
149	99
149	97
149	100
149	33
149	68
149	145
149	154
149	98
149	46
149	17
149	25
149	78
149	132
149	123
149	71
149	116
149	168
149	61
149	140
149	59
149	89
149	63
149	43
149	128
149	147
149	40
149	14
149	15
149	93
149	64
149	11
149	91
149	119
149	105
149	18
149	37
149	55
149	57
149	167
149	49
149	101
149	42
149	146
149	52
149	73
149	72
149	92
149	31
149	88
149	170
150	90
150	15
150	31
150	139
150	25
150	84
150	42
150	10
150	170
150	99
150	77
150	107
150	105
150	4
150	46
150	119
150	162
150	22
150	165
150	55
150	34
150	45
150	123
150	97
150	83
150	96
150	39
150	154
150	54
150	85
150	110
150	38
150	153
150	115
150	135
150	17
150	129
150	122
150	94
150	92
150	160
150	20
150	117
150	120
150	106
150	57
150	43
150	127
150	21
150	58
150	130
150	124
150	145
150	59
150	37
150	78
150	3
150	116
150	155
150	74
150	56
150	75
150	89
150	125
150	9
150	11
150	12
150	167
150	14
150	33
150	80
150	101
150	109
150	168
150	16
150	136
150	112
150	61
150	108
150	159
150	157
150	118
150	5
150	88
150	79
150	63
150	137
150	70
150	68
150	138
150	7
150	49
150	24
150	95
150	103
150	111
150	66
150	65
150	41
150	60
150	51
150	134
150	146
150	98
150	53
150	140
150	81
150	114
150	163
150	72
150	8
150	13
150	128
150	47
150	144
151	106
151	100
151	45
151	149
151	93
151	10
151	159
151	25
151	124
151	34
151	15
151	57
151	120
151	53
151	17
151	67
151	54
151	11
151	86
151	56
151	123
151	145
151	110
151	22
151	47
151	88
151	105
151	112
151	65
151	66
151	150
151	21
151	42
151	155
151	101
151	90
151	97
151	58
151	16
151	51
151	130
151	107
151	141
151	82
151	140
151	40
151	46
151	24
151	133
151	139
151	143
151	64
151	59
151	162
151	5
151	153
151	164
152	101
152	17
152	58
152	105
152	72
152	151
152	150
152	159
152	25
152	46
152	93
152	124
152	63
152	55
152	120
152	10
152	47
152	43
152	52
152	35
152	162
152	133
152	3
152	112
152	82
152	24
152	36
152	45
152	66
152	34
152	110
152	163
152	11
152	2
152	129
152	146
152	130
152	59
152	42
152	100
152	69
152	67
152	123
152	109
152	27
152	91
152	113
152	104
152	53
152	50
152	92
152	160
152	143
152	126
152	95
152	99
152	38
152	155
152	33
152	118
152	94
152	165
152	4
152	84
152	131
152	122
152	89
152	78
152	147
152	97
152	65
152	22
152	96
152	40
152	80
152	168
153	164
153	99
153	46
153	84
153	75
153	58
153	30
153	110
153	138
153	71
153	143
153	85
153	12
153	17
153	11
153	97
153	98
153	45
153	129
153	89
153	136
153	1
153	160
153	9
153	165
153	32
153	81
153	170
153	104
153	140
153	168
153	162
153	159
153	163
153	29
153	135
153	15
153	33
153	55
153	70
153	151
153	38
153	146
153	62
153	152
153	167
153	149
153	161
153	42
153	13
154	79
154	58
154	55
154	39
154	29
154	145
154	25
154	99
154	94
154	72
154	142
154	155
154	152
154	135
154	17
154	157
154	110
154	67
154	22
154	14
154	16
154	138
154	89
154	165
154	139
154	21
154	87
154	92
154	42
154	131
154	158
154	101
154	46
154	69
154	119
154	84
154	23
154	132
154	38
155	25
155	70
155	72
155	11
155	132
155	45
155	46
155	29
155	71
155	17
155	84
155	27
155	92
155	38
155	99
155	67
155	58
155	131
155	16
155	43
155	108
155	118
155	145
155	68
155	162
155	144
155	57
155	129
155	42
155	120
155	50
155	139
155	90
155	18
155	110
155	41
155	135
155	170
155	119
155	65
155	93
155	138
155	87
155	19
155	52
155	101
155	89
155	98
155	31
155	103
155	63
155	130
155	33
155	13
155	82
155	60
155	69
155	55
155	128
155	134
155	154
155	80
155	148
155	20
155	168
155	24
155	160
155	95
156	31
156	45
156	165
156	84
156	99
156	37
156	23
156	51
156	39
156	46
156	97
156	14
156	90
156	125
156	127
156	115
156	119
156	42
156	98
156	106
156	17
156	11
156	163
156	136
156	55
156	58
156	129
156	43
156	89
156	38
156	83
156	170
156	96
156	139
156	71
156	63
156	85
156	10
156	154
156	33
156	146
156	9
156	145
156	116
156	57
156	22
156	73
156	74
156	160
156	94
156	81
156	18
156	107
156	162
156	126
156	105
156	133
156	32
156	118
156	67
156	135
156	1
156	114
156	80
156	54
156	153
156	66
156	25
156	109
156	149
156	4
156	62
156	142
156	27
156	20
156	13
156	70
156	108
156	122
156	8
156	29
156	128
156	19
156	24
156	16
156	161
156	91
156	68
156	168
156	15
156	77
156	144
156	60
156	103
156	6
156	134
156	130
156	53
156	12
156	88
156	52
156	56
156	7
157	80
157	48
157	58
157	138
157	164
157	29
157	12
157	129
157	135
157	67
157	99
157	44
157	11
157	27
157	168
157	30
157	16
157	110
157	17
157	120
157	108
157	46
157	109
157	70
157	128
157	133
157	22
157	104
157	41
157	84
157	45
157	33
157	97
157	101
157	32
157	77
157	107
157	25
157	38
157	92
157	28
157	10
157	39
157	113
157	118
157	42
157	63
157	131
157	117
157	57
157	146
157	96
157	89
157	87
157	167
157	170
157	145
157	54
157	152
157	56
158	11
158	46
158	58
158	20
158	99
158	136
158	38
158	153
158	82
158	3
158	17
158	84
158	5
158	70
158	139
158	162
158	14
158	78
158	159
158	33
158	89
158	10
158	29
158	80
158	132
158	142
158	48
158	117
158	55
158	59
158	68
158	25
158	138
158	67
158	43
158	63
158	8
158	37
158	146
158	86
158	12
158	27
158	101
158	154
158	90
158	91
158	45
158	148
158	32
158	168
158	81
158	97
158	128
158	73
158	28
158	88
158	24
158	152
158	92
158	19
158	42
159	37
159	58
159	102
159	151
159	90
159	45
159	24
159	46
159	99
159	118
159	146
159	107
159	134
159	84
159	11
159	40
159	33
159	97
159	68
159	34
159	136
159	17
159	22
159	112
159	43
159	55
159	5
159	168
159	141
159	86
159	60
159	115
159	89
159	161
159	49
159	85
159	83
159	63
159	75
159	167
159	69
159	31
159	92
159	128
159	108
159	15
159	27
159	135
159	20
159	163
159	38
159	26
159	7
159	32
159	101
159	56
159	160
159	14
159	104
159	152
159	70
159	54
159	165
159	88
159	170
159	42
159	65
159	116
159	62
159	137
159	122
159	144
159	140
159	12
159	138
159	3
159	129
159	162
159	149
159	73
159	125
159	74
159	6
159	127
159	9
159	106
159	16
159	96
159	51
159	126
159	105
159	71
159	25
159	139
159	95
159	154
159	158
159	57
159	13
159	100
159	114
159	103
159	61
159	82
159	147
159	2
159	91
159	67
159	29
159	66
159	98
159	78
159	28
159	18
160	25
160	46
160	153
160	67
160	101
160	36
160	64
160	58
160	45
160	66
160	85
160	159
160	17
160	3
160	136
160	22
160	96
160	99
160	11
160	170
160	150
160	42
160	70
160	33
160	105
160	142
160	38
160	124
160	104
160	110
160	168
160	80
160	27
160	166
160	127
160	20
160	79
160	112
160	7
160	126
160	44
160	53
160	145
160	47
160	129
160	128
160	93
160	61
160	162
160	75
160	163
160	40
160	86
160	50
160	9
160	10
160	115
160	146
160	155
160	55
160	98
160	29
160	88
160	164
160	143
160	62
160	78
160	24
160	97
160	91
160	119
160	89
160	102
160	63
160	15
160	73
160	5
160	165
160	140
160	84
160	28
160	2
160	14
160	133
160	37
160	94
160	12
160	4
160	57
160	132
160	108
160	149
161	50
161	159
161	93
161	39
161	146
161	129
161	99
161	97
161	18
161	11
161	22
161	17
161	90
161	125
161	120
161	31
161	127
161	3
161	124
161	33
161	133
161	74
161	84
161	126
161	15
161	108
161	136
161	112
161	140
161	98
161	10
161	114
161	46
161	162
161	150
161	153
161	170
161	58
161	89
161	103
161	134
161	62
161	45
161	30
161	119
161	92
162	26
162	151
162	40
162	38
162	59
162	30
162	86
162	156
162	50
162	53
162	111
162	145
162	83
162	46
162	99
162	42
162	47
162	44
162	166
162	29
162	19
162	165
162	10
162	132
162	41
162	14
162	45
162	61
162	25
162	1
162	154
162	149
162	130
162	124
162	33
162	143
162	153
162	93
162	3
162	115
162	101
162	108
162	71
162	89
162	113
162	84
162	138
162	21
162	35
162	152
162	73
162	121
162	155
162	94
162	56
162	88
162	104
162	49
162	58
162	13
162	57
162	87
162	119
162	17
162	67
162	68
162	11
162	15
162	122
162	12
162	167
162	90
162	27
162	8
162	97
162	51
162	144
162	81
162	134
162	4
162	98
162	80
162	128
162	39
162	82
163	44
163	17
163	154
163	47
163	86
163	26
163	27
163	36
163	156
163	19
163	132
163	99
163	84
163	138
163	50
163	46
163	8
163	79
163	145
163	40
163	41
163	15
163	108
163	67
163	157
163	45
163	58
163	137
163	170
163	102
163	1
163	110
163	63
163	69
163	11
163	91
163	142
163	33
163	12
163	158
163	42
163	62
163	78
164	30
164	99
164	29
164	17
164	84
164	45
164	129
164	58
164	134
164	97
164	139
164	12
164	165
164	86
164	55
164	146
164	56
164	34
164	128
164	51
164	81
164	107
164	70
164	11
164	127
164	33
164	89
164	77
164	153
164	170
164	46
164	108
164	167
164	63
164	126
164	27
164	38
164	42
164	32
164	96
164	92
164	62
164	78
164	168
164	137
164	160
164	151
164	25
164	10
164	101
164	119
164	60
164	163
164	68
164	149
164	133
164	116
164	4
164	148
164	145
164	74
164	43
164	100
164	161
164	83
164	91
164	52
164	94
164	57
164	98
164	20
164	136
164	104
164	93
164	5
164	135
164	9
164	6
164	154
164	88
164	37
164	113
164	24
164	50
164	65
165	25
165	17
165	45
165	116
165	98
165	11
165	31
165	77
165	150
165	49
165	101
165	110
165	88
165	127
165	42
165	129
165	68
165	37
165	73
165	34
165	10
165	33
165	84
165	168
165	104
165	163
165	99
165	83
165	107
165	154
165	91
165	46
165	160
165	58
165	105
165	145
165	38
165	3
165	90
165	27
165	81
165	60
165	136
165	111
165	93
165	108
165	23
165	74
165	151
165	119
165	53
165	15
165	59
165	122
165	125
165	14
165	78
165	140
165	162
165	66
165	115
165	112
165	146
165	86
165	133
165	100
165	57
165	70
165	124
165	152
165	144
165	149
165	143
165	120
165	21
165	157
165	134
165	96
165	65
165	123
165	63
165	4
165	137
165	82
165	69
165	80
165	61
165	47
165	36
165	28
166	164
166	45
166	12
166	99
166	165
166	80
166	138
166	168
166	89
166	46
166	11
166	48
166	84
166	152
166	78
166	30
166	104
166	121
166	119
166	17
166	128
166	126
166	101
166	97
166	135
166	96
166	147
166	70
166	42
166	77
166	143
166	90
166	109
166	118
166	107
166	58
166	116
166	38
166	25
166	73
166	44
166	29
166	19
166	54
166	134
166	132
166	98
166	163
166	15
166	113
166	55
166	37
166	41
166	167
166	81
166	52
166	68
166	162
166	137
166	133
166	51
166	92
166	129
166	67
166	1
167	46
167	93
167	88
167	17
167	159
167	69
167	84
167	120
167	129
167	60
167	22
167	58
167	24
167	163
167	11
167	92
167	101
167	28
167	12
167	80
167	106
167	45
167	145
167	140
167	55
167	33
167	100
167	38
167	25
167	37
167	59
167	128
167	78
167	8
167	65
167	119
167	136
167	114
167	81
167	14
167	124
167	20
167	150
167	138
167	82
167	70
167	142
167	127
167	10
167	87
167	50
167	133
167	90
167	162
167	112
167	77
167	27
167	104
167	29
167	3
167	51
167	141
167	99
167	18
167	96
167	95
167	168
167	62
167	91
168	80
168	156
168	132
168	153
168	40
168	50
168	10
168	117
168	70
168	143
168	48
168	58
168	47
168	41
168	99
168	118
168	25
168	1
168	76
168	17
168	166
168	94
168	157
168	19
168	134
168	67
168	44
168	45
168	84
168	29
168	46
168	142
168	30
168	78
168	160
168	42
168	14
168	33
168	138
168	27
168	164
169	12
169	11
169	99
169	84
169	51
169	68
169	100
169	29
169	46
169	55
169	21
169	20
169	89
169	126
169	111
169	31
169	146
169	81
169	101
169	96
169	86
169	38
169	15
169	17
169	119
169	58
169	165
169	33
169	67
169	62
169	49
169	140
169	167
169	128
169	168
169	92
169	39
169	48
169	28
169	159
169	154
169	7
169	57
169	133
169	80
169	3
169	6
169	106
169	162
169	42
169	45
169	127
169	27
169	34
169	18
169	166
169	97
169	98
169	13
169	25
169	136
169	9
169	70
169	107
169	69
169	118
169	61
169	163
169	134
169	43
169	94
169	132
169	124
169	90
169	105
169	117
169	108
169	152
169	158
169	72
169	150
169	23
169	145
170	17
170	46
170	45
170	77
170	49
170	20
170	57
170	25
170	31
170	96
170	11
170	110
170	60
170	51
170	159
170	99
170	5
170	129
170	66
170	150
170	14
170	73
170	58
170	34
170	88
170	69
170	90
170	100
170	115
170	78
170	133
170	8
170	145
170	37
170	30
170	149
170	42
170	102
170	157
170	10
170	127
170	64
170	33
170	107
170	137
170	22
170	168
170	126
170	154
170	83
170	109
170	120
170	146
170	38
170	56
170	86
170	4
170	118
170	112
170	21
170	163
170	28
170	140
170	63
170	71
170	139
170	124
170	147
170	93
170	116
170	125
170	162
170	104
170	3
170	101
170	74
170	136
170	122
170	59
170	123
170	12
170	106
170	67
170	39
170	40
170	43
170	119
170	2
170	53
170	65
170	55
170	142
170	80
170	143
170	117
170	113
170	91
170	7
170	166
170	79
170	24
170	72
170	98
170	132
170	75
170	108
170	52
170	35
170	141
170	19
170	152
170	144
170	94
170	61
170	95
170	85
170	47
170	68
170	15
170	89
170	50
170	92
170	27
170	70
170	82
170	103
170	158
170	48
170	13
170	29
170	160
170	26
170	23
170	18
170	114
170	41
170	128
170	62
170	148
