1	10
1	93
1	40
1	97
1	143
1	86
1	28
1	118
1	25
1	48
1	57
1	50
1	87
1	123
1	92
1	119
1	116
1	22
1	164
1	110
1	14
1	13
1	133
1	77
1	167
1	84
1	158
1	135
1	128
1	64
1	5
1	151
1	156
1	72
1	157
1	154
1	138
1	67
1	20
1	56
1	144
1	38
1	106
1	34
1	6
1	8
1	96
1	89
1	24
1	68
1	82
1	132
1	35
1	80
1	137
1	62
1	81
1	127
1	19
1	88
1	36
1	9
1	99
1	107
1	27
1	159
1	3
1	140
1	129
1	121
1	155
1	30
1	41
1	33
1	75
1	161
1	141
1	166
1	42
1	139
1	11
1	83
2	97
2	86
2	158
2	167
2	10
2	72
2	144
2	89
2	107
2	22
2	80
2	110
2	90
2	112
2	102
2	64
2	40
2	100
2	59
2	58
2	14
2	74
2	67
2	128
2	39
2	32
2	87
2	42
2	77
2	84
2	127
2	138
2	68
2	134
2	76
2	132
2	120
2	34
2	149
2	23
2	119
2	35
2	27
2	113
2	36
2	55
2	161
3	50
3	73
3	111
3	8
3	55
3	87
3	77
3	52
3	74
3	112
3	97
3	86
3	158
3	102
3	1
3	88
3	28
3	119
3	58
3	110
3	103
3	94
3	127
3	35
3	117
3	38
3	32
3	123
3	142
3	79
3	106
3	72
3	98
3	78
3	10
3	65
3	89
3	138
3	31
3	48
3	67
3	40
3	2
3	44
3	4
3	135
3	20
3	27
3	153
3	80
3	96
3	6
3	39
3	155
3	7
3	121
3	128
3	9
3	84
3	101
3	118
3	70
3	61
3	83
3	82
3	24
3	47
3	125
3	120
3	113
3	114
3	63
3	22
3	15
3	68
3	93
3	69
3	62
3	144
3	51
4	91
4	5
4	136
4	130
4	67
4	125
4	80
4	77
4	39
4	40
4	154
4	66
4	123
4	97
4	158
4	168
4	145
4	53
4	143
4	156
4	101
4	89
4	56
4	157
4	161
4	14
4	110
4	43
4	17
4	44
4	166
4	118
4	76
4	127
4	73
4	128
4	72
4	74
4	94
4	19
4	86
4	8
4	155
4	10
4	87
4	79
4	68
4	28
4	1
4	22
4	119
4	35
4	48
4	38
4	23
4	102
4	116
4	112
4	64
4	47
4	59
4	111
4	46
4	75
4	96
4	138
4	2
4	34
4	27
4	51
4	36
4	148
4	29
4	50
4	144
4	3
4	42
4	20
4	92
4	114
4	84
4	25
4	142
4	69
4	100
4	104
4	31
4	121
4	137
4	135
4	93
4	99
4	16
4	52
4	103
4	57
4	12
5	149
5	148
5	92
5	141
5	21
5	157
5	6
5	35
5	20
5	158
5	122
5	40
5	14
5	97
5	85
5	38
5	46
5	99
5	162
5	67
5	118
5	128
5	55
5	17
5	138
5	115
5	165
5	123
5	65
5	49
6	35
6	144
6	128
6	97
6	55
6	143
6	40
6	158
6	154
6	89
6	10
6	133
6	110
6	66
6	14
6	76
6	86
6	17
6	127
6	67
6	8
6	43
6	116
6	87
6	72
6	119
6	117
6	96
6	168
6	31
6	80
6	103
6	57
6	24
6	68
6	56
6	37
6	5
6	138
6	94
6	50
6	28
6	125
6	73
6	123
6	26
6	25
6	126
6	118
6	3
6	18
6	92
6	19
6	64
6	79
6	155
6	142
6	109
6	9
6	111
6	136
6	69
6	2
6	58
6	161
6	112
6	107
6	106
6	77
6	153
6	1
6	156
6	16
6	104
6	34
6	36
6	152
6	159
6	93
6	101
6	102
6	121
6	12
6	23
6	132
6	32
6	84
6	78
6	135
6	59
6	98
6	44
6	83
6	53
6	88
6	140
6	122
6	130
6	65
6	42
6	39
6	124
6	91
6	108
6	169
6	52
6	166
6	114
6	81
6	4
6	120
6	48
6	7
6	137
6	27
6	75
6	22
6	99
6	147
6	164
6	61
6	134
6	49
6	20
6	95
6	63
6	162
6	151
6	33
6	82
6	38
6	139
6	13
6	46
6	62
6	157
6	115
6	74
6	71
6	141
6	113
6	70
6	145
7	118
7	67
7	27
7	162
7	154
7	161
7	66
7	38
7	40
7	92
7	56
7	84
7	50
7	128
7	168
7	87
7	122
7	72
7	86
7	10
7	97
7	127
7	112
7	133
7	26
7	69
7	158
7	80
7	165
7	22
7	123
7	68
7	36
7	88
7	138
7	44
7	55
7	155
7	117
7	164
7	3
7	89
7	39
7	91
7	11
8	158
8	50
8	128
8	97
8	22
8	154
8	116
8	123
8	86
8	10
8	40
8	28
8	135
8	96
8	24
8	81
8	125
8	155
8	161
8	129
8	89
8	118
8	43
8	68
8	77
8	66
8	127
8	58
8	132
8	110
8	143
8	67
8	5
8	78
8	64
8	87
8	57
8	31
8	13
8	20
8	49
8	34
8	56
8	76
8	79
8	106
8	14
8	19
8	144
8	138
8	88
8	73
8	48
8	92
8	91
8	72
8	99
8	169
8	140
8	98
8	6
8	1
8	3
8	141
8	27
8	35
8	168
8	84
8	164
8	109
8	80
8	51
8	39
8	37
8	65
8	11
8	69
8	137
8	107
8	70
8	17
8	126
8	119
8	153
8	108
8	36
8	55
8	114
8	30
8	38
8	133
8	159
8	46
8	9
8	149
8	160
8	52
8	145
8	63
8	113
9	125
9	44
9	10
9	127
9	67
9	22
9	123
9	50
9	92
9	154
9	55
9	102
9	97
9	110
9	158
9	161
9	116
9	40
9	132
9	70
9	56
9	43
9	155
9	14
9	8
9	142
9	138
9	152
9	64
9	66
9	78
9	37
9	128
9	107
9	119
9	106
9	86
9	87
9	48
9	17
9	164
9	168
9	96
9	4
9	60
9	33
9	68
9	111
9	89
9	144
9	1
9	7
9	115
9	62
9	135
9	72
9	13
9	35
9	34
9	65
9	53
9	57
9	77
9	58
9	52
9	42
9	93
9	117
9	114
9	91
9	49
9	100
9	59
9	130
9	118
9	61
9	47
9	104
9	75
9	103
9	136
9	94
9	39
9	23
9	36
9	3
9	83
9	160
9	112
10	59
10	65
10	80
10	16
10	158
10	27
10	66
10	2
10	79
10	67
10	130
10	96
10	109
10	14
10	116
10	76
10	48
10	44
10	70
10	40
10	72
10	137
10	139
10	17
10	111
10	154
10	35
10	34
10	110
10	97
10	138
10	89
10	87
10	25
10	100
10	77
10	22
10	78
10	45
10	41
10	18
10	123
10	74
10	112
10	124
10	12
10	140
10	83
10	127
10	9
10	60
10	8
10	32
10	47
10	142
10	125
10	94
10	55
10	51
10	19
10	135
10	155
10	56
10	92
10	90
10	63
10	118
10	24
10	102
10	53
10	168
10	143
10	101
10	81
10	104
10	31
10	136
10	128
10	68
10	91
10	148
10	23
10	117
10	131
10	4
10	156
10	38
10	71
10	7
10	42
10	107
10	114
10	167
10	39
10	144
10	120
10	50
10	162
10	73
10	119
10	52
10	85
10	20
10	164
10	69
10	75
10	113
10	6
10	99
10	141
10	49
10	169
10	159
10	103
10	161
10	150
10	3
10	108
10	126
10	105
11	58
11	72
11	34
11	128
11	99
11	20
11	154
11	143
11	86
11	144
11	158
11	10
11	40
11	112
11	89
11	140
11	129
11	97
11	84
11	122
11	155
11	46
11	136
11	68
11	162
11	102
11	14
11	50
11	118
11	64
11	115
11	22
11	161
11	147
11	27
11	164
11	168
11	13
11	110
11	42
11	107
11	80
11	25
11	96
11	109
11	113
11	9
11	100
11	6
11	98
11	83
11	36
11	77
11	56
11	87
11	125
12	77
12	97
12	40
12	112
12	39
12	158
12	157
12	110
12	156
12	1
12	85
12	104
12	115
12	107
12	63
12	64
12	168
12	89
12	136
12	91
12	36
12	94
12	127
12	138
12	28
12	128
12	42
12	125
12	66
12	55
12	155
12	76
12	15
12	99
12	35
12	74
12	11
13	85
13	27
13	115
13	40
13	122
13	158
13	102
13	120
13	123
13	32
13	97
13	99
13	89
13	56
13	42
13	19
13	127
13	161
13	12
13	154
13	55
13	80
13	156
13	152
13	34
13	1
13	8
13	84
13	110
13	21
13	72
13	67
13	144
13	151
13	128
13	87
13	14
13	119
13	117
13	95
13	98
13	69
13	35
13	39
13	162
13	113
13	36
13	111
13	68
13	74
13	6
13	109
13	153
13	77
13	108
13	150
13	94
13	58
13	137
14	97
14	64
14	35
14	144
14	158
14	22
14	89
14	154
14	38
14	110
14	3
14	79
14	31
14	77
14	103
14	87
14	83
14	8
14	102
14	136
14	86
14	55
14	50
14	127
14	70
14	155
14	45
14	156
14	1
14	58
14	119
14	33
14	34
14	19
14	88
14	32
14	118
14	111
14	100
14	112
14	56
14	168
14	28
14	99
14	20
14	128
14	141
14	153
14	152
14	10
14	150
14	61
14	37
14	52
14	125
14	114
14	106
14	63
14	42
14	66
14	46
14	169
14	72
14	6
14	68
14	44
14	138
14	67
14	116
14	39
14	135
14	5
14	108
14	40
14	4
14	94
14	123
14	62
14	93
14	73
14	21
14	51
14	25
14	60
14	80
14	78
14	162
14	59
14	146
14	151
14	133
14	107
14	122
14	95
14	130
14	117
14	147
14	134
14	96
14	149
14	49
14	164
14	85
14	157
14	115
14	23
14	81
14	145
14	98
14	113
14	26
14	166
14	132
14	75
14	7
14	30
14	137
14	15
14	143
14	36
14	84
14	53
14	104
14	90
14	120
14	69
15	157
15	44
15	158
15	97
15	89
15	98
15	3
15	47
15	68
15	55
15	20
15	46
15	92
15	36
15	19
15	121
15	168
15	53
15	33
15	154
15	128
15	31
15	50
15	156
15	80
15	113
15	118
15	72
15	133
15	94
15	127
15	123
15	12
15	40
15	119
15	37
15	58
15	65
15	137
15	6
15	83
15	14
15	67
15	107
15	77
15	56
15	8
15	22
15	161
15	61
15	96
15	69
15	142
15	139
15	153
15	11
15	145
15	39
15	135
15	87
15	2
15	130
16	117
16	94
16	38
16	110
16	73
16	86
16	10
16	35
16	45
16	127
16	31
16	102
16	58
16	8
16	123
16	50
16	119
16	158
16	23
16	125
16	155
16	106
16	55
16	131
16	51
16	40
16	130
16	22
16	4
16	78
16	97
16	107
16	168
16	1
16	44
16	53
16	67
16	77
16	70
16	69
16	92
16	113
16	74
16	6
16	121
16	36
16	15
16	135
17	154
17	77
17	155
17	30
17	144
17	56
17	132
17	140
17	86
17	158
17	97
17	36
17	72
17	95
17	67
17	68
17	89
17	14
17	119
17	59
17	136
17	61
17	50
17	161
17	87
17	110
17	22
17	128
17	40
17	34
17	138
18	161
18	123
18	142
18	40
18	158
18	97
18	128
18	72
18	136
18	45
18	118
18	68
18	154
18	66
18	56
18	143
18	76
18	55
18	126
18	8
18	67
18	23
18	39
18	36
18	168
18	156
18	20
18	14
18	31
18	92
18	155
18	89
18	96
18	70
18	87
18	127
18	64
18	75
18	47
18	2
18	104
18	61
18	110
18	138
18	88
18	153
18	42
18	34
18	17
18	60
18	63
18	107
18	98
18	77
18	19
18	144
18	91
18	52
18	12
18	166
18	133
18	78
18	22
18	38
18	58
18	84
18	1
18	10
18	43
18	111
18	101
18	132
18	59
18	109
18	32
18	69
18	80
18	106
18	74
18	3
18	37
18	65
18	44
18	121
18	116
18	112
18	57
18	28
18	108
18	24
18	119
18	125
18	93
18	137
18	50
18	35
18	5
18	117
18	129
18	159
18	99
18	86
18	103
18	79
18	130
18	46
18	139
18	73
18	122
18	48
18	53
18	102
18	94
18	100
18	114
18	9
18	141
18	25
18	33
18	49
18	164
18	140
18	169
19	23
19	97
19	110
19	158
19	8
19	102
19	10
19	74
19	127
19	35
19	79
19	101
19	50
19	41
19	87
19	125
19	144
19	156
19	130
19	168
19	18
19	45
19	119
19	70
19	143
19	116
19	155
19	31
19	55
19	5
19	86
19	32
19	128
19	22
19	56
19	99
19	142
19	75
19	77
19	137
19	123
19	88
19	34
19	89
19	58
19	20
19	104
19	83
19	61
19	93
19	64
19	118
19	33
19	47
19	111
19	136
19	131
19	4
19	95
19	46
19	9
19	44
19	91
19	1
19	84
19	28
19	25
19	96
19	135
19	107
19	114
19	73
19	109
19	94
19	59
19	117
19	164
19	133
19	40
19	6
19	103
19	53
19	90
19	68
19	161
19	151
19	52
19	146
19	92
19	113
19	27
19	72
19	121
19	67
19	80
19	7
19	15
20	38
20	165
20	12
20	128
20	136
20	6
20	5
20	25
20	154
20	157
20	99
20	162
20	21
20	167
20	46
20	35
20	115
20	122
20	85
20	149
20	168
20	27
20	148
20	57
20	169
20	18
20	40
20	108
20	32
20	104
20	89
20	161
20	153
20	88
20	31
20	14
20	49
20	142
20	158
20	11
20	69
20	97
20	36
20	127
20	15
20	98
20	109
20	66
20	141
20	4
20	67
20	19
21	125
21	123
21	20
21	97
21	40
21	17
21	89
21	102
21	88
21	127
21	19
21	153
21	55
21	158
21	128
21	35
21	59
21	98
21	76
21	107
21	154
21	72
21	92
21	14
21	106
21	67
21	151
21	135
21	47
21	13
21	73
21	68
21	87
21	42
21	71
21	161
21	132
21	8
21	56
21	31
21	119
21	80
21	96
21	38
21	168
21	27
21	1
21	86
21	118
21	50
21	61
21	43
21	94
21	142
21	164
21	143
21	23
21	110
21	78
21	77
21	104
21	36
21	159
21	9
21	52
21	155
21	144
21	39
21	114
21	84
21	112
21	44
21	116
21	26
21	3
21	156
21	25
21	109
21	58
21	126
22	77
22	168
22	91
22	108
22	100
22	20
22	35
22	140
22	88
22	97
22	154
22	50
22	158
22	42
22	2
22	8
22	10
22	56
22	118
22	89
22	102
22	41
22	156
22	72
22	17
22	58
22	67
22	64
22	110
22	49
22	52
22	86
22	45
22	127
22	142
22	63
22	78
22	60
22	119
22	19
22	66
22	32
22	104
22	128
22	123
22	101
22	155
22	144
22	138
22	34
22	39
22	109
22	107
22	111
22	75
22	31
22	33
22	65
22	137
22	83
22	1
22	136
22	44
22	84
22	68
22	14
22	96
22	169
22	74
22	40
22	61
22	130
22	53
22	117
22	37
22	153
22	18
22	139
22	131
22	70
22	73
22	4
22	150
22	116
22	129
22	79
22	164
22	161
22	149
22	151
22	55
22	3
22	125
22	112
22	59
22	94
22	9
22	85
22	6
22	36
22	82
22	135
22	133
22	87
22	25
22	7
22	106
22	124
22	26
22	30
22	162
22	48
22	90
22	28
22	15
22	69
22	160
22	167
22	81
22	132
22	93
22	62
22	46
22	113
22	23
23	110
23	69
23	62
23	107
23	77
23	134
23	82
23	127
23	118
23	40
23	128
23	97
23	75
23	32
23	70
23	161
23	158
23	87
23	154
23	64
23	155
23	168
23	151
23	89
23	27
23	67
23	68
23	34
23	72
23	93
23	36
23	121
23	37
23	133
23	157
23	12
23	84
23	95
23	88
23	7
23	20
23	50
23	19
23	56
23	92
23	129
23	102
23	136
23	10
23	144
23	147
23	80
23	137
23	22
23	65
23	24
23	123
23	14
24	127
24	123
24	89
24	97
24	25
24	102
24	8
24	45
24	158
24	104
24	103
24	154
24	110
24	107
24	145
24	38
24	68
24	72
24	135
24	157
24	150
24	95
24	91
24	119
24	131
24	55
24	40
24	20
24	50
24	35
24	33
24	77
24	161
24	78
24	28
24	44
24	52
24	116
24	88
24	81
24	144
24	67
24	86
24	18
24	94
24	27
24	14
24	58
24	155
24	15
24	84
25	6
25	149
25	21
25	157
25	122
25	141
25	48
25	35
25	85
25	40
25	148
25	36
25	56
25	55
25	69
25	127
25	118
25	87
25	8
25	78
25	16
25	1
25	92
25	89
25	158
25	128
25	67
25	84
25	139
25	68
25	154
25	38
25	46
25	72
25	97
25	165
25	123
25	77
25	159
25	88
25	164
25	168
25	137
25	161
25	14
25	102
25	110
25	155
25	162
25	41
25	75
25	65
25	169
25	83
25	98
25	115
26	92
26	40
26	110
26	19
26	128
26	103
26	97
26	102
26	68
26	87
26	107
26	20
26	58
26	118
26	158
26	36
26	91
26	144
26	111
26	14
26	63
26	142
26	123
26	55
26	69
26	67
26	76
26	127
26	37
26	161
26	152
26	39
26	89
26	56
26	72
26	5
26	166
26	143
26	125
26	138
26	167
26	23
26	159
26	98
26	109
26	155
26	10
26	117
26	136
26	154
26	60
26	133
26	27
26	96
26	35
26	137
26	51
26	53
26	34
26	77
26	114
26	73
26	146
26	44
26	95
26	93
26	113
26	66
26	80
26	130
26	94
26	62
26	47
26	28
26	100
26	22
26	52
27	17
27	158
27	3
27	97
27	43
27	68
27	8
27	35
27	34
27	42
27	165
27	20
27	86
27	41
27	144
27	78
27	110
27	156
27	96
27	30
27	138
27	32
27	40
27	92
27	123
27	72
27	81
27	127
27	142
27	128
27	91
27	117
27	143
27	89
27	84
27	108
27	131
27	4
27	136
27	38
27	116
27	19
27	161
27	134
27	65
27	50
27	154
27	76
27	133
27	87
27	25
27	103
27	56
27	67
27	39
27	14
27	64
27	77
27	69
27	85
27	11
27	147
27	33
27	168
27	26
27	52
27	167
27	155
27	88
27	151
27	157
27	118
27	70
27	107
27	36
27	53
27	16
27	10
27	48
27	61
27	152
27	94
27	28
27	166
27	137
27	160
27	141
27	37
27	132
27	139
28	97
28	158
28	77
28	163
28	54
28	35
28	110
28	61
28	83
28	70
28	144
28	128
28	68
28	58
28	153
28	33
28	107
28	104
28	18
28	40
28	4
28	25
28	74
28	143
28	27
28	155
28	72
28	160
28	156
28	99
28	63
28	124
28	42
28	115
28	15
29	125
29	40
29	87
29	155
29	12
29	38
29	97
29	78
29	118
29	19
29	92
29	63
29	89
29	55
29	72
29	161
29	34
29	154
29	123
29	22
29	158
29	143
29	94
29	128
29	77
29	126
29	80
29	73
29	91
29	79
29	20
29	168
29	69
29	153
29	88
29	68
29	93
29	16
29	43
29	76
29	102
29	142
29	39
29	44
29	108
29	59
29	56
29	110
29	127
29	135
29	112
29	144
29	36
29	86
29	58
29	104
29	14
29	71
29	137
29	70
29	119
29	26
29	53
29	42
29	37
29	98
29	50
29	151
29	133
29	169
29	28
29	96
29	83
29	31
29	27
29	138
29	8
29	100
29	51
29	82
29	10
29	1
29	111
29	132
29	17
29	74
29	48
29	60
29	101
29	157
29	5
29	35
29	116
29	52
29	159
29	23
29	103
29	2
29	164
29	61
29	139
29	117
29	65
29	3
29	84
29	114
29	57
29	156
29	140
29	107
29	62
29	152
29	7
29	13
29	33
29	64
30	78
30	5
30	72
30	118
30	25
30	51
30	3
30	153
30	156
30	97
30	123
30	22
30	155
30	128
30	40
30	158
30	69
30	164
30	144
30	138
30	83
30	42
30	116
30	68
30	82
30	110
30	132
30	135
30	86
30	93
30	56
30	161
30	119
30	84
30	105
30	6
30	75
30	67
30	50
30	91
30	102
30	94
30	89
30	127
30	77
30	20
30	109
30	98
30	34
30	114
30	61
30	17
30	8
30	167
30	55
30	154
30	62
30	28
30	36
30	52
30	103
30	58
30	147
30	117
31	116
31	99
31	56
31	138
31	89
31	34
31	126
31	128
31	3
31	121
31	87
31	155
31	120
31	156
31	140
31	14
31	144
31	40
31	28
31	118
31	62
31	97
31	68
31	67
31	143
31	96
31	46
31	167
31	88
31	162
31	95
31	93
31	154
31	22
31	165
31	7
31	119
31	59
31	27
31	84
31	8
31	152
31	90
31	51
31	82
31	85
31	110
31	80
31	92
31	76
31	72
31	38
31	123
31	135
31	102
31	153
32	76
32	135
32	40
32	156
32	143
32	73
32	48
32	66
32	97
32	8
32	96
32	36
32	34
32	67
32	68
32	100
32	19
32	132
32	39
32	56
32	17
32	123
32	168
32	72
32	139
32	116
32	125
32	107
32	44
32	136
32	111
32	9
32	121
32	37
32	84
32	79
32	69
32	109
32	10
32	101
32	91
32	118
32	155
32	153
32	128
32	93
32	112
32	2
32	95
32	127
32	33
32	158
32	78
32	110
32	64
32	63
32	23
32	14
32	22
32	42
32	87
32	71
32	83
32	24
32	144
32	154
32	47
32	28
32	59
32	89
32	99
32	119
32	108
32	141
32	25
32	50
32	58
32	86
32	102
32	140
32	5
32	104
32	16
32	57
32	94
32	55
32	49
32	166
33	154
33	85
33	99
33	115
33	88
33	118
33	68
33	142
33	97
33	89
33	57
33	122
33	162
33	4
33	125
33	20
33	55
33	25
33	84
33	128
33	127
33	167
33	87
33	143
33	141
33	138
33	19
33	6
33	161
33	158
33	155
33	72
34	154
34	108
34	13
34	147
34	162
34	150
34	120
34	89
34	69
34	127
34	29
34	152
34	40
34	144
34	118
34	133
34	12
34	100
34	97
34	98
34	128
34	68
34	119
34	138
34	155
34	92
34	56
34	79
34	158
34	14
34	125
34	168
34	110
34	88
34	103
34	94
34	84
34	73
34	137
34	105
34	93
34	20
34	123
34	142
34	76
34	72
34	77
34	55
35	110
35	138
35	154
35	158
35	67
35	87
35	112
35	155
35	111
35	123
35	144
35	107
35	10
35	79
35	66
35	28
35	150
35	17
35	86
35	91
35	40
35	97
35	156
35	89
35	14
35	104
35	153
35	77
35	143
35	73
35	55
35	20
35	50
35	2
35	103
35	127
35	125
35	117
35	119
35	65
35	68
35	142
35	58
35	102
35	128
35	3
35	88
35	56
35	24
35	36
35	161
35	64
35	129
35	95
35	130
35	22
35	8
35	94
35	126
35	72
35	135
35	61
35	162
35	137
35	52
35	118
35	12
35	1
35	92
35	96
35	145
35	106
35	82
35	166
35	43
35	93
35	76
35	168
35	7
35	16
35	38
35	44
35	80
35	69
35	147
35	84
35	53
35	48
35	19
35	116
35	90
35	60
35	37
35	31
35	51
35	25
35	133
35	83
35	62
35	27
35	34
35	39
35	98
35	33
35	57
35	59
35	136
35	46
35	164
35	109
35	108
35	42
35	29
35	165
35	114
35	70
35	139
35	140
35	132
35	49
35	101
35	71
35	13
35	23
35	121
35	15
35	159
35	149
35	152
36	158
36	168
36	128
36	20
36	138
36	110
36	129
36	88
36	97
36	61
36	67
36	33
36	77
36	37
36	102
36	8
36	22
36	35
36	12
36	16
36	154
36	41
36	19
36	116
36	123
36	18
36	127
36	136
36	1
36	89
36	121
36	70
36	95
36	48
36	139
36	17
36	133
36	56
36	84
36	159
36	104
36	63
36	156
36	155
36	55
36	107
36	3
36	118
36	72
36	59
36	109
36	39
36	132
36	144
36	91
36	34
36	92
36	119
36	96
36	161
36	137
36	2
36	58
36	112
36	108
36	69
36	68
36	13
36	14
36	10
36	131
36	4
36	78
36	106
36	164
36	40
36	111
36	43
36	28
36	5
36	66
36	151
36	73
36	83
36	145
36	53
36	52
36	23
36	75
36	117
36	9
36	103
36	142
36	50
36	86
36	60
36	114
36	47
36	29
36	93
36	135
36	120
36	44
36	62
36	124
36	49
36	146
36	65
36	113
36	38
36	25
36	42
36	130
36	166
36	64
36	80
36	167
36	7
36	15
36	94
36	157
36	160
37	89
37	56
37	154
37	156
37	168
37	125
37	127
37	110
37	20
37	72
37	158
37	86
37	50
37	8
37	66
37	10
37	92
37	39
37	67
37	166
37	26
37	60
37	97
37	88
37	102
37	118
37	103
37	19
37	55
37	155
37	23
37	104
37	116
37	31
37	138
37	96
37	58
37	123
37	2
37	33
37	44
37	52
37	128
37	38
37	77
37	51
37	161
37	59
37	65
37	3
37	133
37	14
37	112
37	7
37	68
37	79
37	145
37	119
37	143
37	40
37	82
37	107
37	126
37	27
37	11
38	14
38	40
38	123
38	158
38	110
38	72
38	97
38	37
38	50
38	58
38	92
38	116
38	102
38	128
38	17
38	8
38	154
38	56
38	68
38	96
38	161
38	119
38	39
38	98
38	89
38	64
38	77
38	69
38	10
38	129
38	80
38	43
38	127
38	53
38	94
38	132
38	133
38	25
38	75
38	5
38	156
38	143
38	67
38	151
38	168
38	88
38	164
38	86
38	52
38	36
38	87
38	100
38	20
38	165
38	142
38	114
38	24
38	81
38	138
38	141
38	145
38	137
38	28
38	112
38	3
38	55
39	154
39	68
39	95
39	134
39	168
39	160
39	20
39	89
39	40
39	76
39	110
39	77
39	108
39	128
39	161
39	88
39	97
39	69
39	27
40	97
40	31
40	111
40	77
40	35
40	44
40	66
40	96
40	67
40	128
40	158
40	107
40	63
40	110
40	138
40	150
40	64
40	17
40	168
40	10
40	20
40	127
40	112
40	156
40	100
40	123
40	42
40	2
40	102
40	60
40	8
40	28
40	1
40	34
40	145
40	72
40	56
40	89
40	144
40	74
40	23
40	125
40	22
40	154
40	9
40	129
40	50
40	88
40	118
40	104
40	101
40	61
40	65
40	140
40	119
40	109
40	68
40	29
40	86
40	163
40	46
40	39
40	142
40	91
40	139
40	26
40	136
40	58
40	43
40	70
40	55
40	80
40	130
40	14
40	48
40	19
40	85
40	106
40	47
40	116
40	75
40	155
40	79
40	41
40	78
40	132
40	45
40	161
40	18
40	131
40	108
40	37
40	73
40	84
40	121
40	30
40	167
40	13
40	137
40	117
40	120
40	49
40	83
40	133
40	124
40	7
40	27
40	135
40	32
40	153
40	92
40	59
40	3
40	165
40	93
40	162
40	62
40	33
40	38
40	5
40	12
40	69
40	151
40	51
40	25
40	134
40	16
40	122
40	6
40	169
40	99
40	94
40	103
40	52
40	164
40	166
40	53
40	95
40	76
40	82
40	115
40	36
40	157
40	4
40	143
40	87
40	54
40	126
40	146
40	149
40	57
40	160
40	147
40	90
40	81
40	11
40	21
40	152
40	114
40	105
40	113
40	15
41	40
41	99
41	31
41	2
41	136
41	97
41	143
41	72
41	25
41	158
41	89
41	20
41	144
41	116
41	157
41	43
41	66
41	154
41	84
41	130
41	1
41	123
41	110
41	77
41	103
41	8
41	92
41	71
41	79
41	161
41	56
41	34
41	17
41	133
41	22
41	5
41	76
41	53
41	36
41	155
41	128
41	68
41	69
41	87
41	152
41	125
41	39
41	100
41	107
41	19
41	91
41	45
41	118
41	48
41	127
41	67
41	10
41	23
41	86
41	14
41	55
41	50
41	141
41	159
41	114
41	12
41	142
41	169
41	113
42	55
42	66
42	50
42	123
42	29
42	152
42	97
42	154
42	56
42	142
42	127
42	87
42	44
42	125
42	162
42	98
42	150
42	147
42	22
42	128
42	24
42	10
42	114
42	120
42	2
42	168
42	67
42	143
42	118
42	20
42	34
42	74
42	40
42	38
42	72
42	158
43	20
43	35
43	102
43	140
43	125
43	158
43	72
43	74
43	132
43	107
43	79
43	77
43	66
43	78
43	123
43	142
43	97
43	55
43	110
43	127
43	23
43	118
43	31
43	106
43	155
43	9
43	32
43	99
43	52
43	8
43	103
43	64
43	70
43	58
43	44
43	62
43	116
43	18
43	136
43	68
43	39
43	50
43	33
43	49
43	111
43	86
43	42
43	94
43	119
43	73
43	67
43	90
43	131
43	83
43	10
43	89
43	40
43	88
43	60
43	38
43	69
43	168
43	53
43	7
43	1
43	156
43	114
43	96
43	28
43	47
43	2
43	159
43	130
43	112
43	22
43	26
43	135
43	145
43	16
43	61
43	75
44	97
44	158
44	40
44	149
44	118
44	100
44	127
44	67
44	128
44	72
44	101
44	68
44	87
44	82
44	86
44	10
44	69
44	89
44	161
44	155
44	102
44	138
44	34
44	14
44	133
44	5
44	108
44	162
44	84
44	154
44	22
44	144
44	120
44	150
44	131
44	106
44	4
44	27
44	119
44	136
44	80
44	129
44	18
44	56
44	157
44	19
44	37
44	153
44	168
44	38
44	28
44	9
44	137
44	81
44	110
44	33
44	20
44	151
44	104
44	64
44	55
44	57
44	96
44	113
44	74
44	140
44	147
44	42
44	32
44	156
44	159
44	35
44	36
44	12
44	39
44	24
44	62
45	76
45	66
45	72
45	40
45	39
45	20
45	167
45	123
45	17
45	44
45	154
45	87
45	155
45	89
45	125
45	115
45	158
45	107
45	3
45	43
45	73
45	130
45	24
45	42
45	8
45	64
45	37
45	97
45	168
45	67
45	79
45	128
45	88
45	55
45	110
45	127
45	135
45	2
45	31
45	35
45	116
45	56
45	136
45	101
45	5
45	120
45	119
45	111
45	145
45	143
45	137
45	12
45	96
45	138
45	139
45	109
45	157
45	14
45	19
45	34
45	68
46	89
46	88
46	20
46	154
46	127
46	14
46	33
46	138
46	68
46	40
46	158
46	96
46	43
46	168
46	66
46	97
46	128
46	119
46	80
46	131
46	166
46	123
46	71
46	84
46	86
46	125
46	76
46	152
46	143
46	39
46	25
46	5
46	10
46	4
46	111
46	75
46	17
46	118
46	1
46	116
46	16
46	94
46	139
46	112
46	161
46	156
46	73
46	150
46	3
46	42
46	24
46	12
46	64
46	72
46	67
46	2
46	87
46	48
46	22
46	69
46	9
46	55
46	98
46	27
46	93
46	101
46	8
46	56
46	70
46	110
46	144
46	79
46	31
46	145
46	133
46	155
46	91
46	65
46	44
46	114
46	77
46	137
46	117
46	19
46	136
46	120
46	151
46	60
46	37
46	130
46	23
46	34
46	36
46	53
46	7
46	47
46	38
46	132
46	28
46	164
46	162
46	92
46	102
46	108
46	6
46	50
46	142
46	62
46	153
47	27
47	110
47	158
47	10
47	123
47	30
47	97
47	83
47	162
47	24
47	17
47	67
47	64
47	69
47	154
47	3
47	87
47	143
47	96
47	43
47	39
47	70
47	62
47	40
47	77
47	80
47	53
47	150
47	106
47	14
47	107
47	156
47	72
47	127
47	56
47	109
47	133
47	55
47	102
47	89
47	49
47	100
47	155
47	128
47	65
47	16
47	28
47	6
47	121
47	144
47	103
47	1
47	125
47	75
47	119
47	92
48	97
48	10
48	158
48	102
48	67
48	74
48	56
48	94
48	123
48	68
48	17
48	8
48	41
48	55
48	143
48	127
48	155
48	154
48	45
48	64
48	119
48	124
48	35
48	32
48	3
48	40
48	24
48	39
48	92
48	25
48	72
48	96
48	110
48	80
48	131
48	144
48	4
48	14
48	1
48	49
48	76
48	161
48	38
48	34
48	20
48	69
48	19
48	86
48	87
48	75
48	113
48	88
48	159
48	164
48	128
48	89
48	121
48	37
48	99
48	33
48	160
48	43
49	43
49	78
49	127
49	89
49	26
49	69
49	20
49	27
49	50
49	10
49	40
49	154
49	123
49	119
49	97
49	31
49	64
49	80
49	68
49	128
49	86
49	153
49	158
49	117
49	110
49	55
49	107
49	52
49	133
49	151
49	168
49	61
49	58
49	48
49	36
49	94
49	44
49	142
49	3
49	17
49	103
49	161
49	72
49	84
49	77
49	145
50	142
50	168
50	154
50	89
50	128
50	11
50	78
50	118
50	65
50	114
50	97
50	144
50	117
50	165
50	87
50	40
50	132
50	56
50	103
50	53
50	158
50	34
50	16
50	82
50	67
50	111
50	164
50	60
50	72
50	127
50	68
50	137
50	153
50	84
50	13
50	55
50	20
50	133
50	44
50	92
50	81
50	6
50	123
50	36
50	93
50	1
50	47
50	94
50	2
50	88
50	155
50	161
50	59
50	66
50	106
50	80
50	23
50	69
50	119
50	19
50	30
50	148
50	110
50	46
50	143
50	8
50	25
50	138
50	130
50	42
50	167
50	14
50	48
50	76
50	96
50	102
50	17
50	52
50	108
50	43
50	159
50	151
50	77
50	98
50	22
50	83
50	26
50	33
50	140
50	116
50	90
50	126
50	28
50	39
50	31
50	27
50	12
50	7
50	70
50	74
50	63
50	135
50	51
50	29
50	109
50	157
50	107
51	20
51	158
51	168
51	129
51	40
51	97
51	126
51	66
51	42
51	87
51	72
51	110
51	77
51	138
51	89
51	111
51	159
51	107
51	88
51	80
51	136
51	108
51	5
51	128
51	70
51	144
51	150
51	68
51	161
51	67
51	69
51	123
51	118
51	14
51	56
51	9
51	92
51	38
51	8
51	39
51	94
51	134
51	155
51	116
51	112
51	133
51	100
51	154
51	96
51	26
51	3
51	62
52	77
52	110
52	75
52	89
52	40
52	160
52	14
52	84
52	70
52	55
52	158
52	97
52	67
52	95
52	107
52	34
52	27
52	108
52	161
52	24
52	128
52	143
52	134
52	137
52	26
52	62
52	56
52	39
52	19
52	96
52	123
52	20
52	133
52	72
52	6
52	93
52	164
52	144
52	59
52	118
52	88
52	68
52	69
52	168
52	152
52	49
52	25
52	92
52	106
52	132
52	120
52	37
52	63
52	90
52	50
52	155
52	64
52	153
52	12
52	122
52	38
52	7
52	36
52	22
53	133
53	40
53	102
53	22
53	158
53	138
53	97
53	87
53	132
53	1
53	34
53	118
53	161
53	13
53	167
53	82
53	20
53	119
53	89
53	168
53	128
53	84
53	166
53	68
53	36
53	8
53	164
53	67
53	122
53	144
53	108
53	130
53	88
53	14
53	114
53	10
53	42
53	33
53	24
53	91
53	92
53	5
53	72
53	137
53	6
54	93
54	161
54	40
54	36
54	127
54	77
54	123
54	17
54	103
54	86
54	72
54	158
54	102
54	104
54	57
54	34
54	25
54	97
54	128
54	19
54	35
54	1
54	56
54	144
54	154
54	27
54	76
54	8
54	89
54	87
54	67
54	30
54	140
54	118
54	107
54	110
54	78
54	155
54	143
54	84
54	6
54	80
54	48
54	20
54	166
54	50
54	135
54	117
54	136
54	92
54	106
54	14
54	164
54	5
54	68
54	66
54	112
54	22
54	156
54	133
54	70
54	43
54	169
54	90
54	100
54	137
54	95
54	12
54	62
54	94
54	28
54	96
54	159
54	125
54	3
54	114
54	132
54	63
54	69
54	168
54	39
54	116
54	55
54	61
54	53
54	91
54	109
54	73
54	52
54	49
54	134
54	44
54	9
55	156
55	158
55	132
55	96
55	109
55	97
55	118
55	144
55	150
55	5
55	129
55	110
55	138
55	135
55	25
55	154
55	168
55	89
55	33
55	9
55	40
55	14
55	167
55	119
55	106
55	41
55	27
55	161
55	72
55	159
55	42
55	34
55	29
55	7
55	20
55	102
55	99
55	3
55	63
55	100
55	67
55	128
55	122
55	35
55	152
55	151
55	56
55	79
55	133
55	77
55	93
55	107
55	104
55	136
55	142
55	18
55	26
55	24
55	69
55	146
55	143
55	68
55	38
55	112
55	162
55	157
55	4
55	39
55	88
55	28
55	115
55	82
55	80
55	66
55	164
55	46
55	12
55	116
55	155
55	84
55	87
55	36
55	74
55	137
55	22
55	6
55	169
55	123
55	11
55	139
55	141
55	92
55	13
55	37
55	108
55	120
55	127
55	147
55	85
55	113
55	15
55	81
55	49
55	86
55	58
55	50
55	149
55	51
55	10
55	103
55	16
56	29
56	138
56	153
56	100
56	147
56	105
56	27
56	120
56	20
56	169
56	70
56	40
56	152
56	98
56	168
56	123
56	150
56	67
56	97
56	89
56	155
56	69
56	162
56	108
56	59
56	77
56	110
56	76
56	14
56	72
56	144
56	128
56	19
56	66
56	154
56	87
56	111
56	107
56	15
56	161
56	88
57	115
57	55
57	91
57	98
57	25
57	44
57	99
57	118
57	60
57	144
57	104
57	50
57	40
57	127
57	67
57	158
57	123
57	8
57	168
57	92
57	58
57	89
57	78
57	154
57	14
57	142
57	107
57	97
57	110
57	143
57	72
57	85
57	20
57	79
57	124
57	13
57	93
57	56
57	76
57	17
57	46
57	65
57	19
57	86
57	132
57	96
57	87
57	94
57	3
57	71
57	22
57	68
57	28
57	37
57	39
57	84
57	155
57	128
57	77
57	164
57	114
57	149
57	35
57	88
57	47
57	27
57	10
57	153
57	112
57	119
57	34
57	15
57	49
57	81
57	103
57	36
57	113
57	62
57	66
57	1
57	138
57	11
57	6
57	166
57	69
57	12
57	51
57	61
58	40
58	78
58	17
58	68
58	154
58	30
58	158
58	72
58	14
58	156
58	96
58	66
58	144
58	97
58	152
58	128
58	117
58	103
58	118
58	142
58	2
58	123
58	106
58	55
58	89
58	22
58	59
58	138
58	81
58	20
58	108
58	52
58	155
58	56
58	95
58	93
58	38
58	132
58	67
58	101
58	92
58	84
58	111
58	94
58	153
58	65
58	168
58	86
58	161
58	12
58	7
58	87
58	39
58	8
58	34
58	28
58	116
58	26
58	69
58	76
58	61
58	114
58	88
58	83
58	98
58	63
58	164
58	62
58	137
58	27
58	134
58	77
58	107
58	110
58	119
58	140
58	49
58	109
58	159
58	36
58	104
58	143
58	121
58	44
58	37
58	82
58	24
58	32
58	85
58	160
58	151
58	127
58	3
58	11
58	139
58	25
58	23
59	68
59	90
59	40
59	89
59	67
59	87
59	88
59	22
59	72
59	20
59	128
59	97
59	108
59	27
59	164
59	16
59	119
59	56
59	154
59	133
59	69
59	155
60	128
60	28
60	34
60	144
60	110
60	140
60	14
60	165
60	32
60	96
60	158
60	22
60	9
60	87
60	107
60	56
60	89
60	118
60	77
60	27
60	154
60	80
60	10
60	138
60	39
60	63
60	67
60	97
60	72
60	123
60	40
60	155
60	162
60	93
60	112
60	65
60	46
60	18
60	38
60	68
60	19
60	12
60	126
60	115
60	82
60	168
60	127
60	49
60	153
60	119
60	64
60	42
61	104
61	40
61	142
61	128
61	154
61	149
61	168
61	56
61	156
61	110
61	158
61	14
61	58
61	97
61	77
61	17
61	33
61	34
61	127
61	87
61	23
61	161
61	93
61	155
61	126
61	98
61	143
61	96
61	134
61	10
61	118
61	115
61	80
61	69
61	123
61	102
61	153
61	107
61	92
61	144
61	138
61	84
61	19
61	22
61	7
61	164
61	37
61	72
61	106
61	86
61	108
61	67
61	139
61	89
61	20
61	68
61	109
61	8
61	116
61	135
61	3
61	95
61	83
61	112
61	122
61	76
61	81
61	114
61	140
61	12
61	82
61	39
61	100
61	88
61	42
61	55
61	117
61	64
61	94
61	145
61	65
61	70
61	36
61	49
61	132
61	44
61	35
61	38
61	62
61	137
61	43
61	11
61	160
61	103
61	78
61	63
61	169
61	59
61	141
61	111
61	57
61	24
61	125
61	16
62	40
62	154
62	23
62	12
62	79
62	91
62	134
62	163
62	127
62	158
62	11
62	110
62	97
62	87
62	148
62	14
62	95
62	121
62	128
62	149
62	92
62	105
62	72
62	46
62	102
62	49
62	89
62	10
62	54
62	86
62	77
62	83
62	15
62	35
62	132
63	97
63	38
63	42
63	69
63	127
63	152
63	158
63	76
63	150
63	68
63	133
63	22
63	40
63	147
63	100
63	138
63	29
63	72
63	94
63	161
63	74
63	89
63	14
63	142
63	120
64	66
64	27
64	40
64	68
64	2
64	39
64	76
64	48
64	110
64	41
64	116
64	47
64	31
64	61
64	123
64	45
64	89
64	158
64	44
64	136
64	18
64	51
64	72
64	22
64	125
64	8
64	97
64	59
64	42
64	169
64	77
64	32
64	155
64	9
64	142
64	19
64	103
64	109
64	104
64	55
64	52
64	127
64	17
64	60
64	137
64	91
64	154
64	67
64	87
64	34
64	92
64	78
64	38
64	79
64	83
64	111
64	112
64	144
64	20
64	102
64	162
64	46
64	94
64	143
64	101
64	130
64	4
64	3
64	14
64	96
64	24
64	153
64	73
64	128
64	106
64	161
64	12
64	118
64	117
64	1
64	138
64	80
64	114
64	107
64	164
64	56
64	16
64	113
64	132
64	134
64	167
64	37
64	49
64	69
64	86
64	33
64	135
64	28
64	156
64	160
64	119
64	65
64	36
64	166
64	43
64	88
64	23
65	158
65	10
65	97
65	14
65	72
65	74
65	156
65	42
65	5
65	128
65	35
65	99
65	140
65	89
65	108
65	169
65	142
65	68
65	56
65	88
65	20
65	138
65	150
65	168
65	102
65	80
65	129
65	25
65	33
65	84
65	28
65	87
65	106
65	40
65	96
65	82
65	63
65	118
65	136
65	154
65	86
65	109
65	34
65	144
65	8
65	167
65	27
65	164
65	161
65	122
65	58
65	104
65	143
65	50
65	9
65	12
65	123
65	155
65	112
65	137
65	6
65	3
65	160
65	22
65	98
66	35
66	64
66	27
66	158
66	150
66	123
66	97
66	43
66	74
66	68
66	22
66	17
66	154
66	87
66	10
66	8
66	155
66	25
66	127
66	116
66	144
66	102
66	72
66	164
66	6
66	41
66	80
66	3
66	161
66	132
66	42
66	24
66	86
66	156
66	78
66	119
66	109
66	124
66	56
66	53
66	14
66	45
66	128
66	67
66	5
66	18
66	32
66	118
66	65
66	1
66	112
66	96
66	39
66	37
66	40
66	89
66	55
66	20
66	143
66	92
66	137
66	110
66	100
66	168
66	69
66	33
66	131
66	106
66	104
66	103
66	4
66	94
66	49
66	157
66	121
66	159
66	84
66	19
66	16
66	30
66	83
66	139
66	38
66	44
66	61
66	71
66	135
66	91
66	9
66	50
66	142
66	77
66	167
66	75
66	113
66	169
66	107
66	34
66	149
66	99
66	52
66	70
66	93
66	58
66	160
66	152
66	36
66	108
67	99
67	154
67	6
67	46
67	136
67	85
67	25
67	141
67	27
67	41
67	157
67	12
67	149
67	35
67	169
67	5
67	104
67	122
67	21
67	167
67	11
67	165
67	40
67	115
67	168
67	57
67	148
67	10
67	70
67	89
67	144
67	20
67	162
67	110
67	86
67	155
67	38
67	98
67	58
67	97
67	92
67	14
67	77
67	127
67	158
67	113
67	88
67	17
67	68
67	76
68	154
68	136
68	85
68	163
68	39
68	100
68	29
68	5
68	120
68	112
68	63
68	34
68	104
68	18
68	81
68	19
68	45
68	25
68	54
68	3
68	41
68	118
68	107
68	32
68	128
68	144
68	167
68	89
68	153
68	77
68	69
68	161
68	147
68	67
68	12
68	98
68	40
68	115
68	162
68	110
68	61
68	148
68	121
68	146
68	88
68	56
68	124
68	105
68	49
68	11
68	35
68	4
68	131
68	72
68	116
68	22
68	133
68	158
68	50
68	155
68	123
68	76
68	83
68	97
68	166
68	86
68	84
68	157
68	152
68	8
68	127
68	125
68	108
68	20
68	10
68	113
68	36
68	15
68	150
68	14
68	90
68	38
69	154
69	158
69	110
69	97
69	132
69	156
69	19
69	137
69	57
69	77
69	104
69	33
69	58
69	40
69	30
69	106
69	50
69	127
69	123
69	155
69	88
69	80
69	28
69	39
69	138
69	72
69	144
69	146
69	10
69	111
69	128
69	7
69	89
69	153
69	118
69	102
69	119
69	86
69	59
69	11
69	107
69	133
69	56
69	112
69	9
69	168
69	68
69	108
69	87
69	64
69	54
69	124
69	4
69	20
69	84
69	83
69	51
69	42
69	32
69	61
70	128
70	155
70	104
70	81
70	89
70	16
70	123
70	133
70	143
70	40
70	80
70	127
70	76
70	72
70	52
70	48
70	158
70	137
70	168
70	47
70	96
70	87
70	110
70	66
70	22
70	118
70	91
70	2
70	10
70	1
70	86
70	116
70	138
70	34
70	60
70	84
70	36
70	97
70	77
70	69
70	92
70	17
70	153
70	58
70	154
70	8
70	108
70	56
70	161
70	19
70	107
70	95
70	20
70	67
70	43
70	63
70	14
70	62
70	68
70	50
70	98
70	134
70	119
70	64
70	145
70	23
70	55
70	169
70	135
70	144
70	71
70	28
70	30
70	102
70	125
70	44
70	59
70	39
70	35
70	42
70	139
70	9
70	82
70	3
70	111
70	49
70	114
70	117
70	103
70	165
70	13
70	57
70	37
70	156
70	75
70	79
70	159
70	6
70	32
70	12
70	83
70	140
70	150
70	109
70	31
70	136
70	38
70	101
71	97
71	123
71	110
71	63
71	158
71	31
71	38
71	156
71	67
71	79
71	139
71	37
71	91
71	107
71	19
71	23
71	61
71	145
71	41
71	96
71	45
71	73
71	127
71	75
71	32
71	104
71	72
71	102
71	18
71	155
71	77
71	20
71	87
71	137
71	55
71	68
71	131
71	28
71	4
71	116
71	44
71	166
71	154
71	130
71	35
71	109
71	34
71	74
71	66
71	157
71	8
71	56
71	94
71	53
71	9
71	128
71	65
71	1
71	52
71	80
71	125
71	17
71	13
71	3
71	112
71	169
71	89
71	113
71	70
71	83
71	121
71	33
71	22
71	76
71	119
71	160
71	98
71	117
71	69
71	159
71	42
71	7
71	58
71	62
71	16
72	2
72	107
72	154
72	86
72	51
72	141
72	75
72	9
72	28
72	150
72	149
72	35
72	5
72	136
72	163
72	54
72	74
72	100
72	34
72	156
72	6
72	25
72	16
72	104
72	102
72	8
72	144
72	148
72	105
72	63
72	83
72	27
72	32
72	61
72	70
72	96
72	123
72	157
72	33
72	38
72	11
72	110
72	10
72	30
72	29
72	58
72	158
72	112
72	42
72	122
72	127
72	115
72	99
72	18
72	7
72	139
72	4
72	131
72	109
72	167
72	140
72	3
72	138
72	153
72	124
72	146
72	120
72	49
72	89
72	135
72	68
72	46
72	40
72	126
72	45
72	162
72	36
72	67
72	121
72	113
72	169
72	88
72	71
72	15
72	165
72	95
72	161
72	87
72	152
72	14
73	153
73	161
73	118
73	68
73	40
73	23
73	158
73	59
73	56
73	124
73	166
73	138
73	140
73	67
73	155
73	34
73	51
73	89
73	37
73	28
73	97
73	8
73	168
73	136
73	128
73	7
73	131
73	77
73	100
73	72
73	4
73	87
73	144
73	80
73	116
73	84
73	157
73	62
73	82
73	123
73	127
73	42
73	74
73	66
73	113
73	102
73	129
73	96
73	63
73	55
73	135
74	142
74	50
74	2
74	35
74	127
74	125
74	103
74	34
74	154
74	132
74	168
74	55
74	42
74	10
74	86
74	118
74	66
74	97
74	101
74	3
74	17
74	40
74	73
74	158
74	31
74	155
74	116
74	98
74	123
74	80
74	68
74	63
74	22
74	161
74	110
74	166
74	70
74	14
74	39
74	143
74	102
74	89
74	133
74	128
74	145
74	87
74	136
74	7
74	77
74	107
74	72
74	111
74	130
74	67
74	48
74	44
74	53
74	144
74	20
74	56
74	71
74	96
74	76
74	6
74	13
74	11
74	137
74	64
74	8
74	65
74	92
74	28
74	94
74	59
74	23
74	135
74	36
74	61
74	43
74	112
74	88
74	157
74	114
74	138
74	1
74	99
74	58
74	69
74	156
74	49
74	121
74	12
74	164
75	23
75	60
75	127
75	95
75	87
75	52
75	10
75	134
75	153
75	129
75	110
75	158
75	74
75	2
75	58
75	117
75	22
75	123
75	67
75	97
75	145
75	5
75	154
75	89
75	40
75	108
75	72
75	88
75	107
75	50
75	84
75	138
75	77
75	116
75	161
75	16
75	33
75	143
75	64
75	118
75	48
75	25
75	6
75	128
75	36
75	68
75	86
75	119
75	132
75	160
75	14
76	89
76	123
76	156
76	55
76	17
76	35
76	10
76	127
76	42
76	87
76	86
76	65
76	169
76	19
76	161
76	97
76	158
76	72
76	88
76	9
76	154
76	45
76	25
76	5
76	64
76	67
76	109
76	94
76	96
76	128
76	6
76	3
76	121
76	93
76	61
76	53
76	112
76	95
76	58
76	110
76	102
76	18
76	122
76	44
76	24
76	130
76	69
76	131
76	4
76	111
76	14
76	8
76	23
76	137
76	155
76	70
76	135
76	84
76	50
76	68
76	22
76	146
76	164
76	43
76	118
76	1
76	134
76	153
76	83
76	77
76	16
76	56
76	90
76	38
76	71
76	119
76	168
76	149
76	142
76	62
76	40
76	116
76	75
76	103
76	48
76	33
76	36
76	28
76	113
76	144
76	31
76	150
76	11
76	51
76	39
76	92
76	159
76	52
76	162
76	117
76	49
77	88
77	154
77	168
77	89
77	155
77	90
77	87
77	97
77	159
77	20
77	78
77	68
77	108
77	153
77	91
77	38
77	143
77	128
77	119
77	27
77	40
77	39
77	14
77	138
77	69
77	2
77	67
77	145
77	80
77	147
77	22
77	111
77	118
77	56
77	101
77	120
77	100
77	137
77	151
77	52
77	135
77	37
77	17
77	126
77	123
77	60
77	98
77	16
77	127
77	72
77	161
77	158
77	66
77	1
77	19
77	133
78	8
78	118
78	154
78	89
78	82
78	56
78	135
78	34
78	144
78	68
78	128
78	106
78	92
78	155
78	97
78	27
78	167
78	93
78	50
78	110
78	158
78	58
78	84
78	77
78	16
78	121
78	55
78	116
78	7
78	9
78	28
78	152
78	162
78	72
78	22
78	112
78	143
79	68
79	116
79	34
79	102
79	134
79	40
79	74
79	158
79	144
79	2
79	101
79	110
79	126
79	32
79	55
79	123
79	127
79	97
79	162
79	77
79	56
79	8
79	88
79	167
79	156
79	118
79	7
79	89
79	4
79	152
79	14
79	143
79	155
79	148
79	76
79	119
79	154
79	22
79	21
79	138
79	157
79	72
79	87
79	160
79	145
79	3
79	151
79	59
79	28
79	29
79	93
79	57
79	42
79	128
79	129
79	27
79	85
80	35
80	158
80	34
80	66
80	23
80	86
80	22
80	107
80	130
80	101
80	110
80	47
80	97
80	127
80	118
80	10
80	8
80	74
80	102
80	136
80	73
80	42
80	41
80	50
80	48
80	104
80	58
80	144
80	45
80	64
80	70
80	1
80	119
80	18
80	32
80	33
80	63
80	89
80	20
80	14
80	111
80	142
80	155
80	77
80	154
80	145
80	159
80	61
80	108
80	156
80	2
80	46
80	128
80	44
80	26
80	123
80	56
80	17
80	19
80	40
80	29
80	131
80	4
80	5
80	53
80	25
80	168
80	69
80	59
80	124
80	68
80	157
80	82
80	72
80	100
80	78
80	51
80	16
80	67
80	117
80	75
80	84
80	113
80	114
80	11
80	39
80	55
80	137
80	3
80	91
80	98
81	132
81	72
81	58
81	109
81	9
81	158
81	110
81	97
81	67
81	165
81	38
81	127
81	155
81	59
81	50
81	152
81	96
81	89
81	64
81	137
81	12
81	69
81	56
81	118
81	68
81	40
81	14
81	34
81	87
81	153
81	4
81	161
81	63
81	98
81	39
81	84
81	46
81	143
81	27
81	144
81	112
81	129
81	128
81	86
81	162
81	49
81	154
81	168
81	108
81	26
81	10
81	151
81	70
81	102
81	77
81	62
81	140
81	119
81	92
81	135
81	75
81	22
81	164
82	154
82	92
82	40
82	161
82	25
82	87
82	142
82	123
82	155
82	56
82	36
82	97
82	144
82	67
82	128
82	89
82	72
82	14
82	57
82	158
82	119
82	60
82	8
82	78
82	137
82	69
82	4
82	104
82	11
82	19
82	3
82	133
82	68
82	110
82	12
82	118
82	98
82	6
82	34
82	106
82	159
82	20
82	76
82	107
82	164
82	42
82	84
82	66
82	55
82	59
82	93
82	22
82	168
82	58
82	88
82	79
83	34
83	128
83	12
83	158
83	50
83	123
83	161
83	28
83	40
83	116
83	127
83	96
83	1
83	72
83	97
83	56
83	42
83	92
83	14
83	118
83	77
83	36
83	98
83	156
83	80
83	107
83	155
83	110
83	143
83	154
83	67
83	69
83	64
83	144
83	119
83	43
83	22
83	87
83	89
83	3
83	168
83	132
83	48
83	106
83	68
83	121
83	55
83	94
83	10
83	23
83	49
83	108
83	5
83	6
83	122
83	164
83	58
83	153
83	7
83	104
83	24
83	61
83	18
83	129
83	157
83	111
83	30
83	135
83	44
83	134
83	39
83	91
83	19
83	117
83	20
83	133
83	109
83	59
83	137
83	169
83	166
84	158
84	70
84	107
84	102
84	54
84	163
84	35
84	110
84	83
84	32
84	61
84	99
84	40
84	136
84	97
84	33
84	3
84	74
84	63
84	77
84	18
84	41
84	42
84	146
84	124
84	167
84	4
84	156
84	131
84	119
84	162
84	147
84	104
84	34
84	5
84	144
84	58
84	68
84	75
84	100
84	113
84	157
84	149
84	15
84	112
85	77
85	89
85	16
85	20
85	128
85	72
85	104
85	43
85	161
85	154
85	68
85	40
85	156
85	138
85	76
85	127
85	47
85	44
85	123
85	155
85	158
85	19
85	168
85	97
85	108
85	12
85	61
85	24
85	8
85	151
85	51
85	69
85	140
85	67
85	143
85	71
85	28
85	96
85	26
85	159
85	102
85	80
85	88
85	131
85	119
85	55
85	118
85	56
85	153
85	107
85	92
85	34
85	101
85	114
85	144
85	14
85	57
85	93
85	66
85	31
85	86
85	133
86	97
86	40
86	2
86	34
86	103
86	55
86	128
86	118
86	66
86	111
86	30
86	158
86	144
86	106
86	89
86	31
86	25
86	22
86	169
86	134
86	35
86	77
86	123
86	42
86	39
86	48
86	155
86	132
86	14
86	76
86	20
86	19
86	104
86	17
86	142
86	47
86	110
86	44
86	154
86	52
86	8
86	156
86	157
86	153
86	79
86	60
86	87
86	107
86	116
86	133
86	161
86	72
86	168
86	58
86	68
86	74
86	56
86	36
86	127
86	143
86	78
86	4
86	1
86	137
86	67
86	102
86	125
86	51
86	119
86	96
86	50
86	13
86	108
86	138
86	49
86	140
86	164
86	130
86	80
86	160
86	81
86	11
86	10
86	53
86	165
86	12
86	84
86	69
86	59
86	94
86	61
86	6
86	62
86	88
86	101
86	70
86	92
86	57
86	114
86	33
86	122
86	159
86	7
86	93
86	9
86	100
86	135
86	43
86	27
86	117
86	151
86	28
86	38
86	46
86	23
86	73
86	65
86	16
86	121
86	112
86	37
87	35
87	111
87	158
87	52
87	17
87	125
87	10
87	97
87	66
87	72
87	13
87	6
87	154
87	8
87	127
87	40
87	110
87	132
87	77
87	157
87	128
87	55
87	25
87	41
87	123
87	44
87	1
87	78
87	19
87	119
87	53
87	169
87	116
87	68
87	102
87	18
87	124
87	121
87	73
87	70
87	168
87	45
87	32
87	56
87	93
87	86
87	96
87	135
87	9
87	60
87	118
87	137
87	69
87	140
87	61
87	67
87	75
87	3
87	142
87	139
87	74
87	107
87	63
87	23
87	12
87	38
87	144
87	43
87	58
87	20
87	155
87	101
87	30
87	27
87	2
87	145
87	89
87	164
87	34
87	106
87	92
87	104
87	129
87	156
87	47
87	105
87	39
87	143
87	136
87	50
87	167
87	33
87	7
87	147
87	131
87	4
87	84
87	94
87	79
87	14
87	31
87	49
87	161
87	138
87	109
87	59
87	22
87	65
87	5
87	117
87	162
87	80
87	62
87	83
87	112
87	133
87	95
87	134
87	146
87	37
87	82
87	114
87	130
87	42
87	120
87	64
87	166
87	113
87	16
87	26
87	88
87	36
87	98
87	28
87	160
87	103
87	15
87	108
87	126
88	154
88	95
88	134
88	160
88	97
88	128
88	92
88	108
88	89
88	40
88	52
88	12
88	69
88	168
88	27
88	68
88	98
88	138
88	123
88	20
88	127
88	155
88	158
88	110
88	55
88	164
88	114
88	86
88	142
88	59
88	84
88	166
88	137
88	14
88	77
89	35
89	63
89	107
89	154
89	83
89	5
89	67
89	104
89	11
89	99
89	136
89	110
89	112
89	54
89	138
89	81
89	61
89	86
89	62
89	144
89	163
89	46
89	100
89	51
89	34
89	106
89	25
89	134
89	40
89	153
89	10
89	3
89	133
89	29
89	158
89	50
89	41
89	127
89	115
89	18
89	45
89	28
89	124
89	74
89	152
89	92
89	47
89	32
89	16
89	97
89	95
89	119
89	159
89	125
89	167
89	14
89	21
89	79
89	149
89	120
89	168
89	68
89	58
89	162
89	8
89	131
89	69
89	121
89	156
89	150
89	105
89	6
89	128
89	147
89	146
89	56
89	20
89	157
89	143
89	72
89	132
89	155
89	85
89	4
89	76
89	75
89	39
89	22
89	117
89	123
89	38
89	73
89	111
89	141
89	118
89	7
89	60
89	24
89	102
89	23
89	148
89	44
89	88
89	161
89	122
89	59
89	87
89	90
89	80
89	71
89	91
89	49
89	77
89	98
89	9
89	164
89	36
89	96
89	27
89	93
89	116
89	52
89	84
89	137
89	64
89	94
89	165
89	70
89	19
89	109
89	113
89	169
89	15
89	17
89	78
89	140
89	101
89	55
89	43
89	126
89	139
90	130
90	154
90	39
90	8
90	158
90	47
90	88
90	118
90	128
90	40
90	68
90	14
90	142
90	161
90	67
90	35
90	58
90	50
90	55
90	76
90	104
90	97
90	27
90	20
90	89
90	69
90	92
90	87
90	7
90	111
90	60
90	155
90	23
90	123
90	80
90	52
90	127
90	164
90	36
90	117
90	44
90	135
90	64
90	98
90	33
90	114
90	86
90	137
90	152
90	17
90	102
90	129
90	96
90	168
90	110
90	72
90	143
90	84
90	43
90	77
90	107
90	78
90	66
90	38
90	1
90	108
90	83
90	71
90	119
90	10
90	3
90	12
90	126
90	53
90	166
90	62
90	19
90	49
90	59
90	116
91	154
91	19
91	66
91	89
91	20
91	127
91	26
91	158
91	168
91	110
91	124
91	151
91	63
91	45
91	64
91	58
91	23
91	102
91	32
91	77
91	111
91	142
91	93
91	70
91	97
91	119
91	137
91	14
91	10
91	130
91	131
91	4
91	22
91	104
91	74
91	44
91	157
91	86
91	67
91	27
91	88
91	53
91	101
91	145
91	113
91	68
91	39
91	123
91	83
92	31
92	144
92	34
92	50
92	19
92	118
92	1
92	38
92	165
92	83
92	58
92	158
92	128
92	116
92	106
92	110
92	91
92	89
92	57
92	84
92	68
92	10
92	97
92	59
92	77
92	5
92	152
92	150
92	142
92	127
92	155
92	56
92	151
92	168
92	81
92	72
92	119
92	67
92	162
92	157
92	27
92	28
92	137
92	3
92	20
92	61
92	94
92	37
92	39
92	8
92	25
92	102
92	100
92	132
92	2
92	7
92	64
92	156
92	154
92	99
92	86
92	134
92	148
92	14
92	133
92	55
92	12
92	79
92	88
92	108
92	40
92	149
92	138
92	161
92	129
92	26
92	117
92	44
92	52
92	23
92	65
92	33
92	78
92	36
92	104
92	70
92	85
92	74
92	143
92	76
92	9
92	95
92	115
92	13
92	139
92	107
92	93
92	96
92	123
92	111
92	130
92	90
92	145
92	63
92	22
93	97
93	158
93	154
93	34
93	110
93	77
93	140
93	40
93	88
93	69
93	137
93	33
93	132
93	80
93	144
93	156
93	4
93	135
93	7
93	146
93	117
94	155
94	158
94	118
94	28
94	138
94	63
94	116
94	59
94	140
94	153
94	56
94	68
94	82
94	97
94	106
94	38
94	104
94	102
94	129
94	67
94	117
94	72
94	24
94	30
94	109
94	132
94	69
94	22
94	20
94	105
94	89
94	4
94	100
94	48
94	7
94	156
94	80
94	128
94	144
94	166
94	119
94	10
94	35
94	62
94	84
94	74
94	40
94	103
94	14
94	33
94	76
94	154
94	161
94	164
94	107
94	51
94	123
94	141
94	5
94	96
94	12
94	87
94	168
94	127
95	77
95	89
95	17
95	128
95	97
95	168
95	154
95	43
95	143
95	20
95	118
95	40
95	52
95	68
95	33
95	120
95	127
95	139
95	70
95	14
95	47
95	88
95	123
95	158
95	50
95	110
95	134
95	144
95	83
95	108
95	107
95	69
95	36
95	138
95	72
95	166
95	80
95	2
95	133
95	59
95	23
95	10
95	67
95	63
95	34
95	19
95	27
95	38
95	126
95	91
95	87
95	56
95	135
95	82
95	119
95	102
95	137
95	86
95	55
95	9
95	94
95	117
95	155
95	92
95	99
95	62
95	60
95	76
95	16
95	164
95	39
95	142
95	58
95	161
95	22
95	130
95	11
95	104
95	66
95	28
95	153
95	98
95	12
95	15
95	103
95	109
96	44
96	23
96	158
96	154
96	111
96	127
96	142
96	110
96	14
96	161
96	123
96	77
96	60
96	86
96	40
96	55
96	68
96	10
96	102
96	114
96	45
96	57
96	28
96	64
96	66
96	166
96	25
96	97
96	119
96	118
96	132
96	87
96	89
96	31
96	1
96	22
96	138
96	130
96	107
96	32
96	63
96	33
96	168
96	19
96	156
96	58
96	70
96	18
96	128
96	88
96	2
96	155
96	50
96	61
96	104
96	42
96	13
96	65
96	125
96	153
96	95
96	38
96	35
96	73
96	83
96	74
96	126
96	101
96	4
96	160
96	8
96	49
96	84
96	129
96	143
96	145
96	72
96	164
96	37
96	124
96	79
96	7
96	92
96	3
96	137
96	56
96	91
96	117
96	52
96	17
96	67
96	144
96	121
96	69
96	134
96	94
96	135
96	93
96	116
96	133
96	80
96	36
96	20
97	29
97	100
97	138
97	107
97	104
97	150
97	136
97	144
97	54
97	154
97	169
97	40
97	156
97	3
97	62
97	89
97	163
97	70
97	102
97	105
97	11
97	162
97	147
97	81
97	120
97	112
97	46
97	2
97	34
97	35
97	83
97	75
97	9
97	74
97	5
97	61
97	42
97	25
97	41
97	20
97	167
97	72
97	45
97	124
97	128
97	123
97	18
97	140
97	168
97	27
97	43
97	28
97	32
97	155
97	26
97	153
97	109
97	158
97	63
97	59
97	110
97	108
97	68
97	127
97	60
97	77
97	152
97	134
97	161
97	12
97	79
97	96
97	88
97	157
97	125
97	51
97	118
97	50
97	58
97	6
97	14
97	101
97	121
97	87
97	67
97	80
97	146
97	114
97	115
97	56
97	148
97	4
97	131
97	137
97	76
97	95
97	145
97	111
97	99
97	85
97	16
97	36
97	119
97	69
97	93
97	92
97	151
97	86
97	39
97	38
97	164
97	55
97	37
97	1
97	116
97	103
97	84
97	19
97	49
97	98
97	22
97	159
97	132
97	135
97	66
97	113
97	10
97	149
97	160
97	15
97	65
97	126
97	129
97	78
97	7
97	143
98	123
98	128
98	38
98	68
98	39
98	158
98	3
98	118
98	108
98	67
98	97
98	57
98	34
98	150
98	127
98	144
98	89
98	167
98	19
98	20
98	154
98	81
98	65
98	72
98	56
98	168
98	40
98	138
98	51
98	88
98	92
98	99
98	33
98	75
98	136
98	155
98	7
98	14
98	137
98	84
98	5
98	10
98	91
98	119
98	104
98	80
98	100
98	117
98	169
98	55
98	86
98	52
98	142
98	26
98	8
98	66
98	23
98	110
98	102
98	116
98	25
98	94
98	93
98	133
98	77
98	16
98	120
98	160
98	149
98	134
98	17
98	113
98	28
98	22
98	42
98	1
98	24
98	37
98	165
98	130
98	12
98	50
99	100
99	40
99	128
99	20
99	154
99	76
99	2
99	123
99	42
99	97
99	66
99	127
99	72
99	155
99	43
99	56
99	14
99	161
99	55
99	159
99	133
99	89
99	109
99	144
99	69
99	120
99	48
99	98
99	23
99	168
99	158
99	119
99	111
99	68
99	92
99	28
99	65
99	94
99	142
99	88
99	67
99	19
99	96
99	93
99	118
99	138
99	166
99	80
99	63
99	27
99	87
99	73
99	143
99	16
99	10
99	62
99	116
99	12
99	125
99	79
99	7
99	130
99	153
99	38
99	36
99	107
99	103
99	11
99	44
99	17
99	117
99	102
99	13
99	8
99	25
99	52
99	110
99	59
99	49
99	112
99	34
99	77
99	3
99	24
99	81
99	132
99	75
99	1
99	157
99	156
99	169
99	84
99	9
99	53
99	101
99	149
99	150
99	105
99	58
99	50
99	113
99	91
100	150
100	105
100	92
100	120
100	147
100	20
100	29
100	97
100	8
100	155
100	162
100	42
100	127
100	7
100	158
100	40
100	87
100	27
100	128
100	144
100	55
100	133
100	69
100	52
100	89
100	36
100	44
100	118
100	73
100	96
100	125
100	84
100	153
100	14
100	154
100	161
100	72
101	87
101	10
101	20
101	128
101	97
101	89
101	22
101	158
101	72
101	110
101	77
101	41
101	144
101	40
101	34
101	68
101	56
101	32
101	63
101	108
101	155
101	118
101	107
101	102
101	131
101	116
101	162
101	168
101	86
101	91
101	80
101	104
101	143
101	150
101	138
101	26
101	167
101	113
102	138
102	22
102	50
102	1
102	123
102	55
102	56
102	128
102	40
102	142
102	97
102	125
102	79
102	73
102	87
102	94
102	48
102	64
102	143
102	100
102	161
102	19
102	57
102	86
102	14
102	127
102	89
102	10
102	44
102	66
102	144
102	8
102	118
102	38
102	17
102	53
102	80
102	158
102	155
102	119
102	111
102	58
102	3
102	168
102	69
102	116
102	145
102	65
102	154
102	77
102	110
102	72
102	126
102	67
102	34
102	103
102	106
102	96
102	68
102	108
102	107
102	20
102	153
102	92
102	139
102	36
102	129
102	12
102	140
102	84
102	5
102	35
102	13
102	93
102	27
102	61
102	31
102	62
102	104
102	52
102	95
102	71
102	99
102	133
102	7
102	135
102	117
102	169
102	2
102	47
102	137
102	101
102	114
102	24
102	157
102	49
102	78
102	42
102	76
102	112
102	149
102	130
102	46
102	109
102	37
102	43
102	82
102	159
102	166
102	39
102	98
102	121
102	162
102	51
102	81
102	9
102	63
102	136
102	132
102	23
102	91
102	6
102	30
102	152
102	113
102	83
102	75
103	89
103	7
103	153
103	158
103	127
103	97
103	55
103	72
103	110
103	50
103	129
103	14
103	34
103	106
103	128
103	24
103	144
103	155
103	49
103	157
103	38
103	40
103	94
103	148
103	149
103	136
103	20
103	119
103	3
103	102
103	162
103	141
103	56
103	134
103	59
103	84
103	74
103	16
103	138
103	69
103	10
103	11
103	118
103	77
103	68
103	150
103	33
103	22
103	42
103	35
103	126
104	11
104	158
104	99
104	72
104	85
104	33
104	102
104	156
104	77
104	122
104	142
104	89
104	125
104	138
104	68
104	64
104	154
104	20
104	18
104	97
104	40
104	110
104	73
104	127
104	36
104	157
104	161
104	91
104	119
104	92
104	50
104	87
104	94
104	115
104	143
104	56
104	58
104	49
104	19
104	155
104	21
104	129
104	35
104	164
104	165
104	5
104	148
104	38
104	88
104	136
105	40
105	101
105	20
105	67
105	142
105	89
105	97
105	161
105	128
105	158
105	138
105	81
105	126
105	43
105	102
105	168
105	76
105	73
105	88
105	112
105	98
105	44
105	66
105	155
105	42
105	36
105	110
105	118
105	144
105	72
105	65
105	119
105	84
105	69
105	86
105	77
105	26
105	87
105	133
105	34
105	154
105	108
105	56
105	143
105	10
105	94
105	24
105	14
105	123
105	35
105	8
105	55
105	17
105	80
105	117
105	151
105	50
105	92
105	156
105	127
105	6
105	93
105	96
105	68
105	3
105	159
105	13
105	137
105	64
105	111
105	164
105	1
105	116
105	114
106	86
106	155
106	72
106	97
106	158
106	118
106	58
106	154
106	40
106	43
106	55
106	123
106	67
106	34
106	17
106	24
106	127
106	128
106	50
106	8
106	84
106	1
106	87
106	94
106	135
106	37
106	89
106	78
106	36
106	121
106	133
106	77
106	28
106	109
106	156
106	62
106	153
106	57
106	130
106	82
106	96
106	25
106	59
106	56
106	4
106	143
106	39
106	30
106	107
106	68
106	103
106	142
106	29
106	138
106	22
106	14
106	110
106	161
106	159
106	98
106	126
106	108
106	92
106	76
107	110
107	23
107	75
107	40
107	84
107	70
107	134
107	118
107	61
107	83
107	62
107	95
107	158
107	68
107	58
107	168
107	127
107	128
107	22
107	67
107	77
107	154
107	59
107	60
107	52
107	34
107	96
107	69
107	72
107	97
107	89
107	86
107	31
107	14
107	144
107	76
107	65
107	50
107	101
107	125
107	56
107	10
107	153
107	66
107	87
107	55
107	51
107	33
107	12
107	93
107	30
107	29
107	117
107	123
107	36
107	169
107	161
107	142
108	154
108	120
108	90
108	40
108	97
108	110
108	98
108	127
108	88
108	128
108	89
108	20
108	44
108	123
108	68
109	154
109	55
109	14
109	142
109	40
109	38
109	28
109	128
109	121
109	158
109	110
109	72
109	50
109	101
109	56
109	161
109	87
109	64
109	58
109	86
109	65
109	102
109	107
109	44
109	68
109	97
109	48
109	125
109	119
109	39
109	76
109	4
109	96
109	60
109	164
109	93
109	127
109	66
109	123
109	153
109	118
109	130
109	53
109	12
109	155
109	67
109	116
109	35
109	61
109	8
109	10
109	132
109	78
109	1
109	120
109	24
109	114
109	152
109	19
109	62
109	34
109	47
109	92
109	36
109	49
109	23
109	144
109	89
109	77
109	57
109	143
109	160
109	82
109	33
109	168
109	137
109	111
109	98
110	154
110	95
110	134
110	68
110	128
110	69
110	133
110	168
110	2
110	138
110	97
110	67
110	40
110	79
110	31
110	87
110	160
110	36
110	161
110	120
110	89
110	111
110	20
110	118
110	106
110	22
110	78
110	101
110	8
110	14
110	88
110	151
110	155
110	98
110	53
110	56
110	153
110	143
110	27
110	76
110	17
110	108
110	123
110	33
110	127
110	158
110	77
110	58
110	93
110	81
110	60
110	30
110	140
110	72
110	144
110	62
110	59
110	75
110	10
110	12
110	42
110	39
110	137
110	109
110	107
110	52
110	51
110	159
110	84
110	164
110	3
110	50
110	34
110	103
110	102
110	92
110	114
110	96
110	135
110	119
110	64
110	28
110	117
110	66
110	113
110	23
110	7
110	115
110	116
110	44
111	87
111	110
111	22
111	97
111	12
111	158
111	14
111	144
111	9
111	41
111	128
111	10
111	5
111	102
111	45
111	38
111	127
111	19
111	20
111	32
111	112
111	156
111	59
111	34
111	118
111	77
111	89
111	64
111	67
111	96
111	29
111	72
111	68
111	155
111	40
111	39
111	123
111	75
111	109
111	140
111	92
111	28
111	136
111	4
111	162
111	106
111	56
111	55
111	27
111	124
111	24
111	7
111	18
111	143
111	116
111	107
111	168
111	167
111	154
111	108
111	119
111	86
111	93
111	126
111	90
111	8
111	42
111	142
111	99
111	157
111	6
111	66
111	49
111	43
112	139
112	158
112	58
112	153
112	37
112	68
112	40
112	56
112	109
112	87
112	9
112	59
112	128
112	138
112	89
112	118
112	155
112	97
112	73
112	127
112	119
112	4
112	34
112	38
112	125
112	22
112	53
112	44
112	154
112	19
112	55
112	50
112	36
112	103
112	111
112	135
112	142
112	72
112	14
112	65
112	94
112	12
112	110
112	78
112	63
112	86
112	7
112	166
112	35
113	15
113	154
113	161
113	68
113	168
113	143
113	133
113	10
113	22
113	97
113	63
113	87
113	156
113	8
113	67
113	34
113	77
113	40
113	101
113	89
113	76
113	56
113	158
113	145
113	64
113	3
113	38
113	39
113	6
113	144
113	127
113	110
113	123
113	128
113	159
113	1
113	118
113	66
113	55
113	37
113	51
113	93
113	80
113	135
113	157
113	44
113	130
113	137
113	72
113	24
113	107
113	49
113	94
113	62
113	169
113	164
113	155
113	73
113	106
113	96
113	92
113	150
113	31
113	48
113	57
113	104
113	79
113	116
113	19
113	111
113	5
113	36
113	33
113	132
113	117
113	112
113	100
113	91
113	140
113	134
113	35
113	125
113	14
113	20
113	138
113	43
113	126
113	12
113	50
113	28
113	59
113	65
113	119
113	61
113	25
113	99
113	162
113	136
114	14
114	69
114	158
114	41
114	5
114	155
114	25
114	63
114	94
114	92
114	4
114	97
114	156
114	123
114	40
114	35
114	154
114	74
114	16
114	68
114	102
114	90
114	9
114	116
114	56
114	67
114	19
114	166
114	17
114	164
114	55
114	96
114	6
114	72
114	22
114	132
114	128
114	144
114	109
114	39
114	121
114	32
114	104
114	89
114	8
114	113
114	161
114	143
114	3
114	106
114	1
114	33
115	40
115	12
115	89
115	68
115	20
115	111
115	14
115	23
115	168
115	123
115	110
115	44
115	86
115	41
115	104
115	133
115	19
115	102
115	154
115	158
115	66
115	161
115	76
115	109
115	155
115	97
115	58
115	107
115	92
115	128
115	55
115	43
115	67
115	142
115	138
115	33
115	96
115	127
115	87
115	91
115	98
115	108
115	56
115	49
115	10
115	32
115	143
115	84
115	72
115	144
115	36
115	101
115	37
115	135
115	79
115	130
115	88
115	69
115	118
115	131
115	73
115	39
115	137
115	34
115	126
115	77
115	17
115	70
115	62
115	125
115	2
115	78
115	119
115	6
115	50
115	64
115	18
115	114
115	80
115	74
115	1
115	159
115	22
115	53
115	145
115	3
115	93
115	164
115	83
115	106
115	52
116	128
116	158
116	68
116	154
116	97
116	123
116	167
116	64
116	86
116	144
116	27
116	66
116	83
116	73
116	25
116	91
116	42
116	110
116	50
116	70
116	10
116	118
116	96
116	81
116	138
116	56
116	127
116	28
116	106
116	140
116	155
116	133
116	69
116	52
116	125
116	134
116	19
116	7
116	94
116	137
116	78
116	115
116	44
116	117
116	8
116	67
116	89
116	22
116	101
116	9
116	34
116	119
116	55
116	77
116	31
116	111
116	57
116	72
116	103
116	39
116	40
116	88
116	82
116	58
116	157
116	130
116	109
116	153
116	142
116	132
116	102
116	59
116	139
116	62
116	92
116	129
116	38
116	121
116	36
116	87
116	24
116	17
116	37
117	158
117	89
117	56
117	24
117	85
117	155
117	154
117	144
117	14
117	167
117	165
117	68
117	40
117	138
117	34
117	59
117	97
117	3
117	28
117	27
117	116
117	35
117	49
117	143
117	152
117	7
117	168
117	92
117	99
117	30
117	46
117	121
117	110
117	162
117	128
117	118
117	80
117	63
117	13
117	119
117	153
117	72
117	22
117	52
117	51
117	139
117	88
117	126
117	166
117	84
117	36
117	95
118	104
118	158
118	35
118	97
118	102
118	70
118	100
118	136
118	77
118	107
118	74
118	25
118	154
118	156
118	110
118	162
118	101
118	112
118	3
118	5
118	41
118	63
118	45
118	34
118	33
118	32
118	42
118	105
118	144
118	18
118	75
118	150
118	109
118	167
118	9
118	99
118	89
118	124
118	40
118	121
118	131
118	4
118	38
118	165
118	127
118	108
118	68
118	69
118	46
118	21
118	116
118	90
118	20
118	29
118	22
118	95
118	36
118	56
118	159
118	161
118	128
118	146
118	87
118	88
118	168
118	113
118	55
118	7
118	27
118	15
118	72
119	144
119	118
119	6
119	2
119	109
119	16
119	153
119	97
119	77
119	40
119	130
119	96
119	103
119	14
119	158
119	66
119	138
119	22
119	132
119	89
119	95
119	117
119	20
119	154
119	51
119	134
119	1
119	30
119	72
119	88
119	68
119	110
119	87
119	128
119	168
119	111
119	155
119	56
119	67
119	106
119	76
119	43
119	69
119	55
119	84
119	161
119	143
119	92
119	142
119	33
119	127
119	60
119	39
119	164
119	108
119	47
119	36
119	59
119	3
119	137
119	28
119	107
119	90
119	126
119	116
119	26
119	12
119	52
119	37
119	19
119	17
119	38
119	114
119	31
119	53
119	151
119	140
119	62
119	44
119	27
119	23
119	98
119	125
119	123
119	91
119	94
119	7
119	80
120	161
120	89
120	118
120	68
120	55
120	142
120	14
120	40
120	96
120	91
120	110
120	154
120	88
120	136
120	20
120	128
120	73
120	168
120	76
120	69
120	127
120	92
120	37
120	72
120	77
120	98
120	123
120	97
120	80
120	26
120	1
120	143
120	129
120	158
120	43
120	147
120	86
120	17
120	101
120	36
120	144
120	138
120	67
120	78
120	16
120	155
120	125
120	84
120	111
120	109
120	56
120	63
120	164
120	104
120	132
120	87
120	38
120	66
120	93
120	133
120	126
120	159
120	102
120	65
120	169
120	22
120	108
120	119
120	6
120	94
120	44
120	135
120	59
120	103
120	52
120	48
120	152
120	19
120	79
120	34
120	162
120	8
120	114
120	139
120	113
120	31
120	151
120	145
121	117
121	140
121	127
121	20
121	158
121	97
121	58
121	110
121	154
121	161
121	50
121	27
121	89
121	10
121	72
121	129
121	143
121	48
121	14
121	92
121	119
121	56
121	111
121	86
121	114
121	162
121	87
121	40
121	137
121	123
121	31
121	138
121	28
121	103
121	80
121	128
121	69
121	65
121	36
121	68
121	55
121	109
121	145
121	11
121	49
121	133
121	91
121	116
121	6
121	77
121	53
121	152
121	98
121	37
121	166
121	155
122	55
122	89
122	168
122	142
122	40
122	118
122	76
122	154
122	127
122	45
122	106
122	102
122	14
122	17
122	110
122	39
122	96
122	128
122	72
122	91
122	123
122	126
122	101
122	35
122	97
122	31
122	155
122	145
122	67
122	73
122	53
122	153
122	95
122	68
122	48
122	138
122	51
122	66
122	61
122	143
122	44
122	22
122	158
122	36
122	92
122	43
122	38
122	161
122	77
122	20
122	87
122	56
122	12
122	104
122	59
122	130
122	69
122	119
122	162
122	70
122	88
122	27
122	18
122	41
122	26
122	107
122	84
122	23
122	109
122	144
122	125
122	103
122	93
122	133
122	5
122	116
122	94
122	121
122	10
122	9
122	86
122	8
122	13
122	60
122	25
122	50
122	65
122	111
122	2
122	47
122	156
122	108
122	98
122	80
122	19
122	164
122	62
122	159
122	114
122	134
122	137
122	64
122	33
122	42
122	71
122	166
123	31
123	79
123	55
123	127
123	38
123	50
123	158
123	52
123	142
123	86
123	94
123	10
123	78
123	27
123	97
123	37
123	25
123	65
123	117
123	89
123	22
123	67
123	119
123	34
123	77
123	125
123	110
123	51
123	36
123	58
123	87
123	73
123	68
123	11
123	6
123	137
123	133
123	60
123	92
123	64
123	23
123	14
123	143
123	118
123	69
123	103
123	28
123	138
123	107
123	2
123	40
123	44
123	42
123	72
123	155
123	84
123	39
123	56
123	101
123	156
123	26
123	140
123	130
123	128
123	144
123	168
123	1
123	66
123	80
123	160
123	48
123	166
123	134
123	154
123	91
123	61
123	111
123	129
123	47
123	35
123	161
123	53
123	145
123	12
123	108
123	8
123	59
123	115
123	20
123	98
123	90
123	153
123	99
123	116
123	164
123	33
123	146
123	165
123	19
123	120
123	114
123	93
123	62
123	83
123	70
123	167
123	152
123	109
123	82
123	13
123	149
123	76
123	7
123	43
123	16
123	3
123	135
123	17
124	40
124	97
124	140
124	68
124	101
124	125
124	91
124	118
124	154
124	55
124	112
124	77
124	12
124	69
124	67
124	155
124	42
124	168
124	84
124	44
124	158
124	72
124	128
124	133
124	143
124	145
124	137
124	127
124	80
124	27
124	98
124	17
124	48
124	86
124	116
124	93
124	76
124	14
124	130
124	39
124	138
124	22
124	43
124	123
124	24
124	129
124	157
124	31
124	92
124	107
124	10
124	23
124	89
124	144
124	110
124	161
124	73
124	36
124	111
124	3
124	120
124	147
124	71
124	95
124	162
124	52
124	109
124	142
124	34
124	100
124	114
124	60
124	94
124	104
124	56
124	1
124	37
124	96
124	13
124	79
124	169
124	19
124	8
124	41
124	103
124	159
125	62
125	7
125	158
125	97
125	156
125	162
125	99
125	63
125	14
125	135
125	74
125	157
125	89
125	128
125	136
125	102
125	40
125	34
125	100
125	118
125	45
125	144
125	168
125	80
125	46
125	88
125	25
125	116
125	20
125	84
125	92
125	143
125	81
125	72
125	154
125	87
125	38
125	27
125	42
125	150
125	104
125	96
125	22
125	12
125	68
125	109
125	35
125	8
125	119
125	149
125	159
125	39
125	28
125	56
125	153
125	137
125	151
125	113
125	64
125	133
125	10
125	127
125	161
125	4
125	3
125	5
125	70
125	115
125	15
125	93
126	158
126	110
126	56
126	97
126	83
126	27
126	95
126	88
126	61
126	139
126	20
126	102
126	128
126	144
126	99
126	28
126	89
126	168
126	67
126	70
126	77
126	127
126	164
126	84
126	154
126	68
126	14
126	119
126	39
126	111
126	86
126	103
126	34
126	156
126	40
126	135
126	33
126	108
126	137
126	155
126	151
126	59
126	132
126	133
126	72
126	10
127	110
127	77
127	40
127	158
127	103
127	72
127	38
127	117
127	123
127	138
127	89
127	23
127	114
127	1
127	97
127	84
127	68
127	132
127	144
127	24
127	8
127	128
127	118
127	133
127	31
127	143
127	82
127	87
127	153
127	55
127	50
127	61
127	140
127	69
127	10
127	41
127	44
127	35
127	78
127	86
127	22
127	91
127	45
127	7
127	58
127	104
127	168
127	107
127	150
127	80
127	14
127	161
127	145
127	102
127	2
127	111
127	67
127	18
127	29
127	155
127	20
127	70
127	116
127	64
127	32
127	101
127	162
127	79
127	92
127	28
127	88
127	109
127	136
127	74
127	156
127	49
127	56
127	36
127	26
127	96
127	63
127	137
127	34
127	42
127	5
127	33
127	126
127	12
127	108
127	151
127	75
127	59
127	39
127	11
127	119
127	98
127	160
127	46
127	134
127	60
127	83
127	37
127	27
127	157
127	142
127	51
127	147
127	4
127	131
127	106
127	73
127	9
127	66
127	53
127	25
127	3
127	76
127	48
127	93
127	62
127	130
127	154
127	19
127	164
127	129
127	120
127	43
127	94
127	146
127	124
127	159
127	17
127	121
127	113
127	100
127	135
127	167
127	95
127	52
127	149
127	15
127	112
127	125
127	81
127	152
128	81
128	158
128	154
128	127
128	97
128	168
128	163
128	110
128	102
128	51
128	83
128	112
128	11
128	70
128	50
128	16
128	33
128	123
128	138
128	54
128	25
128	118
128	107
128	77
128	136
128	40
128	74
128	5
128	82
128	165
128	119
128	86
128	41
128	129
128	19
128	61
128	144
128	167
128	35
128	34
128	64
128	9
128	58
128	18
128	156
128	89
128	42
128	100
128	32
128	104
128	63
128	68
128	126
128	10
128	133
128	116
128	3
128	140
128	120
128	96
128	72
128	8
128	84
128	69
128	1
128	4
128	146
128	115
128	157
128	131
128	67
128	99
128	124
128	30
128	49
128	91
128	151
128	55
128	56
128	92
128	109
128	153
128	38
128	7
128	94
128	88
128	162
128	155
128	114
128	29
128	27
128	113
128	75
128	36
128	145
128	14
128	12
128	22
128	15
128	26
128	20
128	57
128	132
129	89
129	128
129	40
129	68
129	133
129	42
129	87
129	77
129	48
129	43
129	25
129	92
129	161
129	110
129	123
129	97
129	140
129	19
129	69
129	127
129	98
129	107
129	22
129	14
129	49
129	158
129	72
129	94
129	36
129	119
129	5
129	63
129	143
129	164
129	1
129	55
129	112
129	144
129	34
129	96
129	56
129	71
129	30
129	46
129	103
129	3
129	93
129	114
129	70
129	155
129	8
129	50
129	157
129	138
129	113
129	76
129	126
129	116
129	37
129	57
130	138
130	158
130	97
130	144
130	30
130	41
130	5
130	89
130	124
130	45
130	63
130	87
130	128
130	104
130	35
130	20
130	108
130	118
130	40
130	67
130	39
130	133
130	147
130	84
130	22
130	4
130	81
130	42
130	143
130	10
130	34
130	74
130	46
130	72
130	162
130	168
130	109
130	167
130	96
130	156
130	116
130	27
130	137
130	113
130	88
130	14
130	80
130	56
130	68
130	91
131	89
131	40
131	157
131	97
131	133
131	136
131	66
131	67
131	158
131	127
131	8
131	155
131	154
131	77
131	28
131	128
131	138
131	143
131	79
131	68
131	10
131	43
131	73
131	116
131	76
131	58
131	144
131	23
131	96
131	125
131	147
131	39
131	14
131	137
131	123
131	69
131	46
131	4
131	156
131	5
131	87
131	3
131	81
131	25
131	2
131	161
131	17
131	84
131	72
131	35
131	19
131	44
131	111
131	101
131	135
131	109
131	145
131	118
131	55
131	130
131	60
132	123
132	87
132	110
132	128
132	154
132	78
132	40
132	86
132	50
132	158
132	5
132	1
132	42
132	55
132	135
132	126
132	97
132	72
132	39
132	143
132	156
132	57
132	77
132	134
132	127
132	89
132	102
132	14
132	17
132	144
132	68
132	119
132	118
132	13
132	62
132	27
132	129
132	161
132	30
132	153
132	24
132	16
132	164
132	155
132	56
132	94
132	34
132	22
132	10
132	25
132	6
132	61
132	169
132	8
132	117
132	114
132	142
132	19
132	18
132	157
132	53
132	96
132	109
132	67
132	28
132	75
132	168
132	74
132	88
132	92
132	9
132	3
132	83
132	36
132	37
132	49
132	160
132	58
132	52
132	23
132	35
132	7
132	65
132	44
132	69
132	116
132	66
132	103
132	137
133	154
133	148
133	99
133	35
133	6
133	40
133	169
133	7
133	25
133	136
133	38
133	27
133	104
133	122
133	5
133	85
133	89
133	46
133	21
133	168
133	149
133	57
133	118
133	115
133	157
133	165
134	40
134	89
134	62
134	100
134	72
134	118
134	91
134	158
134	88
134	17
134	79
134	155
134	97
134	20
134	108
134	168
134	10
134	101
134	52
134	154
134	28
134	56
134	161
134	127
134	110
134	77
134	128
134	58
134	8
134	69
134	98
134	123
134	86
134	19
134	14
134	55
134	76
134	60
134	129
134	143
134	67
134	43
134	92
134	68
134	87
134	36
134	26
134	81
134	23
134	27
134	153
134	48
134	75
134	114
134	133
134	151
134	120
134	1
134	96
134	119
134	135
134	142
134	70
134	99
134	39
134	164
134	139
134	136
134	22
134	35
134	144
134	157
135	73
135	72
135	79
135	127
135	94
135	53
135	125
135	123
135	154
135	162
135	99
135	44
135	55
135	97
135	58
135	68
135	50
135	158
135	7
135	10
135	23
135	103
135	110
135	34
135	31
135	86
135	1
135	117
135	93
135	77
135	40
135	119
135	80
135	14
135	118
135	8
135	63
135	121
135	89
135	155
135	161
135	130
135	69
135	106
135	165
135	87
135	52
135	78
135	11
135	37
135	133
135	64
135	144
136	148
136	85
136	149
136	21
136	34
136	157
136	35
136	122
136	141
136	6
136	40
136	12
136	115
136	118
136	49
136	158
136	128
136	46
136	165
136	162
136	73
136	133
136	38
136	123
136	55
136	117
136	96
136	155
136	89
136	68
136	161
136	69
136	7
136	36
136	15
136	154
136	37
136	11
136	92
137	29
137	105
137	100
137	120
137	169
137	40
137	96
137	20
137	89
137	168
137	150
137	127
137	108
137	147
137	28
137	88
137	154
138	97
138	110
138	77
138	63
138	104
138	107
138	158
138	163
138	102
138	54
138	144
138	112
138	156
138	83
138	74
138	70
138	5
138	154
138	42
138	61
138	33
138	58
138	3
138	34
138	18
138	131
138	124
138	146
138	40
138	136
138	100
138	119
138	9
138	109
138	90
138	41
138	167
138	165
138	75
138	128
138	7
138	29
138	169
138	120
138	19
139	127
139	97
139	86
139	102
139	68
139	79
139	67
139	27
139	8
139	31
139	39
139	156
139	10
139	158
139	150
139	111
139	47
139	119
139	64
139	32
139	58
139	94
139	50
139	33
139	44
139	78
139	114
139	123
139	131
139	110
139	55
139	25
139	132
139	136
139	125
139	128
139	117
139	60
139	100
139	51
139	74
139	103
139	29
139	35
139	70
139	56
139	138
139	143
139	113
139	66
139	89
139	87
139	154
140	158
140	117
140	97
140	144
140	43
140	40
140	56
140	110
140	68
140	44
140	7
140	128
140	107
140	35
140	155
140	123
140	50
140	34
140	8
140	86
140	153
140	118
140	77
140	129
140	138
140	67
140	104
140	58
140	81
140	72
140	73
140	37
140	69
140	92
140	36
140	16
140	47
140	131
140	167
140	161
140	162
140	91
140	17
140	154
140	22
140	121
140	102
140	31
140	127
140	103
140	79
140	119
140	94
140	42
140	14
140	23
140	142
140	10
140	55
140	164
140	111
140	143
140	89
140	51
140	87
140	98
140	100
140	116
140	11
141	88
141	40
141	103
141	158
141	127
141	97
141	89
141	3
141	55
141	14
141	161
141	41
141	20
141	143
141	25
141	68
141	92
141	98
141	32
141	84
141	56
141	128
141	155
141	154
141	96
141	1
141	4
141	123
141	48
141	117
141	93
141	164
141	142
141	76
141	156
141	168
141	111
141	144
141	86
141	153
141	28
141	116
141	94
141	106
141	19
141	8
141	73
141	29
141	43
141	26
141	64
141	72
141	87
141	118
141	61
141	157
141	119
141	6
141	69
141	12
141	33
141	67
141	27
141	39
141	36
141	125
141	113
142	128
142	158
142	89
142	27
142	72
142	97
142	14
142	84
142	120
142	88
142	25
142	162
142	138
142	102
142	96
142	62
142	19
142	136
142	80
142	144
142	56
142	67
142	109
142	74
142	40
142	9
142	51
142	87
142	34
142	12
142	20
142	92
142	63
142	157
142	26
142	154
142	5
142	93
142	168
142	123
142	22
142	129
142	82
142	28
142	155
142	35
142	99
142	169
142	137
142	141
142	152
142	91
142	161
142	104
142	132
142	151
142	69
142	127
142	36
142	46
142	118
142	7
142	68
142	140
142	133
142	119
142	156
142	143
142	166
142	126
142	38
143	10
143	73
143	118
143	158
143	48
143	77
143	47
143	127
143	130
143	123
143	66
143	120
143	64
143	2
143	41
143	125
143	102
143	68
143	139
143	70
143	154
143	135
143	17
143	20
143	40
143	167
143	155
143	97
143	104
143	110
143	14
143	86
143	111
143	136
143	119
143	61
143	116
143	88
143	42
143	67
143	50
143	1
143	26
143	128
143	8
143	157
143	27
143	74
143	132
143	117
143	89
143	62
143	4
143	49
143	35
143	52
143	39
143	91
143	55
143	144
143	131
143	59
143	106
143	30
143	5
143	156
143	58
143	56
143	109
143	121
143	65
143	13
143	7
143	151
143	9
143	23
143	81
143	53
143	6
143	138
143	34
143	69
143	44
143	19
143	142
143	94
143	33
143	92
143	100
143	93
143	76
143	72
143	28
143	84
143	114
143	126
143	38
143	160
143	161
143	3
143	12
143	107
143	150
144	89
144	157
144	99
144	155
144	44
144	13
144	148
144	40
144	97
144	20
144	154
144	151
144	162
144	88
144	85
144	122
144	7
144	12
144	136
144	57
144	135
144	73
144	56
144	158
144	118
144	36
144	128
144	126
144	133
144	127
144	67
144	141
144	98
144	104
144	35
144	142
144	168
144	68
144	14
144	100
144	115
144	72
144	138
144	110
144	5
144	46
144	84
144	21
144	111
144	28
144	125
144	120
144	79
144	167
144	10
144	101
144	77
144	165
144	153
144	149
144	55
144	96
144	161
144	6
144	49
144	150
144	59
144	108
144	119
144	93
144	137
144	116
144	123
144	2
144	76
144	31
144	8
144	65
144	103
144	143
145	110
145	64
145	8
145	158
145	97
145	70
145	7
145	127
145	56
145	32
145	77
145	138
145	34
145	87
145	102
145	118
145	119
145	131
145	58
145	4
145	10
145	100
145	104
145	135
145	72
145	134
145	22
145	124
145	63
145	50
145	152
145	162
145	67
145	113
145	144
145	68
145	74
145	150
145	96
145	154
145	137
145	40
145	143
145	89
145	28
145	15
145	27
145	156
145	36
145	42
145	14
145	123
145	37
146	158
146	96
146	69
146	40
146	133
146	143
146	84
146	91
146	43
146	33
146	62
146	23
146	97
146	87
146	123
146	68
146	101
146	128
146	67
146	110
146	14
146	155
146	118
146	154
146	138
146	17
146	125
146	168
146	89
146	56
146	127
146	119
146	16
146	72
146	116
146	80
146	107
146	20
146	161
146	60
146	93
146	7
146	22
146	76
146	10
146	88
146	102
146	39
146	65
146	8
146	59
146	94
146	117
146	37
146	34
146	142
146	100
146	108
146	74
146	147
146	61
146	114
146	44
146	144
146	42
146	135
146	98
146	77
146	47
146	55
146	1
146	50
146	73
146	70
146	52
146	137
146	36
146	145
147	40
147	72
147	109
147	36
147	128
147	89
147	76
147	37
147	118
147	43
147	14
147	125
147	168
147	97
147	56
147	154
147	104
147	27
147	156
147	158
147	108
147	34
147	143
147	99
147	87
147	161
147	44
147	64
147	162
147	20
147	88
147	80
147	69
147	47
147	123
147	68
147	84
147	95
147	73
147	134
147	107
147	127
147	63
147	93
147	144
147	16
147	10
147	17
147	67
147	119
147	94
147	110
147	26
147	60
147	55
147	117
147	92
147	24
147	19
147	101
147	137
147	31
147	23
147	153
147	8
147	1
147	164
147	13
147	142
147	155
147	126
147	135
147	86
147	96
147	39
147	133
147	38
147	62
147	138
147	74
147	98
147	112
147	79
147	77
148	20
148	168
148	89
148	128
148	43
148	40
148	87
148	125
148	48
148	55
148	154
148	102
148	65
148	68
148	151
148	97
148	96
148	8
148	64
148	138
148	69
148	80
148	19
148	140
148	26
148	76
148	123
148	14
148	158
148	88
148	92
148	28
148	143
148	38
148	142
148	23
148	59
148	72
148	161
148	53
148	127
148	94
148	107
148	164
148	39
148	6
148	110
148	104
148	162
148	137
148	118
148	159
148	1
148	47
148	34
148	56
148	62
148	17
148	169
148	114
148	155
148	36
148	2
148	77
148	130
148	111
148	117
148	46
148	133
148	153
149	40
149	88
149	89
149	145
149	128
149	55
149	116
149	8
149	25
149	48
149	10
149	87
149	64
149	123
149	17
149	14
149	86
149	154
149	66
149	3
149	24
149	158
149	80
149	43
149	103
149	29
149	72
149	151
149	161
149	56
149	68
149	69
149	144
149	76
149	127
149	2
149	38
149	98
149	135
149	156
149	61
149	118
149	63
149	110
149	41
149	97
149	12
149	94
149	70
149	96
149	19
149	45
149	73
149	37
149	44
149	92
149	74
149	155
149	129
149	168
149	100
149	26
149	120
149	102
149	153
149	50
149	81
149	79
149	109
149	143
149	4
149	133
149	139
149	119
149	111
149	58
149	31
149	101
149	77
149	36
149	18
149	62
149	67
149	20
149	39
149	83
149	125
149	71
149	164
149	16
149	6
149	47
149	33
149	112
149	84
149	157
149	59
149	11
149	117
149	113
149	65
149	57
149	108
150	110
150	40
150	55
150	154
150	168
150	97
150	66
150	74
150	89
150	20
150	71
150	26
150	125
150	128
150	132
150	123
150	50
150	102
150	56
150	143
150	43
150	14
150	161
150	100
150	72
150	86
150	140
150	101
150	34
150	80
150	142
150	118
150	19
150	127
150	155
150	133
150	28
150	92
150	69
150	96
150	91
150	27
150	158
150	166
150	144
150	108
150	68
150	88
150	36
150	39
150	130
150	10
150	48
150	79
150	47
150	159
150	16
150	135
150	111
150	87
150	2
150	98
150	52
150	3
150	129
150	73
150	162
150	62
150	22
150	6
150	8
150	44
150	17
150	136
150	67
150	103
150	94
150	145
150	77
151	68
151	10
151	40
151	76
151	97
151	48
151	142
151	89
151	133
151	22
151	69
151	31
151	127
151	8
151	112
151	128
151	86
151	12
151	168
151	28
151	125
151	23
151	43
151	130
151	72
151	92
151	78
151	34
151	58
151	117
151	51
151	158
151	96
151	161
151	36
151	50
151	109
151	123
151	62
151	104
151	135
151	154
151	138
151	27
151	93
151	110
151	73
151	144
151	59
151	94
151	56
151	77
151	143
151	111
151	14
151	99
151	155
151	145
151	44
151	84
151	162
151	60
151	107
151	37
151	95
151	35
151	33
151	55
151	53
151	67
151	52
151	3
151	19
151	87
151	98
151	159
151	1
151	38
151	118
151	101
151	20
151	47
151	66
151	16
152	154
152	86
152	55
152	14
152	168
152	58
152	128
152	138
152	39
152	89
152	142
152	68
152	118
152	26
152	143
152	67
152	43
152	62
152	97
152	40
152	52
152	117
152	127
152	161
152	66
152	11
152	137
152	123
152	50
152	84
152	48
152	132
152	92
152	64
152	20
152	27
152	3
152	87
152	8
152	103
152	78
152	70
152	38
152	76
152	116
152	98
152	22
152	49
152	12
152	35
152	108
153	89
153	20
153	26
153	168
153	151
153	88
153	108
153	142
153	158
153	131
153	40
153	68
153	123
153	8
153	69
153	154
153	110
153	165
153	93
153	128
153	97
153	121
154	97
154	9
154	12
154	79
154	127
154	58
154	117
154	125
154	158
154	10
154	35
154	94
154	123
154	155
154	50
154	48
154	86
154	55
154	29
154	51
154	8
154	106
154	110
154	23
154	19
154	77
154	63
154	73
154	31
154	118
154	28
154	78
154	44
154	136
154	70
154	64
154	74
154	75
154	40
154	144
154	66
154	142
154	103
154	102
154	140
154	132
154	116
154	89
154	30
154	168
154	56
154	119
154	42
154	22
154	156
154	128
154	53
154	24
154	83
154	111
154	1
154	135
154	87
154	41
154	107
154	80
154	153
154	67
154	137
154	108
154	45
154	49
154	68
154	61
154	130
154	5
154	14
154	166
154	20
154	72
154	165
154	69
154	121
154	96
154	39
154	32
154	37
154	26
154	114
154	18
154	84
154	138
154	7
154	65
154	82
154	104
154	33
154	34
154	52
154	145
154	151
154	88
154	92
154	90
154	162
154	109
154	13
154	38
154	91
154	6
154	47
154	2
154	101
154	159
154	25
154	112
154	60
154	152
154	27
154	133
154	100
154	131
154	4
154	161
154	150
154	147
154	122
154	81
154	59
154	115
154	93
154	105
154	76
154	126
154	98
154	99
154	62
154	164
154	157
154	3
154	85
154	167
154	129
154	36
154	120
154	146
154	46
154	95
154	43
154	143
154	124
154	57
154	113
154	16
154	11
154	139
154	169
154	15
154	71
154	160
155	115
155	99
155	21
155	136
155	12
155	6
155	57
155	157
155	40
155	25
155	5
155	85
155	30
155	110
155	56
155	72
155	80
155	154
155	87
155	97
155	153
155	167
155	169
155	14
155	28
155	20
155	118
155	67
155	168
155	98
155	39
155	88
155	46
155	76
155	27
155	165
155	162
155	89
155	38
155	69
155	128
155	104
155	107
155	22
155	148
155	133
155	8
155	35
155	138
155	24
155	158
155	51
155	77
155	7
155	108
155	149
155	49
155	81
156	55
156	44
156	119
156	130
156	123
156	85
156	165
156	48
156	79
156	99
156	40
156	157
156	14
156	162
156	2
156	68
156	158
156	115
156	88
156	127
156	143
156	64
156	122
156	32
156	58
156	10
156	142
156	155
156	86
156	98
156	128
156	20
156	73
156	97
156	77
156	110
156	116
156	87
156	22
156	148
156	35
156	144
156	89
156	57
156	76
156	56
156	103
156	125
156	4
156	38
156	34
156	5
156	154
156	101
156	135
156	39
156	111
156	31
156	52
156	84
156	168
156	67
156	72
156	24
156	66
156	16
156	19
156	25
156	161
156	113
156	30
156	118
157	97
157	68
157	100
157	27
157	40
157	89
157	20
157	154
157	159
157	79
157	56
157	161
157	118
157	92
157	36
157	158
157	101
157	150
157	29
157	108
157	102
157	17
157	25
157	138
157	14
157	128
157	55
157	133
157	107
157	168
157	98
157	34
157	72
157	69
157	45
157	8
157	76
157	50
157	123
157	96
157	43
157	132
157	67
157	74
157	26
157	4
157	23
157	52
157	80
157	78
157	87
157	39
157	91
157	48
157	155
157	125
157	12
157	46
157	131
157	116
157	106
157	88
157	49
157	127
157	10
157	47
157	84
157	149
157	73
157	1
157	103
157	104
157	58
157	86
157	7
157	113
157	114
157	57
157	119
157	22
157	2
157	144
157	44
158	115
158	99
158	136
158	6
158	148
158	154
158	40
158	27
158	38
158	165
158	5
158	3
158	149
158	142
158	111
158	101
158	25
158	128
158	35
158	169
158	91
158	122
158	85
158	46
158	162
158	78
158	67
158	108
158	138
158	157
158	137
158	140
158	89
158	31
158	141
158	167
158	97
158	79
158	10
158	168
158	56
158	129
158	36
158	155
158	60
158	39
158	21
158	68
158	127
158	123
158	44
158	20
158	81
158	57
158	118
158	106
158	18
158	88
158	104
158	59
158	69
158	96
158	12
158	161
158	92
158	65
158	8
158	63
158	151
158	62
158	55
158	50
158	14
158	52
158	22
158	72
158	61
158	156
158	119
158	80
158	74
158	102
158	2
158	23
158	76
158	103
158	143
158	144
158	19
158	43
158	131
158	87
158	1
158	66
158	125
158	47
158	26
158	120
158	153
158	132
158	124
158	73
158	107
158	133
158	134
158	95
158	114
158	112
158	49
158	7
158	33
158	139
158	77
158	98
158	37
158	135
158	13
158	93
158	34
158	15
158	28
158	51
158	70
158	48
158	117
158	32
158	11
158	130
158	159
158	58
158	86
158	94
158	166
159	168
159	118
159	158
159	104
159	34
159	102
159	72
159	77
159	154
159	84
159	19
159	63
159	97
159	89
159	107
159	33
159	110
159	128
159	112
159	40
159	91
159	93
159	50
159	61
159	17
159	68
159	44
159	8
159	67
159	55
159	137
159	111
159	9
159	127
159	1
159	20
159	86
159	27
159	117
159	69
159	164
159	135
159	142
159	94
159	114
159	14
159	151
159	59
159	43
159	66
159	39
159	108
159	5
159	116
159	49
159	37
159	60
159	70
159	123
159	6
159	58
159	35
159	56
159	36
159	11
160	154
160	89
160	40
160	10
160	97
160	128
160	72
160	1
160	76
160	87
160	158
160	75
160	66
160	96
160	36
160	134
160	25
160	120
160	8
160	123
160	118
160	77
160	63
160	138
160	110
160	56
160	34
160	80
160	60
160	14
160	68
160	144
160	64
160	88
160	98
160	133
160	92
160	127
160	100
160	12
160	166
160	168
160	155
160	95
160	161
160	91
160	157
160	151
160	119
160	20
160	57
160	52
160	135
160	156
160	26
160	65
160	143
160	23
160	38
160	39
160	69
160	137
160	19
160	58
160	139
160	112
160	37
160	116
160	104
160	3
161	158
161	155
161	35
161	73
161	125
161	66
161	86
161	63
161	97
161	17
161	78
161	77
161	119
161	110
161	50
161	8
161	83
161	49
161	74
161	102
161	68
161	26
161	140
161	7
161	10
161	118
161	135
161	9
161	127
161	55
161	56
161	42
161	123
161	31
161	1
161	5
161	14
161	128
161	116
161	104
161	156
161	96
161	108
161	70
161	138
161	117
161	25
161	39
161	109
161	32
161	52
161	139
161	152
161	44
161	94
161	103
161	64
161	107
161	38
161	162
161	13
161	3
161	137
161	69
161	112
161	111
161	34
161	61
161	144
161	80
161	169
161	79
161	18
161	132
161	27
161	33
161	168
161	20
161	51
161	67
161	106
161	136
161	22
161	58
161	89
161	131
161	121
161	133
161	2
161	4
161	72
161	19
161	154
161	12
161	23
161	130
161	100
161	75
161	95
161	142
161	92
161	53
161	90
161	91
161	115
161	93
161	151
161	126
161	88
161	60
161	84
161	114
161	29
161	124
161	16
161	98
161	145
161	113
161	30
161	37
161	166
161	62
161	15
161	76
161	57
161	82
161	40
162	97
162	147
162	40
162	165
162	74
162	56
162	68
162	58
162	123
162	14
162	148
162	52
162	154
162	128
162	93
162	80
162	158
162	155
162	152
162	92
162	99
162	72
162	89
162	122
162	79
162	118
162	67
162	46
162	55
162	96
162	161
162	126
162	43
162	35
162	36
162	16
162	28
162	140
162	69
162	138
162	142
162	133
162	125
162	115
162	153
162	44
162	135
162	33
162	120
163	40
163	142
163	34
163	128
163	50
163	65
163	68
163	97
163	59
163	104
163	155
163	154
163	123
163	20
163	92
163	25
163	112
163	72
163	19
163	43
163	87
163	18
163	127
163	67
163	158
163	138
163	118
163	93
163	57
163	110
163	69
163	5
163	152
163	143
163	77
163	71
163	24
163	39
163	107
163	63
163	35
163	14
163	144
163	3
163	98
163	36
163	89
163	56
163	102
163	85
163	48
163	132
163	96
163	80
163	76
163	106
163	116
163	17
163	156
163	161
163	109
163	42
163	12
163	1
163	46
163	55
163	162
163	115
163	159
163	164
163	13
163	86
163	53
163	6
163	94
163	8
163	84
163	22
163	78
163	119
163	114
163	168
163	146
163	150
163	70
163	23
163	117
163	157
163	91
163	52
163	135
163	149
163	137
163	126
164	6
164	18
164	41
164	134
164	46
164	99
164	35
164	157
164	4
164	25
164	124
164	29
164	1
164	122
164	147
164	146
164	120
164	95
164	123
164	89
164	40
164	61
164	149
164	15
164	58
164	150
164	154
165	71
165	97
165	40
165	98
165	96
165	36
165	92
165	133
165	155
165	154
165	132
165	84
165	153
165	72
165	110
165	39
165	158
165	20
165	89
165	58
165	14
165	135
165	64
165	143
165	79
165	138
165	8
165	68
165	161
165	78
165	87
165	67
165	53
165	128
165	56
165	59
165	55
165	119
165	116
165	42
165	10
165	102
165	123
165	127
165	94
165	76
165	50
165	145
165	100
165	156
165	168
165	107
165	159
165	80
165	169
165	17
165	43
165	147
165	69
165	19
165	111
165	118
165	86
165	108
166	22
166	10
166	116
166	89
166	32
166	107
166	102
166	9
166	68
166	99
166	75
166	135
166	97
166	100
166	69
166	158
166	8
166	109
166	131
166	27
166	72
166	141
166	136
166	4
166	40
166	46
166	14
166	154
166	87
166	20
166	70
166	74
166	113
166	134
166	1
166	144
166	63
166	56
166	137
166	83
166	156
166	132
166	168
166	61
166	49
166	127
166	58
166	95
166	64
166	123
166	128
167	157
167	122
167	85
167	135
167	40
167	14
167	20
167	96
167	127
167	118
167	123
167	77
167	155
167	89
167	35
167	128
167	159
167	99
167	142
167	117
167	97
167	164
167	115
167	126
167	27
167	51
167	72
167	144
167	80
167	56
167	68
167	8
167	132
167	67
167	38
167	158
167	107
167	154
167	148
167	69
167	88
167	168
167	87
167	138
167	98
167	53
167	141
167	24
167	66
167	46
167	116
167	76
167	37
167	55
167	111
167	39
167	50
167	161
167	36
167	133
167	113
167	78
167	58
168	29
168	154
168	100
168	105
168	150
168	120
168	147
168	27
168	158
168	169
168	79
168	77
168	93
168	72
168	6
168	20
168	67
168	89
168	40
168	5
168	46
168	59
168	162
168	69
168	97
168	88
168	50
168	152
168	68
168	161
168	108
168	26
168	44
168	155
169	12
169	44
169	74
169	8
169	127
169	22
169	142
169	55
169	110
169	50
169	94
169	158
169	10
169	23
169	60
169	97
169	102
169	34
169	68
169	125
169	123
169	155
169	72
169	100
169	58
169	112
169	65
169	119
169	111
169	128
169	156
169	32
169	64
169	70
169	3
169	101
169	66
169	79
169	69
169	2
169	138
169	89
169	73
169	130
169	37
169	35
169	144
169	46
169	56
169	86
169	29
169	108
169	77
169	135
169	1
169	61
169	137
169	31
169	104
169	117
169	40
169	19
169	88
169	151
169	145
169	87
169	103
169	107
169	132
169	168
169	143
169	63
169	14
169	83
169	120
169	121
169	133
169	116
169	62
169	38
169	153
