1	23
1	76
1	81
1	92
1	49
1	37
1	15
1	122
1	121
1	63
1	53
1	124
1	52
1	28
1	34
1	44
1	130
1	51
1	96
1	142
1	22
1	94
1	106
1	70
1	129
1	139
1	42
1	50
1	113
1	116
1	88
1	75
1	58
1	64
1	56
1	68
1	57
1	100
1	84
1	98
1	112
1	35
1	87
1	30
1	104
1	118
1	13
1	109
1	89
1	2
1	31
1	46
1	6
1	59
1	74
1	9
1	85
1	61
1	90
1	97
1	38
1	33
1	24
1	107
1	111
1	67
1	73
1	77
1	127
2	46
2	116
2	70
2	24
2	49
2	146
2	129
2	85
2	15
2	96
2	44
2	142
2	137
2	30
2	74
2	11
2	76
2	34
2	97
2	1
2	78
2	38
2	140
2	92
2	94
2	65
2	135
2	111
2	84
2	121
2	123
2	37
2	63
2	28
2	113
2	31
2	88
2	47
2	18
2	42
2	104
2	108
2	13
2	81
2	45
2	130
2	21
2	120
2	40
2	41
2	71
2	73
2	122
2	106
2	66
2	67
2	69
2	82
2	39
2	131
2	90
2	136
2	23
2	100
2	124
2	8
2	139
2	54
2	118
2	27
2	14
2	61
2	128
2	103
2	144
2	115
2	80
2	99
2	9
2	36
3	100
3	121
3	75
3	57
3	49
3	6
3	124
3	15
3	11
3	129
3	136
3	27
3	105
3	70
3	84
3	44
3	31
3	23
3	37
3	71
3	61
3	39
3	42
3	116
3	81
3	76
3	146
3	62
3	106
3	56
3	115
3	52
3	73
3	65
3	111
3	66
3	113
3	9
3	63
3	48
3	45
3	78
3	128
3	142
3	96
3	51
3	122
3	69
3	41
3	79
3	98
3	77
3	13
3	1
3	18
3	80
3	109
3	130
3	99
3	135
3	40
4	49
4	96
4	13
4	70
4	28
4	90
4	116
4	135
4	113
4	63
4	128
4	146
4	122
4	66
4	79
4	115
4	140
4	41
4	65
4	75
4	15
4	21
4	74
4	2
4	69
4	76
4	94
4	31
4	71
4	121
4	34
4	6
4	38
4	1
4	44
4	18
4	142
4	57
4	58
4	81
4	82
4	59
4	45
4	106
4	61
4	17
4	100
4	40
4	42
4	11
4	5
4	110
4	103
4	64
4	129
4	97
4	35
4	139
4	23
4	30
4	48
4	98
4	56
4	8
4	88
4	27
4	120
4	89
4	24
4	12
4	80
4	78
4	51
4	124
4	46
4	53
4	92
4	101
4	67
4	133
4	14
4	105
4	145
4	54
5	42
5	75
5	15
5	105
5	146
5	100
5	37
5	49
5	56
5	44
5	96
5	23
5	113
5	128
5	106
5	40
5	46
5	63
5	27
5	88
5	142
5	118
5	116
5	84
5	13
5	122
5	57
5	135
5	61
5	65
5	47
5	28
5	76
5	129
5	2
5	145
5	67
5	78
5	9
5	120
5	18
5	90
5	31
5	24
5	124
5	115
5	53
5	111
5	1
5	68
5	130
5	123
5	144
5	21
5	121
5	11
5	71
5	51
5	147
5	34
5	103
5	41
5	80
5	48
5	119
5	140
5	35
5	127
5	81
5	70
5	62
5	126
5	74
5	64
5	38
5	139
5	85
5	12
5	79
5	89
5	69
5	30
5	101
6	31
6	79
6	24
6	89
6	49
6	139
6	42
6	85
6	69
6	18
6	21
6	44
6	84
6	137
6	34
6	120
6	116
6	142
6	45
6	129
6	141
6	76
6	38
6	122
6	65
6	46
6	50
6	37
6	135
6	70
6	111
6	39
6	13
6	96
6	63
6	77
6	52
6	140
6	108
6	74
6	15
6	10
6	75
6	121
6	57
6	118
6	94
6	51
6	58
6	66
6	80
6	23
6	73
6	113
6	101
6	41
6	61
6	33
6	1
6	99
6	67
6	12
6	124
6	28
6	47
6	81
6	123
6	136
6	2
6	11
6	110
6	106
6	14
6	40
6	92
6	127
6	59
6	86
6	107
7	34
7	116
7	70
7	6
7	85
7	23
7	114
7	94
7	129
7	113
7	15
7	130
7	122
7	76
7	49
7	9
7	139
7	28
7	65
7	1
7	117
7	104
7	62
7	142
7	64
7	8
7	108
7	141
7	52
7	120
7	93
7	96
7	63
7	33
7	2
7	46
7	143
7	18
7	57
7	124
7	66
7	118
7	137
7	97
7	13
7	75
7	99
7	131
7	138
7	44
7	31
7	54
7	59
7	38
7	121
7	115
7	106
7	69
7	90
7	103
7	147
7	98
7	45
7	67
7	144
7	112
7	73
8	65
8	56
8	120
8	15
8	61
8	62
8	57
8	88
8	125
8	75
8	147
8	99
8	63
8	31
8	106
8	41
8	34
8	141
8	87
8	84
8	28
8	9
8	144
8	3
8	138
8	33
8	52
8	30
8	38
8	100
8	76
8	116
8	22
8	54
8	23
8	16
8	29
8	115
8	79
8	49
8	90
8	96
8	40
8	1
8	118
8	2
8	68
8	18
8	44
8	139
8	46
8	112
8	70
8	5
8	113
8	85
8	103
8	10
8	37
8	121
8	129
8	71
8	130
8	45
8	24
8	6
8	13
8	48
8	140
8	47
8	59
8	78
8	122
8	142
8	124
8	86
8	105
8	93
8	107
8	101
8	111
8	66
8	27
8	67
8	73
8	89
9	120
9	76
9	49
9	53
9	100
9	106
9	75
9	34
9	59
9	96
9	105
9	44
9	116
9	35
9	127
9	70
9	129
9	118
9	90
9	113
9	58
9	112
9	37
9	63
9	13
9	124
9	42
9	84
9	56
9	125
9	57
9	92
9	99
9	145
9	111
9	16
9	87
9	66
9	121
9	15
9	41
9	61
9	40
9	50
9	69
9	18
9	71
9	135
9	138
9	23
9	3
9	122
9	78
9	45
9	94
9	81
9	128
9	119
9	115
9	142
9	65
9	95
9	130
9	89
9	144
9	73
9	62
9	140
9	68
9	1
9	126
9	11
9	139
9	54
9	8
9	98
9	39
9	27
9	86
9	46
9	74
9	21
9	123
9	85
9	103
9	108
9	43
9	31
9	5
9	80
9	77
9	47
9	29
9	67
9	38
9	88
9	30
9	97
9	17
9	2
9	117
9	93
9	101
9	51
9	147
9	28
9	52
9	79
9	6
9	82
9	24
9	7
9	12
9	136
9	22
9	19
9	14
9	146
9	33
9	104
9	143
9	107
9	102
9	48
9	141
10	49
10	70
10	9
10	61
10	55
10	42
10	6
10	86
10	8
10	105
10	116
10	27
10	5
10	28
10	135
10	57
10	115
10	56
10	44
10	38
10	100
10	104
10	75
10	18
10	64
10	17
10	84
10	142
10	13
10	23
10	118
10	96
10	15
10	65
10	129
10	78
10	133
10	103
10	76
10	108
10	139
10	106
10	113
10	11
10	124
10	58
10	66
10	53
10	41
10	122
10	145
10	127
10	90
10	39
10	45
10	71
10	81
10	63
10	35
10	19
10	109
10	62
10	40
10	128
11	1
11	115
11	36
11	91
11	139
11	121
11	26
11	48
11	97
11	57
11	82
11	61
11	49
11	54
11	88
11	31
11	112
11	131
11	95
11	35
11	16
11	34
11	52
11	5
11	133
11	87
11	138
11	42
11	96
11	63
11	134
11	106
11	67
11	99
11	125
11	62
11	123
11	80
11	13
11	43
11	23
11	56
11	75
12	13
12	54
12	34
12	139
12	30
12	63
12	44
12	75
12	49
12	23
12	1
12	76
12	79
12	11
12	9
12	65
12	15
12	96
12	115
12	138
12	64
12	116
12	135
12	60
12	57
12	52
12	70
12	133
12	114
12	59
12	122
12	94
12	31
12	81
12	10
12	123
12	89
12	118
12	2
12	74
12	61
12	24
12	33
12	62
12	69
12	120
12	51
12	121
12	28
12	46
12	112
12	47
12	93
12	92
12	99
12	6
12	101
12	90
12	38
12	22
12	78
12	140
12	106
12	141
12	128
12	14
12	147
12	131
12	108
12	45
12	37
12	117
12	129
12	84
12	68
12	29
12	136
12	142
12	130
12	98
12	71
13	15
13	70
13	88
13	75
13	49
13	38
13	113
13	53
13	31
13	120
13	92
13	105
13	65
13	142
13	84
13	6
13	44
13	100
13	135
13	57
13	123
13	51
13	115
13	46
13	30
13	129
13	47
13	76
13	79
13	24
13	106
13	28
13	62
13	45
13	18
13	2
13	122
13	59
13	1
13	138
13	136
13	140
13	89
13	124
13	130
13	96
13	73
13	78
13	23
13	3
13	139
13	66
13	119
13	8
13	95
13	52
13	67
13	82
13	61
13	109
13	22
13	54
13	48
13	56
13	90
13	7
13	69
13	42
13	141
13	99
13	63
13	11
13	97
13	98
13	64
13	27
13	147
13	41
13	71
13	111
13	33
13	39
13	137
13	114
13	118
13	5
13	16
13	131
13	37
13	40
13	34
13	20
13	104
13	87
13	21
13	134
13	112
13	94
13	81
13	9
13	17
13	77
13	86
13	133
13	14
13	128
13	29
13	58
13	144
13	107
13	101
13	102
14	81
14	15
14	49
14	63
14	11
14	129
14	116
14	113
14	70
14	76
14	57
14	101
14	65
14	28
14	40
14	8
14	83
14	73
14	99
14	98
14	88
14	122
14	139
14	96
14	27
14	34
14	114
14	75
14	31
14	51
14	46
14	87
14	124
14	136
14	144
14	21
14	94
14	93
14	107
14	100
14	44
14	90
15	61
15	57
15	82
15	42
15	115
15	54
15	36
15	33
15	49
15	23
15	9
15	75
15	91
15	97
15	28
15	39
15	88
15	1
15	99
15	16
15	76
15	125
15	108
15	131
15	119
15	63
15	65
15	50
15	35
15	133
15	116
15	52
15	26
15	121
15	113
15	127
15	30
15	94
15	48
15	124
15	138
15	87
15	134
15	120
15	79
15	5
15	58
15	25
15	71
15	96
15	67
15	10
15	117
15	106
15	22
15	143
15	93
15	112
15	4
15	47
15	29
15	68
15	139
15	40
15	31
15	77
15	114
15	70
15	41
15	130
15	38
15	122
15	101
15	142
15	141
15	100
15	55
15	19
15	90
15	62
15	123
15	107
15	136
15	45
15	147
15	13
15	111
15	78
15	102
15	53
15	59
15	44
15	8
15	80
16	65
16	106
16	49
16	75
16	15
16	84
16	56
16	147
16	35
16	66
16	63
16	100
16	53
16	116
16	135
16	129
16	104
16	18
16	76
16	6
16	121
16	44
16	113
16	73
16	105
16	40
16	68
16	59
16	13
16	70
16	37
16	146
16	115
16	61
16	41
16	139
16	34
16	31
16	23
16	122
16	142
16	58
16	45
16	17
16	42
16	89
16	50
16	96
16	54
16	22
16	64
16	103
16	2
16	128
16	14
16	111
16	137
16	57
16	7
16	71
16	1
16	21
16	3
16	81
16	119
16	97
16	86
16	48
16	127
16	138
16	52
16	98
16	8
16	94
16	27
16	120
16	80
16	112
16	90
16	39
16	85
16	124
16	130
16	109
16	79
16	140
16	38
16	5
16	47
16	9
16	51
16	118
16	88
16	145
16	110
16	62
16	46
16	101
16	20
16	141
16	69
16	92
17	47
17	111
17	78
17	139
17	15
17	65
17	63
17	9
17	49
17	122
17	94
17	37
17	51
17	142
17	121
17	84
17	76
17	70
17	1
17	120
17	57
17	11
17	29
17	28
17	33
17	96
17	21
17	34
17	129
17	106
17	98
17	62
17	38
17	116
17	39
17	140
17	119
17	147
17	113
17	115
17	127
18	53
18	44
18	15
18	62
18	2
18	111
18	115
18	75
18	84
18	6
18	76
18	56
18	135
18	45
18	61
18	139
18	31
18	109
18	70
18	106
18	79
18	140
18	57
18	30
18	98
18	89
18	81
18	38
18	65
18	147
18	125
18	105
18	47
18	88
18	94
18	137
18	24
18	14
18	83
18	120
18	37
18	28
18	34
18	123
18	52
18	118
18	39
18	71
18	3
18	129
18	141
18	90
18	138
18	59
18	78
18	16
18	124
18	63
18	54
18	51
18	49
18	21
18	100
18	113
18	8
18	92
18	95
18	99
18	133
18	5
18	48
18	33
18	142
18	1
18	119
18	29
18	136
18	46
18	69
18	87
18	114
18	112
18	22
18	127
18	116
18	67
18	23
18	82
18	40
18	107
18	144
18	77
18	73
18	11
18	9
18	101
18	102
18	86
18	68
19	79
19	44
19	76
19	116
19	2
19	96
19	69
19	51
19	49
19	139
19	92
19	75
19	65
19	42
19	142
19	8
19	86
19	24
19	122
19	135
19	89
19	125
19	109
19	106
19	90
19	63
19	70
19	100
19	15
19	47
19	50
19	121
19	17
19	98
19	45
19	35
19	56
19	129
19	80
19	6
19	31
19	130
19	13
19	99
19	141
19	11
19	3
19	21
19	34
19	105
19	84
19	94
19	128
19	16
19	46
19	81
19	1
19	5
19	118
19	9
19	18
19	103
19	123
19	113
19	85
19	124
19	28
19	66
19	108
19	146
19	23
19	68
19	40
19	147
19	27
19	39
19	57
19	37
19	77
19	38
19	111
19	74
19	10
19	93
19	101
19	132
19	71
19	41
19	29
19	59
19	119
19	140
19	73
19	58
19	126
19	82
19	137
19	88
19	60
20	42
20	100
20	65
20	113
20	141
20	78
20	49
20	145
20	76
20	116
20	56
20	84
20	75
20	87
20	14
20	61
20	24
20	63
20	3
20	109
20	31
20	15
20	129
20	6
20	122
20	115
20	21
20	70
20	138
20	90
20	79
20	13
20	52
20	69
20	111
20	38
20	106
20	1
20	131
20	140
20	94
20	41
20	66
20	34
20	120
20	51
20	44
20	80
20	71
20	81
20	27
20	96
20	18
20	33
20	5
20	118
20	93
20	139
20	123
20	124
20	47
20	97
20	130
20	53
20	7
20	57
20	37
20	2
20	135
20	58
20	112
20	62
20	59
20	16
20	101
20	89
20	99
20	128
20	46
20	17
20	82
20	54
20	137
20	30
20	142
20	119
20	74
20	121
20	88
20	107
20	67
20	105
20	29
20	28
20	45
20	48
20	9
21	64
21	133
21	9
21	75
21	25
21	4
21	70
21	61
21	10
21	145
21	49
21	42
21	76
21	63
21	13
21	101
22	75
22	116
22	100
22	135
22	139
22	40
22	42
22	24
22	49
22	90
22	31
22	103
22	6
22	13
22	76
22	142
22	47
22	105
22	86
22	15
22	79
22	63
22	41
22	129
22	61
22	122
22	52
22	30
22	44
22	77
22	106
22	35
22	70
22	141
22	127
22	109
22	65
22	38
22	2
22	45
22	81
22	59
22	78
22	113
22	46
22	71
22	80
22	18
22	104
22	57
22	123
22	111
22	96
22	128
22	48
22	94
22	101
22	5
22	56
22	11
22	9
22	98
22	14
22	121
22	58
22	82
22	54
22	66
22	27
22	1
22	124
22	37
22	84
22	93
22	118
22	23
22	67
22	138
22	140
22	34
22	21
22	147
22	28
22	120
22	89
22	29
22	112
22	130
22	43
23	30
23	100
23	135
23	84
23	106
23	109
23	15
23	28
23	105
23	49
23	38
23	47
23	56
23	90
23	111
23	31
23	75
23	140
23	79
23	141
23	78
23	89
23	116
23	44
23	71
23	53
23	24
23	37
23	59
23	95
23	76
23	29
23	115
23	108
23	117
23	101
23	54
23	63
23	65
23	7
23	1
23	16
23	138
23	52
23	139
23	121
23	131
23	14
23	2
23	8
23	21
23	18
23	17
23	143
23	46
23	19
23	6
23	146
23	129
23	33
23	120
23	69
23	118
23	10
23	142
23	134
23	70
23	57
23	88
23	48
23	34
23	144
23	39
23	45
23	58
23	87
23	73
23	40
23	122
23	13
23	61
23	96
24	90
24	31
24	59
24	75
24	49
24	38
24	139
24	116
24	89
24	84
24	79
24	18
24	63
24	70
24	9
24	129
24	146
24	122
24	13
24	28
24	96
24	15
24	65
24	7
24	114
24	74
24	73
24	100
24	87
24	121
24	32
24	44
24	120
24	76
24	142
24	98
24	2
24	113
24	134
24	99
24	41
24	97
24	43
24	135
24	45
24	27
24	133
24	92
24	81
24	51
24	66
24	104
24	137
24	138
24	1
24	57
24	17
24	61
24	6
25	88
25	49
25	103
25	15
25	122
25	90
25	100
25	27
25	34
25	135
25	42
25	13
25	125
25	63
25	75
25	93
25	24
25	105
25	6
25	50
25	45
25	47
25	129
25	70
25	106
25	81
25	109
25	76
25	38
25	71
25	44
25	21
25	69
25	79
25	101
25	59
25	133
25	40
25	23
25	141
25	37
25	120
25	66
25	31
25	116
25	51
25	146
25	96
25	94
25	2
25	113
25	1
25	139
25	142
25	86
25	74
25	128
25	92
25	84
25	68
25	85
25	89
25	8
25	65
25	33
25	41
25	98
25	61
25	99
25	30
25	121
25	56
25	11
25	18
25	77
25	67
25	57
25	124
25	12
25	39
25	73
25	14
25	111
25	80
25	115
25	110
26	88
26	49
26	24
26	45
26	47
26	117
26	18
26	94
26	76
26	31
26	116
26	13
26	30
26	70
26	11
26	15
26	103
26	57
26	122
26	121
26	41
26	129
26	109
26	2
26	6
26	66
26	42
26	113
26	40
26	65
26	28
26	96
26	123
26	1
26	34
26	78
26	56
26	145
26	44
26	111
26	137
26	63
26	27
26	38
26	142
26	139
26	146
26	124
26	93
26	71
26	99
26	105
26	74
26	97
26	100
26	80
26	106
26	67
26	23
26	138
26	112
26	98
26	141
26	81
26	8
26	73
26	29
26	77
26	17
26	43
26	14
26	135
26	140
26	89
26	12
26	52
26	90
26	101
26	84
26	36
26	59
26	115
26	92
26	62
26	75
26	39
26	64
26	119
26	128
26	110
26	147
26	79
26	130
26	58
26	53
26	9
27	18
27	15
27	35
27	79
27	66
27	6
27	63
27	61
27	140
27	65
27	137
27	69
27	30
27	54
27	24
27	119
27	111
27	23
27	49
27	84
27	59
27	99
27	48
27	78
27	89
27	141
27	34
27	42
27	41
27	75
27	39
27	31
27	2
27	37
27	76
27	70
27	82
27	133
27	123
27	115
27	57
27	62
27	118
27	121
27	38
27	96
27	100
27	142
27	110
27	112
27	113
27	73
27	129
27	124
27	122
27	74
27	139
27	135
27	106
27	44
27	120
27	14
27	21
27	95
27	130
27	138
27	46
27	101
27	88
27	52
27	97
27	22
27	105
27	81
27	51
28	131
28	32
28	7
28	72
28	63
28	86
28	108
28	79
28	143
28	30
28	135
28	89
28	105
28	76
28	15
28	120
28	147
28	53
28	116
28	68
28	49
28	126
28	75
28	56
28	96
28	70
28	12
28	139
28	106
28	129
28	121
28	17
28	146
28	112
28	93
28	109
28	34
28	101
28	98
28	18
28	2
28	114
28	14
28	128
28	41
28	94
29	9
29	19
29	49
29	42
29	100
29	83
29	64
29	84
29	143
29	99
29	24
29	2
29	76
29	15
29	44
29	135
29	129
29	59
29	63
29	55
29	116
29	75
29	133
29	46
29	71
29	69
29	111
29	95
29	61
29	40
29	96
29	47
29	18
29	78
29	79
29	50
29	57
29	121
29	66
29	17
29	1
29	21
29	90
29	89
29	122
30	126
30	9
30	129
30	72
30	15
30	116
30	2
30	32
30	100
30	49
30	93
30	115
30	63
30	34
30	64
30	76
30	144
30	61
30	28
30	94
30	7
30	139
30	133
30	42
30	44
30	37
30	27
30	66
30	75
30	50
30	56
30	111
30	96
30	88
30	60
30	10
30	122
30	70
30	114
30	101
30	18
30	23
30	31
30	71
30	12
30	87
30	135
30	13
30	85
30	17
30	121
30	137
30	142
30	92
31	7
31	28
31	76
31	49
31	96
31	18
31	142
31	12
31	32
31	116
31	122
31	101
31	35
31	106
31	58
31	24
31	13
31	95
31	33
31	78
31	70
31	66
31	124
31	121
31	27
31	45
31	34
31	90
31	61
31	139
31	54
31	6
31	15
31	37
31	81
31	59
31	141
31	138
31	47
31	65
31	69
31	79
31	42
31	94
31	21
31	135
31	51
31	41
31	44
31	1
31	115
31	85
31	80
31	63
31	71
31	128
31	11
31	57
31	52
31	112
31	111
31	84
31	92
31	137
31	98
31	129
31	56
31	97
31	130
31	73
31	104
31	2
31	22
31	43
31	113
31	40
31	75
31	109
31	93
31	86
31	23
31	64
31	48
31	120
31	29
31	67
31	99
31	102
31	89
31	127
31	103
31	46
31	82
32	122
32	108
32	63
32	15
32	139
32	75
32	49
32	21
32	147
32	34
32	124
32	98
32	28
32	96
32	126
32	120
32	97
32	125
32	8
32	16
32	94
32	142
32	30
32	131
32	11
32	6
32	129
32	104
32	113
32	76
32	70
32	116
32	58
32	52
32	128
32	136
32	81
32	85
32	54
32	13
32	1
32	65
32	31
32	72
32	41
32	92
32	36
32	119
32	118
32	67
32	93
32	90
32	57
32	38
32	117
32	33
32	23
32	112
32	51
32	138
32	29
32	59
32	130
32	101
32	12
32	45
32	2
32	40
32	64
32	42
32	71
32	88
32	99
32	133
32	82
32	127
32	61
32	106
32	77
32	80
32	44
32	134
32	123
32	114
33	9
33	25
33	63
33	49
33	142
33	57
33	116
33	4
33	133
33	122
33	38
33	84
33	85
33	61
33	15
33	46
33	66
33	18
33	10
33	44
33	40
33	75
33	128
33	70
33	13
33	56
33	71
33	99
33	37
33	47
33	45
33	76
33	138
33	98
33	129
33	73
33	28
33	42
33	121
33	135
33	139
33	89
33	41
33	124
33	24
33	106
33	51
33	96
33	140
33	113
33	94
33	6
33	102
33	79
33	43
34	63
34	36
34	131
34	129
34	143
34	121
34	60
34	104
34	42
34	15
34	120
34	49
34	75
34	66
34	96
34	37
34	108
34	98
34	116
34	122
34	70
34	124
34	90
34	142
34	76
34	99
34	111
34	77
34	107
34	28
34	80
34	58
35	89
35	116
35	106
35	56
35	37
35	49
35	53
35	100
35	44
35	84
35	24
35	140
35	76
35	111
35	59
35	47
35	139
35	141
35	79
35	75
35	28
35	40
35	46
35	129
35	54
35	113
35	90
35	38
35	65
35	70
35	30
35	2
35	94
35	61
35	105
35	144
35	15
35	120
35	96
35	63
35	5
35	43
35	109
35	138
35	48
35	41
35	122
35	142
35	110
35	118
35	135
35	78
35	45
35	1
35	137
35	69
35	58
35	112
35	99
35	73
35	130
35	57
36	113
36	122
36	70
36	49
36	44
36	65
36	96
36	142
36	111
36	15
36	13
36	76
36	71
36	42
36	90
36	100
36	62
36	116
36	17
36	46
36	106
36	66
36	146
36	58
36	139
36	64
36	68
36	93
36	63
36	32
36	75
36	109
36	81
36	69
36	138
36	105
36	131
36	143
36	28
36	45
36	73
36	27
36	80
36	129
36	98
36	29
36	37
36	79
36	135
36	121
36	89
36	34
36	67
36	124
36	40
36	85
36	84
36	127
36	6
36	50
36	20
36	103
36	86
36	38
36	112
36	1
36	24
36	23
37	75
37	79
37	105
37	56
37	53
37	92
37	15
37	30
37	31
37	63
37	28
37	139
37	9
37	135
37	96
37	90
37	47
37	114
37	59
37	116
37	137
37	41
37	67
37	27
37	129
37	6
37	34
37	49
37	119
37	45
37	124
37	76
37	44
37	121
37	122
37	17
37	48
37	100
37	141
37	23
37	8
37	5
37	147
37	85
37	65
37	146
37	86
37	118
37	142
37	7
37	113
37	33
37	68
37	138
37	101
37	40
37	14
37	1
37	95
37	61
37	10
37	57
37	89
37	66
37	74
37	39
37	106
37	109
37	133
37	12
37	18
37	70
37	81
38	76
38	30
38	79
38	31
38	59
38	18
38	63
38	129
38	146
38	15
38	90
38	122
38	121
38	49
38	75
38	96
38	116
38	45
38	34
38	39
38	84
38	81
38	28
38	145
38	9
38	13
38	70
38	74
38	64
38	142
38	40
38	7
38	51
38	44
38	21
38	65
38	2
38	77
38	113
38	137
38	123
38	5
38	36
38	56
38	71
38	32
38	23
38	108
38	11
38	6
38	52
38	42
38	106
38	66
38	41
38	101
38	37
38	94
38	17
38	88
38	47
39	116
39	4
39	111
39	61
39	9
39	56
39	96
39	25
39	49
39	76
39	63
39	86
39	94
39	15
39	84
39	106
39	11
39	64
39	105
39	21
39	129
39	70
39	38
39	81
39	122
39	121
39	133
39	69
39	137
39	42
39	10
39	75
39	124
39	51
39	44
39	82
39	90
39	34
39	37
39	71
39	29
39	40
39	135
39	100
39	57
39	141
39	19
40	36
40	61
40	88
40	99
40	65
40	26
40	48
40	31
40	147
40	91
40	57
40	62
40	35
40	139
40	52
40	43
40	34
40	39
40	75
40	82
40	42
40	71
40	16
40	63
40	49
40	112
40	129
40	23
40	115
40	73
40	1
40	120
40	97
40	5
40	87
40	118
40	138
40	15
40	131
40	76
40	143
40	116
40	66
40	29
40	67
40	30
40	3
40	144
40	125
40	102
40	135
40	107
41	56
41	75
41	53
41	31
41	105
41	38
41	100
41	84
41	79
41	125
41	46
41	37
41	106
41	30
41	59
41	78
41	69
41	63
41	76
41	44
41	49
41	90
41	141
41	24
41	52
41	109
41	116
41	135
41	89
41	140
41	73
41	139
41	34
41	88
41	111
41	2
41	96
41	146
41	65
41	1
41	123
41	99
41	48
41	16
41	17
41	144
41	33
41	29
41	112
41	57
41	94
41	118
41	10
41	61
41	101
41	15
41	14
41	120
41	47
41	138
41	74
41	6
41	81
41	110
41	28
41	55
41	115
41	97
41	70
41	9
41	62
41	122
41	113
41	45
41	27
41	137
41	142
41	95
41	92
41	19
42	106
42	7
42	135
42	109
42	139
42	111
42	116
42	105
42	47
42	49
42	44
42	75
42	90
42	140
42	84
42	38
42	24
42	89
42	53
42	30
42	14
42	50
42	100
42	79
42	63
42	37
42	78
42	46
42	141
42	56
42	17
42	129
42	59
42	69
42	57
42	130
42	65
42	21
42	94
42	70
42	3
42	28
42	39
42	52
42	118
42	76
42	145
42	124
42	61
42	147
42	92
42	120
42	31
42	36
42	18
42	40
42	146
42	27
42	73
42	134
42	137
42	115
42	110
42	15
42	2
42	101
42	6
42	1
42	122
42	138
42	41
42	45
42	113
42	142
42	48
42	108
43	96
43	15
43	11
43	39
43	103
43	49
43	8
43	61
43	63
43	76
43	71
43	35
43	56
43	113
43	144
43	116
43	70
43	68
43	42
43	81
43	59
43	106
43	122
43	100
43	84
43	129
43	75
43	138
43	98
43	37
43	88
43	53
43	5
43	121
43	40
43	24
43	30
43	145
43	110
43	28
43	112
43	135
43	142
43	36
43	94
43	140
43	18
43	44
43	124
43	13
43	78
43	104
43	123
43	1
43	73
43	80
43	62
43	89
44	105
44	135
44	100
44	37
44	141
44	84
44	140
44	111
44	90
44	89
44	31
44	106
44	49
44	47
44	68
44	38
44	57
44	7
44	28
44	56
44	74
44	24
44	65
44	42
44	78
44	34
44	59
44	6
44	124
44	76
44	121
44	80
44	53
44	113
44	30
44	116
44	8
44	41
44	114
44	146
44	139
44	1
44	73
44	32
44	137
44	63
44	70
44	2
44	17
44	142
44	96
44	51
44	13
44	94
44	48
44	39
44	14
44	12
44	18
44	123
44	122
44	15
44	21
44	120
44	101
44	36
44	81
44	93
44	129
44	143
44	112
44	95
44	75
44	108
44	23
44	98
44	66
44	138
44	62
44	69
44	67
44	128
44	40
44	115
44	9
44	29
44	109
44	99
45	90
45	79
45	15
45	44
45	31
45	65
45	38
45	84
45	125
45	47
45	24
45	14
45	37
45	141
45	135
45	111
45	106
45	28
45	89
45	34
45	120
45	75
45	105
45	139
45	7
45	147
45	59
45	69
45	100
45	76
45	109
45	62
45	52
45	46
45	96
45	49
45	99
45	88
45	144
45	94
45	138
45	82
45	63
45	30
45	140
45	57
45	33
45	78
45	70
45	51
45	22
45	40
45	1
45	39
45	118
45	6
45	116
45	17
45	112
45	56
45	2
45	3
45	58
45	137
45	123
45	61
45	104
45	5
45	121
45	23
45	73
45	8
45	29
45	102
45	115
45	48
45	71
45	124
45	101
46	90
46	31
46	105
46	124
46	53
46	13
46	14
46	89
46	17
46	146
46	76
46	61
46	112
46	135
46	122
46	49
46	59
46	7
46	100
46	109
46	15
46	56
46	101
46	129
46	73
46	96
46	48
46	70
46	54
46	6
46	71
46	116
46	81
47	75
47	30
47	106
47	68
47	111
47	137
47	34
47	139
47	31
47	38
47	116
47	45
47	100
47	70
47	84
47	28
47	90
47	23
47	105
47	63
47	121
47	37
47	76
47	49
47	135
47	79
47	41
47	59
47	56
47	52
47	18
47	96
47	65
47	122
47	146
47	2
47	11
47	86
47	142
47	39
47	115
47	17
47	74
47	14
47	73
47	42
47	33
47	53
47	12
47	101
47	89
47	32
47	129
47	71
47	77
48	122
48	113
48	44
48	15
48	13
48	49
48	85
48	80
48	125
48	31
48	54
48	76
48	116
48	106
48	62
48	75
48	34
48	138
48	84
48	78
48	79
48	2
48	140
48	17
48	38
48	139
48	41
48	65
48	35
48	137
48	63
48	96
48	23
48	18
48	37
48	27
48	56
48	67
48	70
48	129
48	45
48	121
48	118
48	112
48	66
48	147
48	135
48	93
48	89
48	52
48	6
48	97
48	142
48	21
48	42
48	40
48	57
48	74
48	8
48	90
48	1
48	94
48	11
48	16
48	119
48	141
48	123
48	111
48	100
48	108
48	98
48	28
48	73
48	109
48	12
48	124
48	103
48	81
48	114
48	120
48	69
49	29
49	75
49	120
49	145
49	88
49	124
49	116
49	35
49	99
49	115
49	63
49	11
49	42
49	27
49	15
49	139
49	94
49	44
49	62
49	106
49	111
49	100
49	37
49	76
49	18
49	57
49	56
49	84
49	47
49	65
49	79
49	2
49	30
49	70
49	129
49	119
49	96
49	34
49	9
49	130
49	113
49	71
49	98
49	133
49	126
49	31
49	138
49	23
49	109
49	6
49	22
49	66
49	28
49	38
49	92
49	61
49	97
49	1
49	91
49	127
49	118
49	21
49	146
49	77
49	39
49	90
49	95
49	104
49	69
49	123
49	108
49	45
49	141
49	137
49	103
49	135
49	110
49	140
49	122
49	73
49	142
49	125
49	78
49	24
49	147
49	41
49	105
49	16
49	87
49	114
49	10
49	48
49	136
49	121
49	89
49	54
49	52
49	46
49	40
49	67
49	3
49	8
49	81
49	82
49	59
49	112
49	131
49	33
49	144
49	134
49	14
49	128
49	51
49	101
49	4
49	7
49	53
49	143
49	86
49	43
49	5
49	13
49	17
49	68
49	117
49	64
49	25
49	50
49	32
49	74
49	132
49	93
49	107
49	20
49	83
49	102
49	26
49	12
49	58
50	57
50	31
50	119
50	37
50	76
50	56
50	6
50	75
50	144
50	9
50	39
50	45
50	71
50	73
50	67
50	3
50	115
50	15
50	23
50	129
50	41
50	1
50	122
50	70
50	128
50	2
50	63
50	125
50	139
50	5
50	61
50	123
50	96
50	97
50	112
50	48
50	118
50	17
50	87
50	142
50	99
50	33
50	137
50	116
50	34
50	113
50	44
50	133
50	40
50	107
50	62
50	100
50	42
50	35
50	102
51	63
51	44
51	18
51	70
51	108
51	96
51	23
51	116
51	122
51	15
51	3
51	139
51	41
51	58
51	73
51	113
51	146
51	2
51	65
51	62
51	124
51	49
51	54
51	34
51	8
51	144
51	9
51	64
51	1
51	97
51	43
51	76
51	6
51	143
51	45
51	112
51	57
51	142
51	133
51	120
51	39
51	129
51	21
51	61
51	119
51	106
51	27
51	128
51	75
51	101
51	147
51	93
51	103
51	29
51	88
51	40
51	71
51	66
51	81
51	135
52	55
52	19
52	75
52	70
52	100
52	9
52	95
52	63
52	83
52	116
52	122
52	42
52	49
52	76
52	90
52	136
52	14
52	43
52	15
52	41
52	44
52	105
52	77
52	142
52	106
52	64
52	96
52	124
52	129
52	56
52	13
52	135
52	111
52	61
52	104
52	81
52	84
52	138
52	69
52	35
52	21
52	1
52	40
52	133
52	6
52	94
52	46
52	99
52	74
52	47
52	73
52	98
52	58
53	129
53	76
53	96
53	8
53	124
53	122
53	142
53	15
53	1
53	81
53	49
53	63
53	98
53	41
53	85
53	104
53	139
53	28
53	43
53	34
53	92
53	56
53	48
53	115
53	112
53	70
53	116
53	93
53	30
53	127
53	61
53	121
53	3
53	138
53	40
53	37
54	22
54	129
54	15
54	4
54	76
54	71
54	40
54	81
54	63
54	25
54	49
54	20
54	141
54	135
54	9
54	116
54	13
54	75
54	133
54	100
54	70
54	6
54	124
54	106
54	1
54	56
54	90
54	96
54	73
54	77
54	122
54	86
54	42
54	105
54	113
54	66
54	61
54	98
54	11
54	41
54	44
54	121
54	64
54	128
54	37
54	31
54	59
54	78
54	10
54	2
54	139
54	101
54	53
55	111
55	49
55	105
55	99
55	75
55	6
55	76
55	81
55	100
55	96
55	42
55	125
55	66
55	13
55	65
55	122
55	40
55	8
55	116
55	16
55	45
55	109
55	84
55	24
55	113
55	89
55	44
55	34
55	27
55	126
55	3
55	1
55	52
55	15
55	106
55	58
55	68
55	117
55	139
55	128
55	62
55	135
55	94
55	64
55	63
55	70
55	98
55	129
55	121
55	146
55	147
55	78
55	7
55	5
55	69
55	56
55	23
55	93
55	41
55	118
55	9
55	31
55	28
55	61
55	73
55	88
55	123
55	57
55	138
55	46
55	90
55	12
55	142
55	67
55	71
55	37
55	80
55	48
55	59
55	11
55	18
55	107
55	120
55	110
55	53
56	15
56	126
56	92
56	72
56	28
56	60
56	116
56	49
56	11
56	76
56	96
56	63
56	51
56	61
56	124
56	141
56	129
56	115
56	71
56	139
56	114
56	100
56	122
56	117
56	93
56	73
56	89
56	34
56	138
56	66
56	70
56	94
56	142
56	54
56	23
56	104
56	144
56	107
56	21
56	18
56	29
56	33
57	116
57	75
57	49
57	122
57	90
57	15
57	30
57	76
57	139
57	84
57	135
57	56
57	118
57	105
57	34
57	120
57	41
57	59
57	18
57	92
57	140
57	115
57	1
57	47
57	37
57	100
57	65
57	96
57	44
57	71
57	14
57	113
57	69
57	79
57	16
57	13
57	68
57	111
57	29
57	129
57	109
57	53
57	106
57	7
57	21
57	42
57	142
57	80
57	98
57	141
57	81
57	94
57	58
57	124
57	64
57	63
57	66
57	73
57	6
57	61
57	78
57	38
57	46
57	45
57	101
57	85
57	70
57	9
57	123
57	110
57	121
57	103
57	23
57	93
57	27
57	136
57	108
57	24
57	5
57	52
57	2
57	138
57	17
57	39
57	104
57	50
57	97
57	89
57	43
57	11
57	130
57	67
57	145
57	146
57	48
57	128
57	144
57	31
57	28
57	8
57	137
57	99
57	125
57	51
57	107
57	35
57	88
57	20
57	40
57	112
57	33
57	119
58	49
58	44
58	129
58	63
58	23
58	142
58	96
58	34
58	116
58	36
58	15
58	76
58	69
58	139
58	45
58	41
58	90
58	70
58	108
58	122
58	35
58	28
58	75
58	135
58	127
58	106
58	42
58	123
58	143
58	46
58	131
58	113
58	136
58	100
58	109
58	11
58	67
58	38
58	30
58	2
58	20
58	18
58	21
58	27
58	77
58	66
58	144
58	40
58	93
58	92
58	73
58	130
58	140
58	86
58	99
58	51
58	79
58	98
58	62
59	7
59	32
59	28
59	101
59	12
59	31
59	116
59	49
59	104
59	15
59	97
59	122
59	40
59	76
59	45
59	106
59	139
59	41
59	63
59	46
59	142
59	92
59	96
59	129
59	70
59	8
59	141
59	69
60	140
60	44
60	10
60	74
60	27
60	61
60	57
60	104
60	9
60	88
60	6
60	65
60	89
60	56
60	116
60	135
60	79
60	49
60	28
60	15
60	125
60	142
60	106
60	23
60	48
60	62
60	129
60	64
60	31
60	67
60	34
60	81
60	130
60	3
60	113
60	96
60	68
60	87
60	17
60	66
60	53
60	77
60	45
60	78
60	37
60	8
60	47
60	139
60	75
60	12
60	85
60	41
60	122
60	76
60	38
60	94
60	52
60	108
60	2
60	114
60	124
60	144
60	105
60	128
60	73
60	63
60	112
60	71
60	59
60	107
60	99
60	84
60	40
60	70
60	24
60	118
60	29
60	100
60	141
60	18
60	147
60	30
60	136
60	137
60	103
61	49
61	113
61	116
61	120
61	42
61	22
61	75
61	100
61	106
61	56
61	89
61	144
61	92
61	84
61	80
61	71
61	129
61	108
61	15
61	57
61	13
61	122
61	96
61	53
61	111
61	99
61	18
61	48
61	95
61	138
61	27
61	59
61	76
61	44
61	135
61	43
61	63
61	85
61	31
61	90
61	94
61	81
61	139
61	47
61	105
61	35
61	142
61	41
61	45
61	6
61	121
61	64
61	34
61	37
61	1
61	70
61	66
61	141
61	9
61	127
61	115
61	134
61	88
61	78
61	50
61	21
61	46
61	65
61	8
61	38
61	124
61	24
61	123
61	128
61	28
61	130
61	11
61	93
61	74
61	30
61	112
61	2
61	69
61	73
61	101
61	7
61	79
61	67
61	16
61	114
61	137
61	104
61	119
61	86
61	23
61	103
61	77
61	17
61	107
61	98
61	131
61	3
61	29
61	52
62	100
62	76
62	116
62	75
62	49
62	44
62	95
62	139
62	136
62	129
62	42
62	96
62	128
62	99
62	9
62	124
62	106
62	21
62	17
62	98
62	122
62	41
62	15
62	63
62	38
62	135
62	109
62	7
62	70
62	115
62	90
62	143
62	142
62	37
62	20
62	107
63	35
63	76
63	92
63	57
63	36
63	139
63	34
63	43
63	115
63	1
63	31
63	23
63	20
63	26
63	75
63	131
63	21
63	88
63	77
63	25
63	91
63	61
63	42
63	38
63	147
63	30
63	120
63	138
63	54
63	100
63	62
63	65
63	146
63	84
63	47
63	125
63	24
63	129
63	48
63	114
63	122
63	143
63	49
63	141
63	41
63	99
63	9
63	94
63	126
63	134
63	3
63	82
63	44
63	116
63	79
63	78
63	39
63	105
63	112
63	119
63	136
63	113
63	16
63	67
63	127
63	117
63	15
63	56
63	144
63	90
63	28
63	123
63	22
63	95
63	11
63	2
63	73
63	96
63	132
63	29
63	97
63	87
63	8
63	137
63	108
63	83
63	5
63	40
63	142
63	118
63	98
63	13
63	37
63	81
63	133
63	89
63	71
63	140
63	60
63	72
63	66
63	135
63	17
63	52
63	70
63	145
63	106
63	33
63	59
63	124
63	46
63	4
63	110
63	58
63	121
63	128
63	111
63	18
63	107
63	69
63	101
63	102
63	93
63	80
63	104
63	19
63	103
64	120
64	139
64	49
64	18
64	75
64	27
64	42
64	122
64	84
64	6
64	21
64	111
64	142
64	86
64	19
64	83
64	116
64	90
64	135
64	13
64	100
64	66
64	56
64	128
64	63
64	76
64	15
64	23
64	65
64	52
64	145
64	105
64	22
64	104
64	129
64	73
64	92
64	70
64	34
64	67
64	130
64	81
64	138
64	121
64	117
64	95
64	82
64	62
64	68
64	96
64	45
64	113
64	97
64	41
64	59
64	44
64	136
64	2
64	115
64	61
64	1
64	103
64	79
64	80
64	58
64	71
64	8
64	78
64	57
64	94
64	106
64	53
64	37
64	77
64	31
64	89
64	141
64	39
64	28
64	38
64	146
64	11
64	24
64	5
64	124
64	33
64	51
64	110
64	17
64	126
64	47
64	40
64	147
64	127
64	35
64	43
64	48
64	85
64	119
64	7
64	93
64	74
64	20
64	134
64	14
64	69
64	112
64	50
64	9
64	46
64	88
64	107
64	118
64	98
64	102
65	120
65	75
65	84
65	100
65	76
65	49
65	42
65	19
65	129
65	116
65	122
65	109
65	70
65	90
65	128
65	81
65	142
65	14
65	47
65	111
65	78
65	135
65	38
65	105
65	46
65	23
65	16
65	9
65	6
65	41
65	124
65	27
65	79
65	96
65	89
65	73
65	113
65	63
65	15
65	106
65	21
65	141
65	3
65	44
65	2
65	24
65	18
65	13
65	136
65	139
65	140
65	34
65	69
65	54
65	104
65	146
65	37
65	22
65	45
65	88
65	94
65	56
65	121
65	92
65	64
65	108
65	103
65	85
65	7
65	99
65	118
65	55
65	130
65	31
65	101
65	144
65	59
65	17
65	80
65	87
65	11
65	28
65	115
65	57
65	98
65	138
65	83
65	67
65	74
65	40
65	93
65	97
65	112
65	58
65	66
65	137
65	95
65	77
65	12
65	29
65	71
65	35
65	82
65	61
65	30
65	4
65	52
65	5
65	133
65	134
65	110
65	132
65	107
65	86
65	102
66	109
66	100
66	79
66	46
66	75
66	30
66	94
66	111
66	140
66	106
66	49
66	28
66	31
66	116
66	24
66	53
66	105
66	37
66	78
66	141
66	44
66	63
66	90
66	135
66	89
66	15
66	101
66	38
66	47
66	7
66	84
66	6
66	65
66	129
66	115
66	56
66	139
66	97
66	147
66	69
66	39
66	17
66	99
66	142
66	41
66	2
66	108
66	70
66	58
66	14
66	8
66	121
66	73
66	76
66	120
66	102
66	59
66	138
66	57
66	9
66	122
66	40
66	134
67	140
67	28
67	100
67	75
67	135
67	106
67	89
67	111
67	38
67	7
67	90
67	69
67	109
67	37
67	78
67	59
67	44
67	70
67	62
67	24
67	79
67	49
67	47
67	84
67	116
67	121
67	30
67	17
67	46
67	146
67	139
67	101
67	76
67	15
67	141
67	105
67	34
67	31
67	14
67	53
67	56
68	139
68	65
68	18
68	20
68	34
68	124
68	75
68	129
68	113
68	62
68	122
68	30
68	63
68	96
68	126
68	49
68	15
68	142
68	76
68	42
68	98
68	70
68	127
68	117
68	58
68	1
68	36
68	131
68	43
68	99
68	67
68	92
68	81
68	88
68	123
68	52
68	119
68	120
68	94
68	134
68	66
68	121
68	51
68	97
68	11
68	141
68	33
68	115
68	108
68	143
68	135
68	61
68	128
68	12
68	140
68	136
68	28
68	22
68	73
68	147
68	44
68	40
68	50
68	104
68	112
68	13
69	90
69	31
69	59
69	28
69	49
69	63
69	17
69	129
69	15
69	56
69	120
69	146
69	76
69	7
69	96
69	121
69	118
69	79
69	112
69	86
69	48
69	13
70	54
70	57
70	36
70	138
70	82
70	42
70	48
70	39
70	115
70	33
70	1
70	23
70	61
70	35
70	4
70	97
70	91
70	112
70	88
70	22
70	31
70	87
70	16
70	75
70	96
70	52
70	127
70	119
70	147
70	40
70	43
70	29
70	129
70	9
70	125
70	106
70	15
70	49
70	63
70	30
70	94
70	99
70	139
70	24
70	123
70	81
70	134
70	131
70	26
70	20
70	56
70	11
70	145
70	71
70	58
70	89
70	55
70	101
70	41
70	28
70	76
70	44
70	13
70	62
70	122
70	132
70	120
70	95
70	111
70	136
70	18
70	143
70	117
70	133
71	38
71	129
71	15
71	41
71	56
71	44
71	59
71	23
71	106
71	90
71	137
71	31
71	116
71	69
71	100
71	75
71	78
71	141
71	46
71	37
71	92
71	79
71	84
71	24
71	76
71	111
71	49
71	8
71	140
71	47
71	127
72	116
72	27
72	44
72	120
72	77
72	67
72	31
72	103
72	79
72	9
72	23
72	64
72	88
72	29
72	15
72	144
72	135
72	124
72	6
72	146
72	38
72	96
72	74
72	84
72	129
72	45
72	62
72	57
72	139
72	70
72	76
72	17
72	75
72	28
72	40
72	142
72	2
72	12
72	65
72	63
72	89
72	47
72	61
72	108
72	113
72	42
72	22
72	78
72	66
72	119
72	56
72	8
72	123
72	95
72	68
72	41
72	3
72	141
72	71
72	128
72	85
72	54
72	18
72	114
72	94
72	59
72	73
72	98
72	49
72	53
72	140
72	137
72	48
72	55
72	112
72	121
72	16
72	100
72	147
72	46
72	118
72	10
72	24
72	33
72	99
72	145
72	92
72	51
72	69
72	115
72	5
72	35
72	52
72	81
72	138
72	130
72	30
72	97
72	1
72	34
72	107
72	104
72	7
72	131
72	37
72	136
72	36
73	23
73	42
73	147
73	22
73	88
73	57
73	1
73	3
73	54
73	39
73	91
73	82
73	115
73	130
73	35
73	48
73	117
73	133
73	122
73	63
73	49
73	123
73	61
73	26
73	67
73	138
73	75
73	62
73	29
73	119
73	131
73	94
73	4
73	84
73	52
73	99
73	76
73	65
73	114
73	107
73	56
73	132
73	15
73	80
73	136
73	108
73	36
73	102
73	120
73	17
73	20
74	45
74	42
74	6
74	49
74	75
74	67
74	71
74	129
74	52
74	122
74	2
74	44
74	76
74	116
74	23
74	41
74	121
74	79
74	38
74	13
74	65
74	146
74	135
74	70
74	51
74	96
74	113
74	37
74	46
74	24
74	63
74	118
74	139
74	73
74	30
74	15
74	68
74	115
74	18
74	142
74	17
74	119
74	69
74	47
74	57
74	39
74	61
74	89
74	78
74	131
74	98
74	90
74	84
74	123
74	28
74	130
74	85
74	50
74	27
74	66
75	126
75	72
75	60
75	28
75	49
75	34
75	15
75	64
75	61
75	76
75	9
75	57
75	1
75	116
75	125
75	106
75	133
75	134
75	25
75	65
75	4
75	105
75	122
75	52
75	54
75	63
75	100
75	129
75	33
75	71
75	96
75	32
75	5
75	113
75	7
75	10
75	84
75	38
75	19
75	24
75	111
75	139
75	143
75	59
75	12
75	21
75	88
75	127
75	104
75	18
75	94
75	138
75	8
75	101
75	92
75	121
75	44
75	70
75	42
75	87
75	40
75	120
75	137
75	73
76	36
76	42
76	62
76	147
76	35
76	41
76	57
76	1
76	138
76	15
76	123
76	112
76	26
76	91
76	129
76	65
76	99
76	61
76	67
76	119
76	34
76	49
76	125
76	20
76	77
76	95
76	82
76	136
76	120
76	88
76	48
76	28
76	144
76	87
76	52
76	16
76	31
76	115
76	139
76	3
76	43
76	75
76	116
76	70
76	33
76	68
76	133
76	94
76	54
76	8
76	122
76	13
76	39
76	118
76	30
76	92
76	37
76	5
76	97
76	10
76	135
76	63
76	96
76	131
76	23
76	134
76	128
76	9
76	114
76	127
76	124
76	117
76	29
76	25
76	89
76	21
76	107
76	59
76	46
76	100
76	104
76	142
76	102
76	111
76	58
77	106
77	135
77	105
77	38
77	89
77	81
77	140
77	65
77	30
77	100
77	75
77	47
77	46
77	122
77	53
77	56
77	52
77	69
77	116
77	57
77	90
77	24
77	49
77	141
77	44
77	78
77	84
77	59
77	111
77	37
77	79
77	96
77	45
77	113
77	5
77	139
77	14
77	73
77	28
77	31
77	110
77	71
77	109
77	133
77	74
77	121
77	102
77	17
77	107
78	90
78	96
78	75
78	30
78	79
78	2
78	139
78	146
78	28
78	59
78	116
78	13
78	34
78	15
78	114
78	7
78	56
78	49
78	17
78	63
78	18
78	21
78	76
78	23
78	32
78	54
78	66
78	137
78	68
78	135
78	121
78	70
78	142
78	104
78	81
78	129
78	14
78	41
78	73
78	74
78	108
78	1
78	105
78	122
78	117
78	33
78	89
78	101
78	67
78	84
78	107
78	44
79	116
79	126
79	49
79	72
79	6
79	63
79	96
79	60
79	142
79	70
79	28
79	32
79	15
79	139
79	100
79	1
79	34
79	122
79	129
79	124
79	94
79	114
79	93
79	127
79	18
79	117
79	85
79	115
79	76
79	24
79	51
79	23
79	75
79	121
79	22
79	29
79	21
80	34
80	45
80	99
80	119
80	38
80	116
80	140
80	41
80	120
80	28
80	75
80	56
80	59
80	15
80	21
80	76
80	100
80	37
80	20
80	90
80	24
80	139
80	57
80	49
80	31
80	96
80	142
80	84
80	70
80	61
80	8
80	6
80	122
80	82
80	141
80	65
80	106
80	135
80	39
80	51
80	146
80	79
80	97
80	53
80	123
80	2
80	69
80	105
80	111
80	30
80	48
80	63
80	47
80	33
80	115
80	128
80	112
80	46
80	27
80	138
80	118
80	109
80	129
80	17
80	23
80	1
80	88
80	89
80	73
80	134
80	29
80	147
80	71
80	130
80	66
80	18
80	40
80	103
80	144
80	126
80	22
80	113
80	9
80	136
80	102
80	124
80	12
81	64
81	9
81	25
81	4
81	133
81	61
81	28
81	10
81	118
81	63
81	55
81	101
81	122
81	49
81	116
82	139
82	122
82	56
82	49
82	116
82	100
82	76
82	89
82	129
82	13
82	106
82	11
82	59
82	50
82	119
82	90
82	53
82	141
82	6
82	15
82	114
82	142
82	92
82	113
82	80
82	41
82	66
82	130
82	2
82	44
82	70
82	96
82	98
82	73
82	31
82	34
82	145
82	79
82	71
82	37
82	121
82	81
82	75
82	94
82	21
82	27
82	24
82	115
82	38
82	67
82	1
82	22
82	30
82	101
82	135
82	124
82	137
82	97
82	63
82	118
82	54
82	45
82	69
82	105
82	127
82	103
82	85
82	120
83	50
83	49
83	94
83	80
83	90
83	139
83	76
83	15
83	122
83	66
83	144
83	63
83	100
83	99
83	47
83	75
83	121
83	125
83	13
83	44
83	57
83	135
83	58
83	146
83	71
83	106
83	147
83	116
83	84
83	69
83	42
83	113
83	30
83	22
83	59
83	74
83	45
83	89
83	70
83	38
83	85
83	129
83	140
83	6
83	96
83	115
83	51
83	16
83	37
83	48
83	65
83	9
83	124
83	109
83	142
83	93
83	2
83	34
83	123
83	41
83	18
83	79
83	128
83	23
83	78
83	56
83	5
83	35
83	12
83	1
83	111
83	67
83	3
83	27
83	103
83	73
83	105
83	17
83	11
83	137
83	46
83	24
83	145
83	112
83	28
83	40
83	61
83	14
83	21
83	31
83	101
83	143
83	81
83	107
83	43
84	75
84	105
84	106
84	100
84	124
84	79
84	116
84	85
84	23
84	111
84	139
84	56
84	28
84	127
84	70
84	94
84	58
84	30
84	129
84	37
84	15
84	38
84	31
84	90
84	11
84	7
84	81
84	68
84	113
84	135
84	59
84	41
84	96
84	76
84	101
84	17
84	32
84	49
84	48
84	121
84	14
84	44
84	51
84	123
84	71
84	146
84	27
84	5
84	67
84	122
84	108
84	63
84	144
84	12
84	33
84	39
84	66
84	98
84	131
84	132
84	74
84	18
84	2
84	104
84	119
84	88
84	120
84	142
84	138
84	73
84	86
84	89
84	52
84	34
84	13
84	53
85	75
85	34
85	63
85	49
85	130
85	76
85	142
85	15
85	116
85	44
85	92
85	96
85	65
85	42
85	81
85	6
85	70
85	39
85	51
85	28
85	129
85	147
85	122
85	95
85	23
85	62
85	2
85	64
85	89
85	137
85	115
85	98
85	74
85	139
85	38
85	59
85	135
85	90
85	30
85	58
85	21
85	113
85	73
85	124
85	9
85	31
85	22
85	101
85	57
85	18
85	45
85	1
85	12
85	66
85	146
85	71
85	136
85	138
85	102
86	49
86	63
86	122
86	111
86	121
86	50
86	41
86	129
86	15
86	142
86	116
86	115
86	90
86	96
86	71
86	127
86	44
86	130
86	11
86	56
86	70
86	3
86	94
86	73
86	76
86	34
86	139
86	5
86	42
86	9
86	58
86	106
86	48
86	120
86	89
86	53
86	23
86	128
86	75
86	100
86	69
86	45
86	98
86	18
87	75
87	105
87	100
87	49
87	37
87	84
87	86
87	135
87	94
87	113
87	96
87	71
87	66
87	129
87	116
87	22
87	13
87	15
87	70
87	56
87	21
87	63
87	77
87	23
87	65
87	6
87	40
87	122
87	81
87	118
87	121
87	57
87	124
87	98
87	110
87	76
87	106
87	41
87	44
87	123
87	73
87	35
87	42
87	46
87	53
87	111
87	50
87	130
87	142
87	139
87	67
87	82
87	131
87	128
87	89
87	34
87	18
87	90
87	59
87	27
87	31
87	47
87	101
87	1
87	2
87	95
87	115
87	138
87	147
87	92
87	9
87	144
87	72
87	107
88	116
88	75
88	106
88	49
88	47
88	76
88	120
88	100
88	41
88	90
88	96
88	135
88	12
88	51
88	13
88	94
88	34
88	84
88	53
88	37
88	65
88	122
88	44
88	81
88	70
88	111
88	18
88	71
88	9
88	142
88	113
88	46
88	139
88	66
88	56
88	95
88	22
88	15
88	67
88	129
88	6
88	128
88	85
88	59
88	63
88	48
88	38
88	115
88	121
88	21
88	42
88	145
88	124
88	105
88	146
88	69
88	11
88	60
88	40
88	64
88	17
88	119
88	93
88	1
88	23
88	10
88	103
88	138
88	99
88	57
88	78
88	7
88	31
88	58
88	14
88	80
88	130
88	28
88	118
88	89
88	73
88	61
88	8
88	101
88	141
88	50
88	45
88	79
88	109
89	6
89	96
89	34
89	65
89	15
89	93
89	112
89	119
89	76
89	123
89	75
89	49
89	108
89	120
89	139
89	138
89	122
89	99
89	3
89	61
89	117
89	63
89	56
89	142
89	58
89	43
89	81
89	92
89	28
89	52
89	66
89	70
89	1
89	129
89	115
89	24
89	94
89	18
89	85
89	98
89	11
89	130
89	121
89	9
89	114
89	30
89	128
89	21
89	82
89	144
89	74
89	44
89	124
89	27
89	86
89	40
89	13
89	147
89	51
89	62
89	50
89	37
89	77
89	137
89	36
89	127
89	84
89	42
89	136
89	87
89	118
89	107
89	16
89	23
89	12
89	80
89	35
90	32
90	28
90	7
90	12
90	63
90	101
90	124
90	96
90	114
90	34
90	76
90	31
90	145
90	21
90	65
90	33
90	116
90	49
90	70
90	62
90	57
90	15
90	44
90	40
90	39
90	139
90	113
90	122
90	129
90	73
90	11
90	98
90	66
90	141
91	49
91	121
91	116
91	115
91	34
91	38
91	136
91	59
91	70
91	1
91	124
91	99
91	15
91	63
91	80
91	122
91	11
91	13
91	128
91	142
91	139
91	66
91	28
91	76
91	90
91	114
91	96
91	3
91	95
91	24
91	31
91	45
91	57
91	58
91	129
91	137
91	44
91	65
91	40
91	8
91	71
91	41
91	50
91	75
91	135
91	93
91	6
91	100
91	103
91	146
91	94
91	147
91	42
91	113
91	27
91	106
91	23
91	84
91	29
91	61
91	52
91	10
91	123
91	14
91	78
91	118
91	37
91	79
91	74
91	138
91	47
91	112
91	2
91	25
91	56
91	98
91	101
91	81
91	22
91	105
91	89
91	18
91	88
91	144
91	17
91	86
91	73
91	68
92	76
92	106
92	75
92	84
92	34
92	13
92	90
92	135
92	142
92	15
92	49
92	119
92	56
92	11
92	100
92	139
92	31
92	87
92	94
92	93
92	96
92	122
92	38
92	50
92	79
92	44
92	116
92	111
92	52
92	6
92	24
92	77
92	81
92	89
92	71
92	66
92	70
92	2
92	63
92	141
92	59
92	140
92	112
92	39
92	105
92	23
92	5
92	129
92	124
92	145
92	27
92	41
92	117
92	37
92	115
92	53
92	3
92	97
92	45
92	18
92	17
92	46
92	98
92	43
92	138
92	69
92	78
92	101
92	107
92	113
92	80
92	121
92	95
92	28
92	58
93	115
93	133
93	48
93	100
93	76
93	45
93	34
93	26
93	116
93	73
93	57
93	15
93	138
93	64
93	139
93	91
93	52
93	31
93	30
93	112
93	129
93	63
93	113
93	96
93	142
93	75
93	119
93	23
93	61
93	143
93	41
93	114
93	1
93	99
93	88
93	106
93	111
93	147
93	62
93	56
93	120
93	43
93	70
93	37
93	67
93	44
93	40
93	144
93	18
93	105
93	49
93	122
93	71
93	124
93	82
93	36
93	137
93	28
93	51
93	65
93	4
93	8
93	12
93	97
93	128
93	33
93	136
94	34
94	139
94	116
94	41
94	76
94	2
94	6
94	143
94	108
94	48
94	144
94	63
94	15
94	44
94	123
94	96
94	70
94	113
94	129
94	75
94	130
94	73
94	147
94	28
94	142
94	86
94	57
94	23
94	99
94	82
94	60
94	52
94	121
94	40
94	132
94	11
94	67
94	134
94	112
94	66
94	65
94	92
94	122
94	61
94	31
94	21
94	1
94	71
94	100
94	81
94	54
94	9
94	49
94	107
94	77
94	62
94	137
94	124
94	102
94	35
94	30
95	105
95	42
95	78
95	63
95	135
95	122
95	90
95	116
95	75
95	142
95	13
95	49
95	94
95	76
95	48
95	12
95	58
95	100
95	44
95	64
95	51
95	111
95	70
95	15
95	121
95	84
95	96
95	31
95	139
95	50
95	106
95	56
95	9
95	85
95	71
95	61
95	73
95	45
95	57
95	80
95	1
95	23
95	140
95	129
95	2
95	28
95	21
95	52
95	109
95	53
95	24
95	69
95	5
95	124
95	137
95	10
95	18
95	14
95	101
95	40
95	65
95	47
95	146
95	74
95	115
95	59
95	34
95	29
95	97
95	128
95	27
95	11
95	37
95	7
95	81
95	41
95	123
95	110
95	98
95	104
95	113
95	126
95	103
95	46
95	79
95	138
95	107
95	6
95	141
95	118
96	82
96	120
96	91
96	61
96	57
96	31
96	115
96	118
96	26
96	88
96	99
96	147
96	23
96	123
96	94
96	48
96	62
96	39
96	42
96	22
96	1
96	133
96	43
96	108
96	139
96	34
96	112
96	143
96	125
96	9
96	138
96	35
96	52
96	49
96	63
96	3
96	76
96	119
96	29
96	131
96	16
96	65
96	97
96	15
96	130
96	106
96	45
96	75
96	33
96	87
96	25
96	144
96	5
96	28
96	30
96	27
96	18
96	117
96	44
96	129
96	54
96	59
96	114
96	124
96	13
96	116
96	137
96	67
96	7
96	132
96	4
96	21
96	136
96	20
96	70
96	98
96	83
96	11
96	38
96	107
96	95
96	66
96	50
96	40
96	102
96	58
97	4
97	9
97	25
97	1
97	49
97	22
97	64
97	61
97	116
97	122
97	135
97	96
97	139
97	15
97	76
97	105
97	75
97	56
97	10
97	100
97	70
97	80
97	63
97	124
97	42
97	142
97	77
97	133
97	90
97	50
97	121
97	13
97	11
97	6
97	20
97	58
97	17
97	73
98	116
98	91
98	94
98	122
98	49
98	112
98	60
98	100
98	57
98	26
98	106
98	43
98	30
98	31
98	18
98	41
98	79
98	63
98	48
98	139
98	102
98	120
98	58
98	4
98	42
99	28
99	23
99	131
99	143
99	96
99	42
99	58
99	76
99	70
99	40
99	98
99	15
99	63
100	75
100	139
100	56
100	50
100	15
101	122
101	22
101	49
101	65
101	17
101	51
101	44
101	9
101	6
101	23
101	15
101	62
101	99
101	114
101	139
101	85
101	77
101	113
101	18
101	13
101	108
101	27
101	121
101	57
101	52
101	123
101	79
101	118
101	86
101	96
101	70
101	74
101	98
101	12
101	46
101	120
101	2
101	47
101	127
101	66
101	81
101	128
101	38
101	41
101	89
101	88
101	135
101	8
101	142
101	144
101	116
101	24
101	67
101	100
101	95
101	131
101	90
101	31
101	124
101	56
101	106
101	75
101	28
101	107
101	59
101	29
101	48
101	141
101	103
101	61
101	129
101	102
101	138
101	34
101	69
102	123
102	89
102	75
102	49
102	116
102	65
102	41
102	76
102	70
102	56
102	135
102	38
102	42
102	8
102	67
102	107
102	142
102	103
102	129
102	73
102	100
102	79
102	44
102	45
102	121
102	15
102	28
102	141
102	99
102	50
102	31
102	48
102	110
102	122
102	1
102	78
102	57
102	6
102	13
102	35
102	34
102	94
102	113
102	115
102	147
102	98
102	90
102	124
102	59
102	63
102	106
102	14
102	24
102	139
103	65
103	30
103	56
103	89
103	9
103	78
103	47
103	120
103	140
103	63
103	90
103	100
103	44
103	2
103	28
103	79
103	57
103	106
103	84
103	88
103	62
103	142
103	135
103	22
103	61
103	15
103	118
103	123
103	139
103	105
103	48
103	39
103	111
103	112
103	24
103	6
103	76
103	71
103	75
103	138
103	87
103	115
103	144
103	59
103	69
103	37
103	27
103	1
103	67
103	124
103	49
103	104
103	107
103	31
103	5
103	23
103	73
103	113
103	45
103	8
103	18
103	141
103	38
103	102
103	29
104	75
104	56
104	34
104	63
104	18
104	100
104	44
104	65
104	9
104	45
104	122
104	49
104	62
104	125
104	70
104	96
104	123
104	76
104	113
104	84
104	129
104	116
104	13
104	99
104	15
104	61
104	59
104	1
104	106
104	90
104	81
104	88
104	54
104	119
104	115
104	38
104	57
104	21
104	73
104	140
104	138
104	139
104	52
104	41
104	30
104	97
104	147
104	118
104	33
104	23
104	27
104	2
104	111
104	105
104	78
104	40
104	120
104	112
104	48
104	82
104	79
104	141
104	29
104	107
104	135
104	142
104	121
104	94
104	67
104	68
104	103
105	94
105	119
105	28
105	63
105	50
105	57
105	131
105	34
105	76
105	96
105	139
105	108
105	122
105	15
105	49
105	98
105	99
105	129
105	143
105	92
105	1
105	40
105	8
105	124
105	120
105	9
105	127
105	123
105	11
105	142
105	113
105	44
105	41
105	147
105	75
105	21
105	70
105	36
105	97
105	62
105	118
105	100
105	116
105	144
105	81
105	114
105	126
105	65
105	93
105	51
105	67
105	56
105	107
105	33
105	66
105	86
105	5
105	20
105	95
105	29
105	52
105	30
105	102
105	42
106	49
106	90
106	59
106	76
106	71
106	101
106	7
106	28
106	116
106	63
106	100
106	96
106	70
106	13
106	129
106	11
106	33
106	29
106	128
106	142
106	144
106	66
106	104
106	146
106	15
106	34
106	67
106	27
106	113
106	61
106	21
106	97
106	32
106	9
106	18
106	81
106	118
106	75
106	8
106	40
106	121
106	65
106	56
106	92
106	109
106	147
106	122
106	23
106	17
106	1
106	124
106	45
106	95
106	73
106	139
106	110
106	98
106	10
106	138
106	16
106	52
106	119
106	31
106	107
106	44
106	86
106	99
106	135
106	102
106	77
106	58
106	93
107	102
107	42
107	142
107	15
107	70
107	84
107	75
107	13
107	18
107	63
107	100
107	76
107	49
107	37
107	129
107	34
107	115
107	113
107	111
107	122
107	12
107	41
107	56
107	74
107	71
107	85
107	44
107	96
107	2
107	89
107	86
107	116
107	118
107	46
107	119
107	98
107	121
107	105
107	29
107	73
107	106
107	123
107	1
107	103
107	128
107	67
107	23
107	145
107	69
107	81
107	135
107	94
107	104
107	80
107	6
107	40
107	45
107	127
107	144
107	53
107	136
107	35
107	120
107	78
107	11
107	57
107	31
107	65
107	48
107	124
107	72
107	59
107	9
107	79
108	122
108	15
108	70
108	139
108	49
108	116
108	18
108	68
108	57
108	41
108	34
108	81
108	85
108	13
108	9
108	23
108	78
108	94
108	2
108	145
108	129
108	142
108	134
108	8
108	103
108	135
108	63
108	31
108	75
108	50
108	64
108	128
108	79
108	61
108	30
108	10
108	88
108	76
108	97
108	28
108	35
108	47
108	100
108	84
108	121
108	106
108	66
108	44
108	90
108	99
108	73
108	86
108	101
108	46
108	27
108	45
108	93
108	6
108	12
108	71
108	58
108	37
108	56
108	115
108	7
108	130
108	72
108	67
109	15
109	116
109	33
109	100
109	114
109	76
109	139
109	96
109	44
109	94
109	34
109	52
109	62
109	13
109	63
109	49
109	51
109	142
109	28
109	99
109	93
109	41
109	67
109	57
109	122
109	75
109	110
109	121
109	29
109	70
109	88
109	43
109	16
109	77
109	84
109	106
109	22
109	147
109	40
109	42
109	120
110	84
110	79
110	116
110	56
110	44
110	141
110	61
110	41
110	129
110	57
110	6
110	65
110	2
110	31
110	74
110	23
110	52
110	15
110	113
110	76
110	120
110	105
110	70
110	97
110	51
110	124
110	109
110	89
110	69
110	101
110	30
110	138
110	39
110	18
110	146
110	37
110	28
110	59
110	82
110	24
110	75
110	49
110	147
110	94
110	99
110	142
110	144
110	63
110	27
110	130
110	90
110	135
110	112
110	62
110	137
110	115
110	96
110	78
110	103
110	88
110	40
111	75
111	49
111	121
111	79
111	90
111	56
111	63
111	31
111	40
111	30
111	137
111	46
111	125
111	15
111	28
111	129
111	146
111	116
111	81
111	96
111	142
111	7
111	61
111	59
111	13
111	70
111	32
111	17
111	2
111	122
111	73
111	33
111	62
111	76
111	127
111	135
111	65
111	104
111	98
111	100
111	48
111	141
111	115
111	138
111	113
111	18
111	68
111	37
111	23
111	92
111	101
111	69
111	97
111	103
111	27
111	41
111	147
111	105
111	94
112	70
112	23
112	28
112	63
112	96
112	139
112	15
112	76
112	35
112	42
112	40
112	30
112	49
112	98
112	143
112	75
112	65
112	79
112	7
112	106
112	89
112	13
112	122
112	58
112	116
112	46
113	139
113	91
113	23
113	66
113	57
113	31
113	20
113	119
113	97
113	48
113	82
113	61
113	42
113	88
113	115
113	94
113	34
113	22
113	63
113	62
113	112
113	35
113	144
113	67
113	65
113	26
113	1
113	33
113	117
113	5
113	138
113	9
113	49
113	133
113	118
113	120
113	28
113	29
113	10
113	15
113	107
113	58
113	98
113	102
113	76
114	44
114	70
114	142
114	71
114	13
114	122
114	45
114	75
114	127
114	63
114	116
114	96
114	40
114	42
114	21
114	15
114	49
114	134
114	129
114	88
114	120
114	35
114	51
114	28
114	121
114	143
114	81
114	93
114	85
114	76
114	56
114	101
114	43
114	23
114	80
114	30
114	62
114	94
114	135
114	41
114	109
114	6
114	9
114	139
114	82
114	138
114	46
114	31
114	113
114	52
114	36
114	98
114	84
114	147
114	27
114	111
114	86
114	110
114	106
114	128
115	49
115	1
115	86
115	104
115	46
115	133
115	53
115	76
115	63
115	35
115	116
115	15
115	59
115	37
115	9
115	96
115	100
115	56
115	113
115	122
115	89
115	106
115	142
115	135
115	129
115	18
115	93
115	132
115	61
115	146
115	40
115	121
115	141
115	73
115	124
115	31
115	44
116	68
116	106
116	44
116	84
116	37
116	38
116	140
116	111
116	49
116	146
116	139
116	24
116	76
116	141
116	47
116	78
116	34
116	28
116	15
116	30
116	79
116	129
116	32
116	64
116	122
116	1
116	138
116	54
116	6
116	11
116	33
116	127
116	63
116	92
116	71
116	137
116	96
116	52
116	70
116	120
116	31
116	142
116	2
116	73
116	48
116	121
116	118
116	40
116	85
116	81
116	94
116	23
116	145
116	13
116	39
116	18
116	109
116	115
116	61
116	128
116	86
117	35
117	120
117	84
117	44
117	88
117	49
117	63
117	116
117	37
117	8
117	129
117	127
117	13
117	100
117	90
117	81
117	76
117	15
117	122
117	135
117	138
117	75
117	29
117	73
117	74
117	10
117	9
117	27
117	124
117	89
117	21
117	113
117	79
117	56
117	41
117	118
117	31
117	142
117	45
117	67
117	136
117	6
117	40
117	140
117	48
117	33
117	106
117	101
117	121
117	1
117	61
117	65
117	70
117	97
117	71
117	57
117	59
117	38
117	23
117	128
117	107
117	78
117	58
117	28
117	53
117	145
117	137
117	14
117	96
117	98
117	7
117	141
117	18
118	9
118	58
118	21
118	49
118	75
118	76
118	70
118	100
118	61
118	129
118	144
118	42
118	69
118	44
118	47
118	94
118	65
118	84
118	122
118	5
118	15
118	63
118	135
118	90
118	116
118	145
118	121
118	13
118	18
118	68
118	37
118	106
118	78
118	71
118	113
118	139
118	6
118	27
118	109
118	31
118	124
118	96
118	23
118	147
118	133
118	17
118	19
118	24
118	46
118	40
118	95
118	83
119	64
119	63
119	83
119	61
119	9
119	65
119	133
119	125
119	128
119	87
119	49
119	16
119	19
119	3
119	81
119	40
119	70
119	135
119	92
119	15
119	95
119	122
119	57
119	84
119	124
119	131
119	55
119	123
119	76
119	18
119	10
119	142
119	96
119	46
119	42
119	120
119	59
119	31
119	107
119	111
119	105
119	75
120	75
120	106
120	84
120	37
120	100
120	49
120	34
120	44
120	57
120	96
120	42
120	111
120	47
120	76
120	145
120	56
120	9
120	116
120	15
120	70
120	135
120	18
120	21
120	128
120	63
120	40
120	90
120	13
120	41
120	140
120	81
120	141
120	129
120	67
120	27
120	142
120	121
120	139
120	43
120	46
120	122
120	136
120	66
120	99
120	127
120	45
120	53
120	71
120	93
120	23
120	105
120	38
120	69
120	17
120	8
120	1
120	89
120	110
120	30
120	65
120	118
120	124
120	22
120	130
120	74
120	79
120	85
120	126
120	2
120	115
120	109
120	35
120	32
120	94
120	24
120	73
120	6
120	28
120	113
120	12
120	101
120	80
120	11
120	78
120	131
120	7
120	31
120	82
120	14
120	58
120	83
120	92
120	137
120	62
120	51
120	112
120	50
120	119
120	147
120	48
120	134
120	98
120	103
120	107
121	70
121	142
121	120
121	65
121	137
121	45
121	2
121	76
121	96
121	15
121	44
121	49
121	57
121	9
121	77
121	129
121	75
121	125
121	38
121	116
121	41
121	28
121	47
121	147
121	95
121	6
121	98
121	100
121	61
121	31
121	33
121	3
121	56
121	27
121	112
121	111
121	64
121	122
121	63
121	136
121	42
121	67
121	81
121	113
121	52
121	1
121	48
121	18
121	66
121	82
121	40
121	24
121	90
121	74
121	16
121	13
121	35
121	39
121	103
121	118
121	23
121	11
121	34
121	114
121	135
121	138
121	88
121	5
121	97
121	128
121	62
121	21
121	146
121	69
121	110
121	22
121	86
121	10
121	140
121	139
121	46
121	123
121	51
121	115
121	30
121	99
121	43
121	133
121	78
121	84
121	79
121	119
121	29
121	14
121	126
121	94
121	89
121	54
121	101
121	144
121	59
121	130
121	105
121	106
121	131
121	87
121	124
121	141
121	107
121	37
121	8
121	80
121	73
121	108
121	102
121	92
121	127
121	17
122	116
122	100
122	62
122	120
122	144
122	44
122	49
122	139
122	54
122	34
122	99
122	129
122	8
122	82
122	86
122	76
122	121
122	48
122	28
122	95
122	91
122	26
122	1
122	52
122	65
122	20
122	63
122	138
122	57
122	22
122	88
122	15
122	90
122	30
122	81
122	31
122	9
122	75
122	115
122	96
122	3
122	16
122	119
122	60
122	123
122	142
122	147
122	35
122	43
122	137
122	61
122	113
122	33
122	112
122	6
122	70
122	106
122	37
122	42
122	2
122	118
122	47
122	104
122	5
122	38
122	45
122	94
122	92
122	73
122	29
122	145
122	64
122	58
122	136
122	131
123	55
123	9
123	76
123	61
123	19
123	83
123	58
123	95
123	49
123	42
123	10
123	139
123	34
123	13
123	136
123	75
123	44
123	127
123	116
123	56
123	80
123	21
123	99
123	84
123	109
123	17
123	66
123	141
123	106
123	122
124	75
124	45
124	66
124	142
124	18
124	63
124	90
124	31
124	122
124	47
124	49
124	116
124	56
124	100
124	96
124	13
124	130
124	15
124	105
124	37
124	135
124	69
124	101
124	65
124	53
124	106
124	5
124	44
124	121
124	97
124	40
124	88
124	84
124	81
124	27
124	140
124	137
124	79
124	147
124	113
124	118
124	141
124	94
124	28
124	67
124	70
124	89
124	38
124	139
124	59
124	14
124	30
124	57
124	61
124	9
124	86
124	24
124	115
124	76
124	128
124	109
124	112
124	80
124	99
124	41
124	138
124	78
124	21
124	73
124	102
125	105
125	139
125	17
125	75
125	27
125	100
125	123
125	121
125	84
125	49
125	40
125	13
125	70
125	90
125	111
125	42
125	63
125	76
125	103
125	34
125	23
125	44
125	15
125	79
125	88
125	14
125	80
125	129
125	122
125	124
125	56
125	138
125	113
125	35
125	18
125	37
125	96
125	53
125	3
125	57
125	6
125	94
125	135
125	106
125	71
125	116
125	128
125	50
125	31
125	69
125	101
125	46
125	95
125	120
125	99
125	107
125	145
125	41
126	112
126	49
126	76
126	113
126	65
126	104
126	116
126	70
126	139
126	9
126	120
126	40
126	1
126	34
126	121
126	63
126	131
126	61
126	23
126	15
126	51
126	8
126	44
126	124
126	114
126	18
126	66
126	129
126	122
126	143
126	108
126	96
126	115
126	52
126	142
126	145
126	46
126	141
126	98
126	64
126	38
126	71
126	29
126	57
126	3
126	10
126	73
126	81
126	111
126	6
126	13
126	85
126	2
126	5
126	119
126	24
126	39
126	118
126	28
126	41
126	135
126	117
126	75
126	97
126	31
126	130
126	21
126	48
126	33
126	59
126	30
126	94
126	67
126	106
126	88
126	42
126	80
126	101
126	137
126	37
126	84
126	140
126	47
126	45
126	107
126	62
126	102
126	36
126	22
126	144
126	20
127	96
127	70
127	63
127	84
127	129
127	49
127	144
127	79
127	76
127	122
127	88
127	40
127	116
127	139
127	59
127	44
127	51
127	57
127	61
127	137
127	71
127	111
127	75
127	15
127	45
127	135
127	41
127	52
127	77
127	66
127	1
127	53
127	106
127	42
127	105
127	80
127	107
127	56
127	23
127	93
127	92
127	67
127	100
127	46
127	121
127	89
128	15
128	75
128	30
128	106
128	139
128	79
128	38
128	76
128	69
128	65
128	44
128	46
128	105
128	8
128	49
128	88
128	56
128	9
128	113
128	92
128	140
128	48
128	78
128	129
128	84
128	135
128	16
128	89
128	39
128	52
128	111
128	147
128	53
128	57
128	24
128	100
128	94
128	120
128	96
128	21
128	138
128	112
128	6
128	17
128	31
128	101
128	47
128	37
128	14
128	115
128	61
128	141
128	70
128	77
128	124
128	82
128	144
128	63
128	1
128	99
128	107
128	13
128	23
128	123
128	90
128	2
128	54
128	28
128	45
128	18
128	73
128	34
128	67
129	34
129	1
129	36
129	26
129	91
129	57
129	76
129	42
129	48
129	61
129	99
129	139
129	31
129	62
129	131
129	52
129	23
129	147
129	88
129	125
129	65
129	124
129	15
129	123
129	41
129	112
129	87
129	9
129	97
129	138
129	95
129	120
129	118
129	35
129	115
129	143
129	3
129	144
129	39
129	136
129	82
129	70
129	4
129	28
129	75
129	92
129	49
129	30
129	106
129	56
129	121
129	33
129	67
129	16
129	53
129	5
129	80
129	100
129	77
129	27
129	10
129	96
129	22
129	63
129	54
129	114
129	122
129	117
129	108
129	13
129	71
129	59
129	64
129	119
129	102
129	107
129	43
129	142
129	133
129	79
129	44
129	50
129	11
130	49
130	15
130	129
130	57
130	78
130	122
130	76
130	63
130	116
130	141
130	3
130	96
130	70
130	135
130	113
130	45
130	93
130	34
130	31
130	86
130	112
130	41
130	65
130	137
130	75
130	87
130	138
130	139
130	9
130	21
130	118
130	8
130	142
130	115
130	24
130	1
130	28
130	33
130	101
130	71
130	81
130	106
130	5
130	11
130	61
130	44
130	124
131	122
131	76
131	49
131	124
131	75
131	100
131	30
131	15
131	90
131	35
131	79
131	88
131	106
131	11
131	93
131	18
131	54
131	121
131	129
131	66
131	113
131	37
131	42
131	63
131	40
131	145
131	21
131	34
131	116
131	22
131	98
131	135
131	78
131	45
131	130
131	71
131	95
131	44
131	142
131	73
131	143
131	56
131	13
131	68
131	94
131	70
131	123
131	39
131	139
131	96
131	80
131	77
131	46
131	89
131	2
131	24
131	74
131	27
131	28
131	138
131	101
131	99
131	59
131	38
131	140
131	53
131	12
131	81
131	84
131	103
131	50
131	69
131	105
131	67
131	136
131	41
131	61
132	116
132	106
132	49
132	15
132	113
132	69
132	31
132	71
132	79
132	115
132	96
132	51
132	44
132	40
132	63
132	21
132	2
132	100
132	111
132	139
132	8
132	140
132	13
132	135
132	122
132	94
132	76
132	112
132	66
132	59
132	142
132	58
132	99
132	70
132	88
132	45
132	77
132	42
132	38
132	65
132	56
132	138
132	121
132	37
132	34
132	137
132	24
132	89
132	75
132	57
132	1
132	128
132	35
132	98
132	90
132	74
132	80
132	78
132	10
132	61
132	11
132	81
132	93
132	28
132	17
132	18
132	129
132	27
132	6
132	41
132	73
132	141
132	101
132	33
132	110
132	30
132	47
132	109
133	49
133	76
133	120
133	75
133	65
133	70
133	116
133	115
133	56
133	103
133	113
133	53
133	122
133	15
133	40
133	57
133	63
133	100
133	61
133	145
133	59
133	69
133	118
133	105
133	125
133	37
133	89
133	44
133	13
133	128
133	41
133	11
133	82
133	33
133	121
133	1
133	129
133	80
133	104
133	42
133	6
133	84
133	71
133	50
133	124
133	22
133	99
133	66
133	45
133	139
133	31
133	46
133	2
133	138
133	98
133	142
133	18
133	96
133	21
133	81
133	90
133	94
133	106
133	141
133	34
133	35
133	135
133	23
133	73
133	111
133	16
133	117
133	43
133	5
133	77
133	8
133	112
133	123
133	28
133	79
133	17
133	47
133	130
133	93
133	101
133	38
133	29
133	51
133	119
133	92
133	127
133	67
133	58
133	110
134	50
134	51
134	56
134	75
134	49
134	76
134	41
134	105
134	63
134	122
134	116
134	115
134	23
134	3
134	13
134	65
134	58
134	100
134	27
134	70
134	45
134	86
134	96
134	113
134	81
134	142
134	94
134	44
134	90
134	61
134	145
134	139
134	129
134	52
134	35
134	28
134	29
134	71
134	15
134	2
134	121
134	24
134	38
134	34
134	118
134	18
134	78
134	89
134	99
134	37
134	57
134	98
134	84
134	106
134	124
134	135
134	21
134	14
134	12
134	31
134	107
134	109
134	42
134	131
134	79
134	103
134	48
134	6
134	59
135	76
135	57
135	108
135	137
135	93
135	147
135	136
135	129
135	15
135	63
135	85
135	124
135	94
135	81
135	96
135	130
135	22
135	49
135	62
135	75
135	50
135	122
135	8
135	97
135	123
135	44
135	34
135	119
135	125
135	1
135	23
135	28
135	65
135	139
135	99
135	143
135	3
135	142
135	52
135	11
135	70
135	88
135	131
135	86
135	114
135	54
135	118
135	29
135	120
135	40
135	144
135	98
135	71
135	116
135	95
135	5
135	121
135	36
135	33
135	45
135	74
135	2
135	134
135	92
135	126
135	18
135	72
135	51
135	17
135	41
135	73
135	13
135	67
135	25
135	113
135	9
135	19
135	20
135	66
135	138
135	39
135	16
135	101
135	89
135	21
135	107
135	102
135	37
135	61
135	58
135	80
135	6
135	42
136	84
136	42
136	44
136	90
136	70
136	106
136	129
136	75
136	13
136	100
136	63
136	57
136	111
136	78
136	15
136	56
136	135
136	3
136	49
136	76
136	69
136	116
136	40
136	124
136	1
136	58
136	65
136	53
136	105
136	142
136	143
136	71
136	139
136	119
136	96
136	24
136	101
136	47
136	45
136	144
136	35
136	73
136	41
136	11
136	113
136	109
136	18
136	107
136	23
136	128
136	121
136	37
136	46
136	80
136	28
137	122
137	114
137	27
137	41
137	116
137	17
137	18
137	45
137	121
137	1
137	96
137	44
137	112
137	15
137	23
137	124
137	129
137	13
137	49
137	28
137	106
137	69
137	65
137	139
137	141
137	79
137	100
137	54
137	40
137	63
137	85
137	146
137	38
137	140
137	24
137	76
137	101
137	75
137	81
137	70
137	77
137	118
137	74
137	92
137	89
137	135
137	2
137	147
137	11
137	46
137	33
137	31
137	64
137	34
137	134
137	67
137	142
137	90
137	104
137	47
137	6
137	51
137	125
137	94
137	138
137	37
137	103
137	42
137	14
137	62
137	97
137	123
137	21
137	59
137	61
137	119
137	120
137	128
137	86
137	50
137	82
137	84
137	58
137	109
137	113
137	56
137	78
137	73
137	130
137	68
137	102
137	12
138	56
138	112
138	49
138	35
138	100
138	70
138	116
138	75
138	89
138	28
138	63
138	78
138	30
138	43
138	81
138	15
138	53
138	21
138	129
138	122
138	79
138	57
138	51
138	142
138	139
138	96
138	99
138	106
138	59
138	47
138	24
138	98
138	34
138	141
138	76
138	1
138	38
138	111
138	18
138	69
138	127
138	136
138	113
138	40
138	39
138	13
138	68
138	66
138	135
138	121
138	110
138	42
138	103
138	130
139	128
139	129
139	122
139	96
139	70
139	63
139	76
139	31
139	49
139	104
139	12
139	59
139	15
139	116
139	44
139	13
139	131
139	79
139	2
139	65
139	134
139	9
139	120
139	146
139	40
139	18
139	127
139	92
139	90
139	142
139	17
139	71
139	100
139	81
139	98
139	6
139	80
139	113
139	57
139	64
139	3
139	37
139	147
139	135
139	48
139	28
139	88
139	75
139	42
139	62
139	66
139	30
139	73
139	137
139	45
139	94
139	121
139	41
139	86
139	124
139	5
139	21
139	11
139	118
139	7
139	119
139	89
139	145
139	108
139	133
139	84
139	10
139	1
139	109
139	112
139	32
139	23
139	106
139	56
139	67
139	143
139	52
139	74
139	101
139	34
139	99
139	22
139	38
139	110
139	58
139	27
139	107
139	47
139	105
140	79
140	75
140	100
140	28
140	139
140	70
140	111
140	90
140	68
140	31
140	37
140	121
140	38
140	63
140	56
140	39
140	146
140	30
140	15
140	106
140	137
140	135
140	34
140	76
140	1
140	33
140	59
140	84
140	17
140	14
140	123
140	18
140	49
140	129
140	51
140	89
140	12
140	96
140	112
140	54
140	105
140	104
140	122
140	52
140	23
140	116
140	101
140	108
141	49
141	76
141	90
141	75
141	96
141	31
141	129
141	15
141	63
141	70
141	59
141	28
141	64
141	142
141	37
141	116
141	81
141	17
141	68
141	89
141	40
141	73
141	105
141	34
141	121
141	44
141	92
141	13
141	51
141	66
141	33
141	21
141	6
141	137
141	122
141	71
141	43
141	113
141	135
141	101
141	61
141	112
141	108
141	100
141	9
141	10
141	139
141	14
141	115
141	138
141	146
141	128
141	7
141	23
141	27
141	82
141	18
141	98
141	45
141	144
141	1
141	32
141	80
142	57
142	36
142	18
142	122
142	115
142	91
142	26
142	22
142	23
142	65
142	112
142	20
142	139
142	48
142	123
142	42
142	147
142	35
142	97
142	125
142	82
142	31
142	61
142	143
142	52
142	34
142	3
142	1
142	75
142	9
142	70
142	88
142	126
142	62
142	99
142	49
142	138
142	87
142	54
142	114
142	16
142	67
142	108
142	5
142	119
142	68
142	94
142	118
142	63
142	40
142	43
142	120
142	132
142	30
142	133
142	107
142	117
142	102
143	64
143	18
143	96
143	124
143	93
143	94
143	113
143	121
143	81
143	49
143	63
143	116
143	23
143	122
143	58
143	76
143	15
143	45
143	41
143	77
143	21
143	44
143	129
143	66
143	38
143	103
143	42
143	40
143	142
143	65
143	13
143	135
143	28
143	57
143	106
143	22
143	46
143	37
143	101
143	69
143	7
143	59
143	146
143	70
143	2
143	89
143	136
143	14
143	52
143	131
143	99
143	1
143	9
143	35
143	80
143	48
143	90
143	100
143	128
143	144
143	139
143	75
143	78
144	70
144	63
144	42
144	96
144	76
144	75
144	44
144	106
144	129
144	122
144	142
144	143
144	49
144	118
144	11
144	105
144	41
144	13
144	116
144	113
144	28
144	7
144	124
144	90
144	15
144	111
144	58
144	46
144	72
144	101
144	21
144	135
144	109
145	75
145	120
145	65
145	116
145	44
145	100
145	78
145	84
145	79
145	56
145	111
145	125
145	76
145	141
145	41
145	16
145	37
145	70
145	129
145	34
145	106
145	3
145	142
145	139
145	49
145	127
145	63
145	90
145	40
145	115
145	96
145	15
145	39
145	54
145	73
145	6
145	122
145	147
145	5
145	113
145	69
145	88
145	24
145	31
145	118
145	9
145	138
145	67
145	46
145	21
145	101
145	68
145	98
145	104
145	140
145	30
145	33
145	38
145	59
145	47
145	13
145	50
145	107
145	135
145	81
145	89
145	14
145	11
145	48
145	45
145	144
146	49
146	140
146	96
146	139
146	76
146	47
146	108
146	81
146	63
146	15
146	34
146	70
146	57
146	84
146	78
146	142
146	144
146	40
146	112
146	94
146	145
146	8
146	54
146	2
146	37
146	51
146	130
146	65
146	104
146	116
146	111
146	113
146	61
146	114
146	129
146	122
146	85
146	100
146	67
146	45
146	86
147	55
147	9
147	133
147	61
147	19
147	70
147	83
147	44
147	49
147	75
147	7
147	58
147	106
147	76
147	1
147	127
147	94
147	136
147	90
147	37
147	2
147	67
147	42
147	109
147	116
147	24
147	135
147	69
147	46
147	93
147	66
147	15
147	13
147	124
147	57
147	142
147	64
147	40
147	113
147	18
147	73
147	34
147	80
