1	78
1	87
1	9
1	36
1	50
1	30
1	4
1	53
1	15
1	44
1	16
1	46
1	104
1	109
1	89
1	72
1	5
1	51
1	68
1	24
1	61
1	40
1	32
1	21
1	102
1	20
1	88
1	110
1	12
1	14
1	34
1	67
1	101
1	43
1	97
1	64
1	8
1	111
1	17
1	90
1	95
1	83
1	107
1	62
1	76
1	112
1	99
1	93
1	11
1	100
1	29
1	82
1	73
1	13
1	23
1	79
1	10
1	3
1	33
1	80
1	54
1	25
1	31
1	7
1	28
1	63
1	6
1	58
1	38
1	66
1	81
1	84
1	26
1	116
1	94
1	113
1	115
1	47
1	49
1	19
1	39
1	77
1	27
1	70
1	74
1	91
1	98
1	57
1	103
1	69
1	18
1	96
1	2
1	59
1	106
1	114
1	41
1	52
1	105
1	92
1	22
1	60
1	56
1	35
1	75
1	55
1	71
1	42
1	85
1	37
1	86
1	65
1	45
1	108
2	77
2	16
2	1
2	67
2	93
2	89
2	97
2	14
2	48
2	85
2	116
2	15
2	32
2	92
2	12
2	80
2	109
2	17
2	27
2	95
2	82
2	59
2	34
2	24
2	35
2	83
2	111
2	11
2	43
2	104
2	6
2	46
2	40
2	94
2	70
2	62
2	3
2	30
2	29
2	38
2	25
2	53
2	98
2	7
2	13
2	74
2	76
2	78
2	58
2	44
2	87
2	26
2	114
2	113
2	47
2	21
2	108
3	87
3	62
3	86
3	69
3	25
3	23
3	16
3	32
3	44
3	60
3	64
3	80
3	67
3	83
3	92
3	1
3	39
3	108
3	97
3	99
3	43
3	95
3	93
3	55
3	106
3	24
3	6
3	68
3	13
3	112
3	33
3	81
3	19
3	57
3	79
3	14
3	82
3	9
3	100
3	115
3	111
3	41
3	30
3	73
3	54
3	10
3	102
3	78
3	84
3	4
3	104
3	110
3	105
3	20
3	12
3	18
3	70
3	71
3	89
3	101
3	90
3	96
3	47
3	56
3	40
3	114
3	75
3	103
3	26
3	72
3	8
3	63
4	1
4	99
4	32
4	14
4	15
4	26
4	16
4	100
4	97
4	77
4	11
4	12
4	17
4	43
4	50
4	71
4	40
4	63
4	61
5	101
5	73
5	16
5	19
5	14
5	6
5	97
5	74
5	62
5	107
5	15
5	83
5	30
5	102
5	39
5	1
5	116
5	80
5	112
5	23
5	32
5	111
5	81
5	113
5	57
5	46
5	26
5	54
5	43
5	13
5	69
5	65
5	55
5	84
5	76
5	100
5	44
5	18
5	89
5	21
5	12
5	8
5	71
5	95
5	4
5	77
5	27
5	108
5	40
5	70
5	96
5	2
5	38
6	14
6	1
6	113
6	16
6	110
6	89
6	62
6	83
6	28
6	43
6	99
6	94
6	77
6	44
6	12
6	26
6	103
6	73
6	25
6	82
6	79
6	95
6	97
6	80
6	61
6	30
6	107
6	54
6	75
6	53
6	13
6	114
6	34
6	102
6	76
6	19
6	29
6	63
6	93
6	104
6	10
6	52
6	90
6	69
6	59
6	38
6	39
6	8
6	101
6	71
6	98
6	60
6	56
6	111
6	17
6	24
6	15
6	35
6	70
6	37
7	65
7	1
7	95
7	67
7	16
7	99
7	43
7	49
7	101
7	113
7	97
7	103
7	44
7	26
7	83
7	14
7	63
7	111
7	11
7	69
7	77
7	40
7	73
7	71
7	89
7	28
7	72
7	13
7	62
7	31
7	100
7	61
7	9
7	94
7	12
7	38
7	91
7	115
7	80
7	10
8	1
8	109
8	32
8	19
8	63
8	58
8	2
8	45
8	106
8	54
8	48
8	87
8	82
8	72
8	14
8	43
8	18
8	101
8	33
8	24
8	73
8	3
8	113
8	79
8	16
8	93
8	23
8	31
8	80
8	50
8	78
8	56
8	44
8	89
8	49
8	70
8	68
8	61
8	27
8	35
8	13
8	112
8	90
8	71
8	4
8	75
8	107
8	77
8	94
8	30
8	66
8	60
8	96
9	109
9	75
9	76
9	14
9	62
9	12
9	83
9	111
9	56
9	97
9	28
9	16
9	21
9	104
9	40
9	86
9	1
9	110
9	54
9	74
9	4
9	107
9	29
9	63
9	41
9	93
9	98
9	60
9	95
9	100
9	46
9	24
9	70
9	22
9	30
9	44
9	39
9	102
9	72
9	77
9	13
9	115
9	69
9	73
9	90
9	80
9	32
9	113
9	23
9	94
9	61
9	10
9	26
9	89
9	43
9	55
9	59
9	50
9	96
9	103
9	6
10	3
10	60
10	90
10	1
10	87
10	44
10	75
10	9
10	80
10	95
10	64
10	16
10	50
10	97
10	17
10	91
10	82
10	79
10	113
10	32
10	53
10	15
10	31
10	83
10	20
10	115
10	43
10	63
10	69
10	102
10	62
10	14
10	84
10	8
10	12
10	28
10	100
10	54
10	81
10	110
10	99
10	13
10	71
10	6
10	36
10	114
10	77
10	57
10	30
11	1
11	100
11	44
11	49
11	43
11	99
11	63
11	21
11	4
11	113
11	62
11	89
11	38
11	102
11	32
11	71
11	36
11	17
11	73
11	16
11	58
11	60
11	24
11	103
11	77
11	65
11	50
11	14
11	9
11	26
11	8
11	97
11	30
11	93
11	95
11	80
11	12
11	74
11	101
11	29
11	94
11	114
11	83
11	46
11	35
11	10
11	15
11	98
11	40
11	111
11	22
12	109
12	42
12	35
12	92
12	45
12	57
12	107
12	105
12	112
12	81
12	85
12	49
12	64
12	7
12	41
12	106
12	1
12	27
12	43
12	18
12	73
12	103
12	98
12	102
12	24
12	16
12	14
12	95
12	44
12	115
12	13
12	101
12	55
12	11
12	71
12	74
12	21
12	65
12	61
12	97
12	94
12	30
12	108
12	100
12	111
12	80
12	90
12	32
12	99
12	38
12	83
12	72
12	62
12	87
12	15
12	77
12	116
12	60
12	47
12	10
12	89
12	40
12	39
13	26
13	112
13	92
13	43
13	81
13	7
13	106
13	18
13	45
13	116
13	24
13	42
13	39
13	1
13	15
13	82
13	73
13	16
13	40
13	14
13	57
13	100
13	90
13	111
13	54
13	25
13	36
13	77
13	38
13	97
13	27
13	93
13	94
13	115
13	63
13	85
13	102
13	44
13	89
13	67
13	62
13	52
13	95
13	56
13	114
13	78
13	109
13	47
13	60
14	78
14	92
14	1
14	45
14	42
14	109
14	15
14	37
14	81
14	76
14	24
14	99
14	57
14	54
14	112
14	61
14	106
14	67
14	43
14	85
14	82
14	19
14	90
14	35
14	94
14	62
14	16
14	2
14	18
14	77
14	44
14	103
14	64
14	97
14	69
14	38
14	25
14	26
14	71
14	73
14	27
14	74
14	89
14	41
14	40
14	93
14	31
14	7
14	83
14	95
14	116
14	101
14	111
14	80
14	65
14	72
14	11
14	51
14	105
14	63
14	102
14	52
14	114
14	113
14	86
14	110
14	13
14	91
14	50
14	104
14	56
14	21
14	39
14	5
14	30
14	12
14	68
14	10
14	115
14	96
15	24
15	80
15	95
15	83
15	1
15	116
15	38
15	14
15	97
15	26
15	25
15	102
15	70
15	73
15	16
15	50
15	37
15	62
15	81
15	68
15	101
15	43
15	12
15	27
15	99
15	60
15	107
15	110
15	23
15	113
15	71
15	51
15	89
15	75
15	39
15	36
15	8
15	30
15	66
15	20
15	64
15	44
15	5
15	100
15	76
15	112
15	82
15	13
15	77
15	40
15	84
15	67
15	96
15	19
15	114
15	115
15	91
15	79
15	94
15	54
15	111
15	85
15	6
16	90
16	26
16	14
16	63
16	111
16	1
16	78
16	41
16	37
16	19
16	98
16	93
16	99
16	45
16	2
16	10
16	25
16	97
16	100
16	73
16	76
16	21
16	24
16	102
16	71
16	74
16	43
16	38
16	62
16	82
16	46
16	42
16	95
16	13
16	23
16	44
16	88
16	80
16	103
16	55
16	27
16	50
16	60
16	65
16	5
16	112
16	83
16	52
16	101
16	70
16	94
16	107
16	91
16	11
16	22
16	40
16	12
16	61
16	56
16	115
16	9
16	57
16	67
16	104
16	87
16	75
16	35
16	72
16	53
16	36
16	30
16	28
16	7
16	85
16	106
16	3
16	89
16	66
16	105
16	4
16	109
16	81
16	8
16	77
16	114
16	6
16	32
16	68
16	18
16	51
16	116
16	54
16	64
16	92
16	58
16	96
16	15
16	108
16	69
17	5
17	101
17	14
17	64
17	83
17	88
17	40
17	86
17	16
17	1
17	32
17	44
17	108
17	24
17	76
17	43
17	12
17	13
17	99
17	102
17	111
17	67
17	74
17	15
17	73
17	3
17	94
17	95
17	27
17	26
17	29
17	22
17	80
17	60
17	70
17	30
17	93
17	97
17	92
17	36
17	81
17	39
17	89
17	19
17	62
17	47
17	25
17	84
17	21
17	8
17	4
17	10
17	110
18	15
18	16
18	1
18	17
18	94
18	6
18	14
18	97
18	12
18	24
18	2
18	77
18	107
18	104
18	79
18	80
18	102
18	3
18	89
18	26
18	44
18	50
18	83
18	71
18	21
18	70
18	13
18	103
18	35
18	58
18	30
18	90
18	111
18	27
18	91
18	95
18	63
18	98
18	69
18	37
18	55
18	68
18	100
18	60
18	31
18	113
18	72
18	5
18	32
18	53
18	38
18	93
18	25
18	84
18	10
18	46
18	23
18	82
18	76
18	43
18	81
18	61
18	64
18	56
18	54
18	115
18	47
18	108
18	62
18	85
18	109
18	101
18	36
18	66
18	96
18	33
19	24
19	6
19	1
19	89
19	15
19	78
19	67
19	12
19	7
19	14
19	13
19	44
19	32
19	16
19	21
19	99
19	26
19	79
19	25
19	64
19	61
19	72
19	28
19	107
19	97
19	60
19	80
19	104
19	94
19	101
19	82
19	53
19	34
19	30
19	103
19	77
19	40
19	111
19	36
19	83
19	50
19	71
19	58
19	98
19	112
19	69
19	46
19	23
19	114
19	38
19	102
19	92
19	8
19	113
19	95
19	93
19	22
19	110
19	2
19	88
19	91
19	85
19	75
19	17
19	70
19	108
19	11
19	29
19	57
19	48
19	10
19	84
19	116
19	81
19	73
19	3
19	31
19	5
19	63
19	49
19	115
19	87
19	66
19	106
19	109
20	25
20	104
20	15
20	4
20	46
20	54
20	1
20	83
20	39
20	80
20	115
20	23
20	30
20	40
20	13
20	81
20	75
20	10
20	16
20	70
20	59
20	97
20	19
20	2
20	14
20	102
20	43
20	73
20	89
20	32
20	112
20	44
20	26
20	24
20	113
20	47
20	86
20	22
20	53
20	95
20	21
20	29
20	100
20	72
20	38
20	96
20	62
20	99
20	58
20	106
20	85
20	82
20	8
20	57
20	84
20	71
21	1
21	16
21	35
21	15
21	94
21	80
21	43
21	107
21	11
21	97
21	44
21	111
21	42
21	83
21	7
21	112
21	18
21	85
22	102
22	60
22	24
22	1
22	104
22	15
22	28
22	83
22	111
22	87
22	73
22	44
22	12
22	16
22	62
22	14
22	31
22	29
22	9
22	40
22	35
22	48
22	97
22	56
22	71
22	113
22	110
22	80
22	109
22	21
22	23
22	55
22	2
22	4
22	26
22	3
22	8
22	77
22	70
22	58
22	107
22	98
22	95
22	32
22	63
22	85
22	79
22	93
22	30
22	53
22	64
22	94
22	72
22	84
23	12
23	54
23	25
23	20
23	21
23	1
23	4
23	60
23	16
23	87
23	44
23	102
23	79
23	82
23	83
23	69
23	85
23	28
23	113
23	40
23	32
23	62
23	81
23	97
23	86
23	9
23	26
23	110
23	80
23	70
23	24
23	52
23	48
23	76
23	30
23	106
23	39
23	73
23	33
23	13
23	104
23	41
23	101
23	14
23	10
23	53
23	34
23	46
23	47
23	35
23	65
23	43
23	15
23	72
23	74
23	99
23	103
23	88
23	71
23	8
23	58
23	115
23	17
23	49
23	56
23	75
23	94
23	89
23	2
23	95
23	108
23	111
23	37
23	63
23	78
23	112
23	109
23	92
23	116
23	57
23	64
23	77
23	84
23	5
23	29
23	59
23	3
23	67
24	40
24	25
24	16
24	1
24	32
24	23
24	79
24	101
24	15
24	6
24	104
24	36
24	14
24	44
24	20
24	111
24	12
24	88
24	62
24	74
24	43
24	95
24	34
24	30
24	87
24	83
24	96
24	31
24	28
24	70
24	21
24	54
24	60
24	80
24	97
24	13
24	69
24	64
24	86
24	33
24	68
24	72
24	46
24	47
24	58
24	29
24	19
24	82
24	94
24	75
24	67
24	99
24	115
24	103
24	73
24	66
24	26
24	100
24	110
24	55
24	112
24	10
24	108
24	39
24	59
24	102
24	84
24	22
24	8
24	51
24	5
24	109
24	106
24	9
24	35
24	77
24	114
24	107
24	90
24	93
24	18
24	2
24	116
24	48
24	3
24	37
24	4
24	92
24	81
24	98
24	53
24	76
24	38
24	41
24	57
24	71
25	20
25	16
25	60
25	44
25	19
25	1
25	23
25	63
25	62
25	9
25	64
25	108
25	30
25	61
25	10
25	13
25	114
25	77
25	14
25	97
25	68
25	104
25	26
25	66
25	113
25	71
25	43
25	76
25	83
25	82
25	21
25	40
25	111
25	32
25	90
25	74
25	55
25	59
25	95
25	80
25	15
25	96
25	54
25	34
25	89
25	107
25	36
25	29
25	67
25	72
25	51
25	12
25	33
25	88
25	37
25	24
25	4
25	22
25	53
25	58
25	75
25	87
25	93
25	70
25	94
25	92
25	101
25	100
25	81
25	85
25	115
25	6
25	102
25	79
25	17
25	84
25	48
25	18
25	8
25	5
25	3
25	112
25	39
25	56
25	103
25	110
25	28
25	98
25	116
25	47
26	37
26	24
26	44
26	62
26	13
26	87
26	32
26	1
26	60
26	76
26	53
26	40
26	30
26	102
26	66
26	6
26	16
26	31
26	82
26	68
26	17
26	41
26	43
26	83
26	23
26	103
26	104
26	101
26	107
26	73
26	88
26	58
26	72
26	25
26	14
26	8
26	50
26	69
26	74
26	111
26	12
26	89
26	39
26	93
26	95
26	64
26	15
26	99
26	21
26	96
26	97
26	94
26	2
26	20
26	3
26	9
26	22
26	110
26	29
26	71
26	28
26	19
26	36
26	115
26	70
26	35
26	54
26	34
26	79
26	109
26	80
26	75
26	18
26	61
26	51
26	5
26	98
26	59
26	86
26	4
26	33
26	77
26	108
26	113
26	114
26	112
27	8
27	16
27	43
27	62
27	36
27	65
27	80
27	30
27	1
27	14
27	40
27	73
27	15
27	5
27	97
27	38
27	46
27	63
27	51
27	95
27	83
27	105
27	102
27	17
27	107
27	44
27	71
27	70
27	59
27	60
27	12
27	26
27	85
27	23
27	53
27	66
27	89
27	25
27	94
27	13
27	99
27	69
27	101
27	100
27	49
27	77
27	113
27	96
28	1
28	43
28	62
28	56
28	52
28	94
28	97
28	63
28	26
28	25
28	83
28	67
28	101
28	84
28	7
28	23
28	61
28	33
28	113
28	102
28	95
28	44
28	87
28	11
28	72
28	9
28	4
28	16
28	99
28	29
28	53
28	40
28	100
28	14
28	107
28	30
28	85
28	115
28	77
28	60
28	18
28	13
28	15
29	1
29	63
29	43
29	44
29	101
29	77
29	76
29	74
29	16
29	109
29	40
29	64
29	17
29	32
29	70
29	100
29	23
29	116
29	22
29	24
29	31
29	87
29	50
29	60
29	105
29	35
29	25
29	80
29	69
29	20
29	30
29	53
29	62
29	19
29	58
29	113
29	8
29	14
29	4
29	107
29	102
29	83
29	79
29	9
29	54
29	73
29	97
29	110
29	84
29	94
29	92
29	98
29	89
29	27
29	7
29	26
29	15
29	111
29	95
29	3
29	56
29	78
29	52
29	104
29	99
29	33
29	36
29	10
29	59
30	92
30	112
30	87
30	45
30	35
30	105
30	81
30	109
30	65
30	106
30	80
30	57
30	1
30	16
30	13
30	73
30	42
30	97
30	18
30	83
30	71
30	6
30	89
30	77
30	2
30	7
30	63
30	94
30	20
30	11
30	102
30	32
30	43
30	85
30	55
30	4
30	39
30	99
30	14
30	25
30	64
30	44
30	27
30	49
30	69
30	41
30	70
30	9
30	62
30	116
30	47
30	96
31	44
31	23
31	66
31	92
31	14
31	58
31	94
31	1
31	68
31	32
31	62
31	26
31	108
31	69
31	16
31	43
31	81
31	110
31	115
31	85
31	96
31	113
31	104
31	17
31	89
31	111
31	29
31	83
31	30
31	28
31	47
31	56
31	52
31	77
31	40
31	101
31	61
31	46
31	35
31	99
31	54
31	73
31	8
31	39
31	116
31	57
31	11
31	105
31	12
31	63
31	72
31	67
31	71
31	70
31	24
31	19
31	48
31	34
31	6
32	92
32	1
32	24
32	20
32	19
32	78
32	52
32	104
32	12
32	79
32	53
32	62
32	44
32	100
32	87
32	28
32	46
32	34
32	83
32	75
32	3
32	112
32	16
32	9
32	109
32	102
32	105
32	97
32	14
32	96
32	68
32	13
32	99
32	107
32	89
32	113
32	80
32	95
32	21
32	60
32	39
32	18
32	2
32	76
32	94
32	115
32	84
32	98
32	70
32	71
32	43
32	33
32	111
32	55
32	116
32	82
32	4
32	38
32	73
32	61
32	10
32	30
32	23
32	110
32	8
32	40
32	69
32	48
32	26
32	17
32	11
32	29
32	15
32	7
32	74
32	77
32	86
32	63
32	108
32	57
32	101
32	114
32	25
32	81
32	67
32	72
32	35
32	93
32	6
32	59
32	85
32	58
32	103
33	102
33	83
33	115
33	39
33	54
33	40
33	95
33	96
33	113
33	104
33	79
33	1
33	3
33	32
33	82
33	47
33	19
33	116
33	8
33	23
33	31
33	44
33	22
33	70
33	24
33	106
33	2
33	10
33	80
33	48
33	72
33	75
33	108
33	50
33	100
33	74
33	111
33	61
33	16
33	26
33	15
33	98
33	14
33	41
33	25
33	58
33	103
33	110
33	60
33	59
33	13
33	51
34	102
34	50
34	71
34	53
34	110
34	69
34	1
34	89
34	24
34	104
34	40
34	12
34	68
34	32
34	100
34	44
34	95
34	72
34	83
34	77
34	86
34	21
34	17
34	16
34	22
34	23
34	48
34	54
34	113
34	60
34	28
34	61
34	84
34	15
34	93
34	114
34	35
34	94
34	30
34	70
34	74
34	18
34	101
34	116
34	66
34	111
34	80
34	81
34	91
34	13
34	82
35	85
35	102
35	63
35	16
35	83
35	1
35	26
35	94
35	71
35	91
35	100
35	61
35	89
35	30
35	43
35	72
35	40
35	14
35	44
35	24
35	23
35	80
35	38
35	77
35	21
35	82
35	36
35	2
35	97
35	13
35	32
35	64
35	12
35	25
35	107
35	51
35	104
35	101
35	67
35	33
35	15
35	42
35	9
35	70
35	55
35	95
35	65
35	3
35	81
35	17
35	115
35	105
35	111
35	68
35	86
35	48
35	69
35	93
35	10
35	5
35	66
35	84
35	98
35	88
35	47
35	90
35	41
35	4
35	113
35	87
35	99
35	8
35	76
36	14
36	92
36	67
36	83
36	72
36	16
36	1
36	70
36	111
36	114
36	62
36	21
36	24
36	115
36	107
36	86
36	74
36	12
36	95
36	73
36	80
36	109
36	4
36	30
36	47
36	110
36	60
36	28
36	69
36	54
36	46
36	27
36	19
36	39
36	96
36	15
36	26
36	77
36	94
36	11
36	61
36	18
36	25
36	100
36	106
36	55
36	108
36	97
36	102
36	98
36	81
36	8
36	112
36	85
36	43
36	84
36	33
36	113
36	44
36	37
36	89
36	6
36	50
36	103
36	13
36	79
36	59
36	75
36	71
36	68
36	58
37	72
37	51
37	1
37	14
37	16
37	8
37	89
37	97
37	95
37	36
37	44
37	91
37	49
37	15
37	87
37	59
37	26
37	73
37	9
37	32
37	80
37	23
37	113
37	62
37	29
37	102
37	22
37	40
37	61
37	101
37	21
37	43
37	55
37	12
37	30
37	78
37	64
37	104
37	28
37	77
37	70
37	84
37	25
37	83
37	107
37	99
37	71
37	60
37	74
37	110
37	48
37	76
37	112
37	50
37	24
37	58
37	94
38	40
38	79
38	83
38	51
38	44
38	62
38	14
38	88
38	23
38	74
38	5
38	115
38	69
38	16
38	32
38	33
38	104
38	101
38	68
38	4
38	30
38	12
38	18
38	95
38	100
38	1
38	82
38	47
38	34
38	19
38	13
38	66
38	46
38	110
38	73
38	26
38	93
38	21
38	111
38	86
38	20
38	10
38	42
38	29
38	102
38	54
38	80
38	2
38	99
38	87
38	107
38	92
38	112
38	116
38	96
38	43
38	39
38	49
38	75
38	78
38	97
38	77
38	90
38	72
38	70
38	8
39	79
39	67
39	36
39	25
39	1
39	12
39	31
39	44
39	30
39	113
39	32
39	70
39	68
39	58
39	24
39	29
39	104
39	23
39	50
39	78
39	14
39	17
39	53
39	15
39	71
39	103
39	97
39	62
39	72
39	16
39	8
39	89
39	13
39	116
39	26
39	101
39	10
39	94
39	98
39	59
39	3
39	66
39	83
39	111
39	20
39	69
39	80
39	106
39	11
39	6
39	55
39	56
39	91
39	93
39	27
39	61
39	95
39	102
39	41
39	34
39	5
39	99
39	82
39	64
39	114
39	84
39	48
39	73
39	112
39	21
39	60
39	108
39	54
39	28
39	87
39	96
39	109
39	9
39	77
39	110
39	43
39	35
40	73
40	87
40	64
40	112
40	9
40	1
40	4
40	110
40	62
40	16
40	46
40	102
40	20
40	115
40	21
40	60
40	26
40	44
40	43
40	81
40	24
40	101
40	33
40	28
40	83
40	106
40	13
40	32
40	14
40	89
40	15
40	92
40	79
40	111
40	7
40	99
40	39
40	108
40	96
40	18
40	55
40	97
40	25
40	95
40	69
40	30
40	10
40	2
40	57
40	70
40	98
40	6
40	107
40	103
40	12
40	72
40	35
40	113
40	91
40	82
40	17
40	85
40	80
40	50
40	100
40	36
40	47
40	94
40	53
40	104
40	8
40	78
40	75
40	74
40	54
40	31
40	11
40	34
40	23
40	56
40	93
40	76
40	58
40	84
40	67
40	27
40	29
40	88
40	3
40	90
40	86
40	105
40	19
40	77
40	109
40	52
40	41
40	37
40	5
40	71
40	63
40	61
40	48
40	65
40	38
41	90
41	107
41	16
41	6
41	14
41	83
41	1
41	9
41	30
41	50
41	73
41	63
41	82
41	97
41	64
41	24
41	20
41	94
41	93
41	71
41	32
41	38
41	80
41	12
41	15
41	53
41	77
41	28
41	104
41	23
41	95
41	21
41	44
41	89
41	61
41	40
41	102
41	75
41	29
41	79
41	4
41	103
41	11
41	8
41	26
41	62
41	84
41	72
41	60
41	52
41	59
41	100
41	58
42	71
42	1
42	36
42	14
42	51
42	83
42	61
42	110
42	79
42	94
42	89
42	16
42	97
42	104
42	103
42	107
42	109
42	26
42	64
42	17
42	88
42	102
42	44
42	24
42	80
42	15
42	31
42	53
42	7
42	27
42	70
42	28
42	82
42	69
42	13
42	6
42	9
42	87
42	10
42	72
42	108
42	11
42	85
42	22
42	78
42	32
42	98
42	35
42	111
42	114
42	91
42	75
42	12
42	77
42	100
42	95
42	90
42	40
42	50
42	60
42	4
42	37
42	66
42	43
42	23
42	55
42	92
42	84
42	58
42	25
42	3
42	115
42	96
42	8
42	39
42	30
43	14
43	95
43	1
43	71
43	16
43	12
43	104
43	44
43	40
43	61
43	70
43	83
43	13
43	9
43	30
43	39
43	102
43	111
43	32
43	89
43	103
43	94
43	10
43	74
43	8
43	51
43	87
43	63
43	24
43	46
43	76
43	77
43	15
43	97
43	67
43	110
43	88
43	4
43	62
43	72
43	21
43	101
43	19
43	58
43	98
43	109
43	107
43	108
43	53
43	54
43	26
43	100
43	79
43	64
43	69
43	17
43	59
43	20
43	6
43	25
43	80
43	38
43	3
43	36
43	28
43	91
43	112
43	68
43	115
43	50
43	85
43	55
43	82
43	99
43	73
43	86
43	22
43	60
43	81
43	2
43	27
43	48
43	105
43	66
43	29
43	114
43	11
43	78
43	23
43	93
43	5
43	113
43	31
43	84
43	57
43	41
43	42
43	37
43	18
43	47
44	36
44	71
44	113
44	64
44	101
44	87
44	115
44	12
44	77
44	94
44	16
44	81
44	27
44	102
44	26
44	69
44	19
44	107
44	61
44	37
44	70
44	83
44	25
44	13
44	49
44	9
44	43
44	30
44	14
44	5
44	99
44	20
44	111
44	54
44	33
44	1
44	8
44	68
44	23
44	39
44	32
44	35
44	82
44	95
44	6
44	50
44	21
44	73
44	96
44	48
44	106
44	89
44	88
44	103
44	2
44	57
44	18
44	4
44	62
44	51
44	97
44	15
44	17
44	76
44	109
44	104
44	40
44	75
44	28
44	53
44	85
44	100
44	86
44	112
44	65
44	67
44	105
44	108
44	116
44	60
44	10
44	7
44	47
44	56
44	24
44	79
44	22
44	80
44	84
44	72
44	58
44	3
44	74
44	110
44	66
44	31
44	59
44	29
44	92
44	91
44	46
44	55
44	114
45	1
45	95
45	89
45	94
45	32
45	87
45	107
45	40
45	5
45	26
45	66
45	108
45	100
45	41
45	97
45	73
45	36
45	63
45	80
45	68
45	44
45	16
45	101
45	25
45	15
45	50
45	51
45	55
45	104
45	13
45	72
45	103
45	59
45	83
45	102
45	109
45	9
45	69
45	71
45	30
45	14
45	29
45	46
45	60
45	12
45	53
45	111
45	91
45	11
45	37
45	7
45	113
45	24
45	77
45	110
45	58
45	61
45	31
45	6
45	38
45	84
45	64
45	4
45	90
45	39
45	62
45	92
45	70
45	78
45	114
45	82
45	75
45	76
45	8
45	21
46	92
46	1
46	104
46	67
46	14
46	16
46	69
46	60
46	5
46	71
46	32
46	44
46	79
46	43
46	36
46	82
46	17
46	83
46	21
46	115
46	107
46	51
46	35
46	68
46	26
46	12
46	64
46	110
46	59
46	50
46	55
46	9
46	73
46	30
46	62
46	76
46	22
46	111
46	6
46	101
46	108
46	97
46	80
46	15
46	95
46	106
46	23
46	72
46	40
46	94
46	24
46	114
46	116
46	11
46	8
46	74
46	33
46	112
46	28
46	37
46	19
46	89
46	103
47	66
47	95
47	70
47	44
47	1
47	97
47	16
47	13
47	85
47	6
47	36
47	26
47	99
47	111
47	78
47	104
47	15
47	27
47	100
47	75
47	112
47	40
47	43
47	113
47	83
47	71
47	3
47	58
47	11
47	24
47	25
47	69
47	14
47	17
47	48
47	21
47	29
47	12
47	93
47	79
47	101
47	8
47	77
47	38
47	64
47	28
47	90
47	89
47	80
47	68
47	72
47	23
47	107
47	103
47	94
47	30
47	102
48	24
48	95
48	54
48	75
48	30
48	111
48	1
48	102
48	23
48	44
48	12
48	80
48	61
48	17
48	71
48	56
48	77
48	79
48	31
48	114
48	26
48	50
48	116
48	81
48	73
48	3
48	4
48	16
48	21
48	14
48	53
48	15
48	32
48	60
48	87
48	67
48	40
48	66
48	70
48	58
48	83
48	82
48	97
48	62
48	28
48	89
48	72
48	103
48	47
48	59
48	19
48	94
48	109
48	104
48	39
48	63
49	12
49	32
49	1
49	16
49	89
49	30
49	80
49	44
49	14
49	116
49	71
49	23
49	63
49	38
49	79
49	26
49	8
49	43
49	107
49	103
49	74
49	88
49	77
49	111
49	72
49	83
49	94
49	95
49	112
49	13
49	55
49	69
49	40
49	58
49	97
49	24
49	5
49	70
49	64
49	11
49	25
49	48
49	9
49	17
49	21
49	4
49	7
49	102
49	61
49	81
49	31
49	50
49	84
49	86
49	62
49	15
49	104
49	113
49	57
49	87
50	64
50	88
50	5
50	4
50	14
50	101
50	1
50	79
50	40
50	44
50	19
50	112
50	104
50	80
50	58
50	67
50	97
50	43
50	82
50	53
50	16
50	99
50	23
50	21
50	38
50	15
50	81
50	73
50	12
50	96
50	8
50	83
50	55
50	70
50	110
50	31
50	71
50	26
50	18
50	62
51	16
51	14
51	12
51	101
51	1
51	83
51	62
51	111
51	80
51	116
51	70
51	61
51	97
51	39
51	95
51	6
51	46
51	66
51	30
51	86
51	59
51	21
51	74
51	43
51	26
51	15
51	102
51	44
51	76
51	110
51	77
51	13
51	27
51	108
51	89
51	98
51	113
51	4
51	107
51	68
51	109
51	40
51	8
51	60
51	73
51	57
51	115
52	32
52	40
52	1
52	74
52	94
52	26
52	21
52	64
52	89
52	91
52	48
52	63
52	79
52	69
52	14
52	82
52	83
52	44
52	97
52	73
52	6
52	16
52	95
52	12
52	105
52	23
52	103
52	111
52	61
52	71
52	98
52	43
52	72
52	20
52	112
52	19
52	15
52	50
52	93
52	107
52	66
52	80
52	8
52	113
52	53
52	24
52	9
52	70
52	75
52	28
52	22
52	4
52	62
52	31
52	13
52	56
52	87
52	36
52	102
52	90
52	3
52	104
52	116
52	60
52	39
52	84
52	37
52	29
52	41
52	115
52	30
53	32
53	25
53	23
53	88
53	76
53	24
53	56
53	104
53	62
53	16
53	1
53	40
53	12
53	14
53	21
53	66
53	31
53	52
53	101
53	80
53	96
53	28
53	79
53	15
53	68
53	82
53	19
53	67
53	97
53	116
53	8
53	83
53	73
53	72
53	54
53	27
53	90
53	44
53	75
53	39
53	29
53	22
53	34
53	46
53	115
53	58
53	110
53	95
53	36
53	6
53	7
53	114
53	93
53	43
53	57
53	3
53	77
53	30
53	111
53	5
53	107
53	10
53	74
53	26
54	12
54	1
54	24
54	32
54	44
54	113
54	103
54	88
54	25
54	79
54	16
54	91
54	6
54	104
54	72
54	17
54	61
54	99
54	7
54	71
54	13
54	111
54	108
54	58
54	89
54	53
54	15
54	14
54	101
54	83
54	80
54	39
54	97
54	18
54	74
54	70
54	82
54	43
54	28
54	36
54	23
54	109
54	78
54	94
54	34
54	73
54	64
54	26
54	75
54	98
54	110
54	31
54	65
54	105
54	92
54	77
54	102
54	8
54	69
54	107
54	3
54	100
54	93
54	62
54	49
54	40
54	114
54	112
54	29
54	4
54	50
54	48
54	81
54	76
54	84
54	95
54	46
54	10
54	5
54	21
54	87
54	116
54	68
54	30
54	19
55	1
55	63
55	107
55	8
55	17
55	70
55	111
55	80
55	13
55	62
55	26
55	15
55	71
55	44
55	89
55	23
55	94
55	74
55	30
55	53
55	16
55	25
55	97
55	102
55	10
55	95
55	83
55	91
55	32
55	50
55	103
55	3
55	87
55	82
55	108
55	14
55	51
55	77
55	72
55	24
55	98
55	29
55	114
55	115
55	12
55	81
55	21
55	64
55	104
55	101
55	73
55	69
55	48
56	1
56	83
56	63
56	23
56	14
56	32
56	40
56	81
56	115
56	75
56	108
56	10
56	71
56	24
56	12
56	17
56	44
56	77
56	89
56	110
56	26
56	16
56	67
56	9
56	58
56	62
56	50
56	70
56	78
56	29
56	22
56	48
56	66
56	28
56	104
56	18
56	82
56	94
56	36
56	97
56	61
56	111
56	95
56	64
56	30
56	84
56	80
56	79
56	102
56	8
56	73
56	54
56	112
56	21
56	114
56	53
56	35
56	105
56	20
56	68
56	107
56	101
56	4
56	113
56	13
56	98
56	38
56	43
56	93
56	76
56	6
57	1
57	107
57	89
57	21
57	93
57	32
57	71
57	102
57	26
57	16
57	13
57	7
57	109
57	14
57	24
57	95
57	27
57	61
57	55
57	92
57	12
57	80
57	46
57	37
57	30
57	111
57	44
57	15
57	70
57	75
57	10
57	4
57	40
57	104
57	113
57	19
57	77
57	91
57	83
57	39
57	94
57	76
57	84
57	73
57	6
57	3
57	87
57	58
57	47
57	98
57	96
57	101
57	103
57	25
58	44
58	13
58	23
58	3
58	32
58	68
58	60
58	101
58	70
58	79
58	86
58	108
58	43
58	66
58	31
58	40
58	64
58	1
58	88
58	14
58	97
58	55
58	24
58	62
58	95
58	82
58	5
58	110
58	12
58	104
58	75
58	25
58	73
58	19
58	16
58	81
58	6
58	107
58	105
58	56
58	76
58	47
58	83
58	30
58	111
58	115
58	100
58	4
58	26
58	29
58	54
58	106
58	93
58	8
58	22
58	28
58	74
58	15
58	80
58	27
59	80
59	28
59	1
59	87
59	97
59	71
59	70
59	30
59	8
59	13
59	16
59	44
59	46
59	15
59	20
59	60
59	83
59	89
59	12
59	78
59	109
59	116
59	82
59	72
59	9
59	84
59	24
59	95
59	113
59	33
59	102
59	43
59	73
59	14
59	29
59	23
59	4
59	100
59	3
59	76
59	40
59	110
59	62
59	32
59	77
59	98
59	36
59	21
59	6
59	19
59	63
60	87
60	83
60	9
60	1
60	14
60	64
60	40
60	24
60	12
60	51
60	36
60	102
60	37
60	44
60	110
60	23
60	90
60	32
60	99
60	53
60	88
60	62
60	10
60	116
60	81
60	16
60	101
60	47
60	43
60	80
60	91
60	97
60	20
60	30
60	15
60	3
60	5
60	98
60	68
60	25
60	26
60	17
60	95
60	76
60	73
60	28
60	54
60	31
60	66
60	38
60	34
60	104
60	82
60	59
60	109
60	7
60	78
60	74
60	75
60	8
60	58
60	55
60	22
60	86
60	70
60	72
60	50
60	19
60	33
60	13
60	29
60	49
60	21
60	48
60	4
60	100
60	113
60	57
60	84
60	52
60	79
60	111
60	115
60	93
60	63
60	96
60	107
60	39
60	114
60	46
60	105
60	41
60	6
60	108
60	92
60	65
60	89
60	18
60	106
60	85
60	35
60	71
61	24
61	1
61	66
61	113
61	72
61	32
61	89
61	31
61	14
61	44
61	84
61	45
61	101
61	26
61	97
61	21
61	40
61	33
61	79
61	104
61	110
61	115
61	43
61	23
61	69
61	87
61	58
61	12
61	106
62	92
62	45
62	42
62	109
62	94
62	18
62	112
62	81
62	106
62	9
62	57
62	1
62	74
62	65
62	16
62	83
62	105
62	35
62	85
62	43
62	14
62	27
62	60
62	103
62	7
62	36
62	11
62	13
62	49
62	44
62	97
62	95
62	73
62	39
62	26
62	71
62	31
63	23
63	68
63	9
63	1
63	32
63	40
63	6
63	33
63	44
63	101
63	16
63	71
63	43
63	104
63	83
63	19
63	14
63	30
63	64
63	86
63	62
63	21
63	13
63	111
63	89
63	88
63	74
63	97
63	20
63	96
63	112
63	84
63	95
63	12
63	100
63	49
63	66
63	18
63	81
63	46
63	106
63	87
63	24
63	76
63	78
63	4
63	114
63	26
63	75
63	69
63	70
63	72
63	8
63	82
63	3
63	52
63	115
63	85
63	25
63	59
63	79
63	15
63	7
63	34
63	73
63	39
64	16
64	88
64	96
64	72
64	40
64	62
64	1
64	19
64	67
64	28
64	26
64	60
64	12
64	104
64	54
64	95
64	44
64	97
64	83
64	110
64	14
64	6
64	70
64	32
64	80
64	25
64	13
64	113
64	43
64	79
64	103
64	39
64	115
64	94
64	3
64	107
64	30
64	57
64	8
64	21
64	69
64	4
64	112
64	102
64	75
64	73
64	100
64	71
64	52
64	105
64	47
64	108
64	34
64	55
64	93
64	7
64	114
64	46
64	15
64	82
64	23
64	81
64	42
64	58
64	74
64	99
64	111
64	24
64	35
64	77
64	61
64	90
64	116
64	87
64	84
64	50
64	85
64	89
64	37
64	10
64	53
65	1
65	16
65	71
65	21
65	110
65	61
65	94
65	14
65	53
65	101
65	7
65	91
65	26
65	32
65	89
65	102
65	107
65	72
65	103
65	17
65	88
65	13
65	44
65	40
65	64
65	98
65	50
65	10
65	25
65	5
65	97
65	80
65	77
65	27
65	41
65	63
65	70
65	12
65	24
65	58
65	66
65	95
65	38
65	46
65	83
65	43
65	51
65	62
65	116
65	104
65	3
65	115
65	35
65	108
65	85
65	11
65	79
65	105
65	6
66	14
66	44
66	97
66	83
66	89
66	25
66	15
66	13
66	115
66	1
66	43
66	3
66	19
66	30
66	24
66	16
66	51
66	72
66	102
66	12
66	46
66	21
66	2
66	73
66	110
66	62
66	55
66	93
66	85
66	108
66	71
66	96
66	17
66	70
66	90
66	94
66	112
66	60
66	35
66	100
66	80
66	11
66	91
66	34
66	32
66	8
66	82
66	86
66	67
66	111
66	69
66	78
66	26
66	39
66	114
66	109
66	77
66	95
66	103
66	18
66	74
66	113
66	40
66	58
67	98
67	35
67	75
67	61
67	71
67	105
67	19
67	77
67	99
67	1
67	94
67	115
67	24
67	43
67	21
67	63
67	88
67	73
67	16
67	60
67	36
67	89
67	27
67	92
67	95
67	64
67	85
67	62
67	46
67	107
67	104
67	80
67	65
67	59
67	54
67	40
67	7
67	41
67	29
68	73
68	60
68	89
68	1
68	101
68	81
68	44
68	94
68	54
68	100
68	70
68	43
68	97
68	16
68	83
68	34
68	106
68	24
68	12
68	82
68	51
68	55
68	78
68	13
68	26
68	57
68	110
68	14
68	25
68	15
68	46
68	102
68	109
68	80
68	35
68	21
68	98
68	95
68	113
68	62
68	67
68	53
68	74
68	47
68	8
68	108
68	58
68	4
68	105
68	115
68	114
68	85
68	38
68	30
68	93
68	69
68	116
68	18
68	72
68	3
68	92
68	96
68	99
68	7
68	2
68	39
68	61
68	50
68	111
68	76
68	103
68	71
68	86
69	12
69	9
69	81
69	7
69	83
69	32
69	23
69	36
69	13
69	14
69	28
69	62
69	20
69	111
69	97
69	102
69	76
69	44
69	16
69	43
69	95
69	47
69	1
69	116
69	71
69	54
69	19
69	92
69	15
69	8
69	100
69	101
69	30
69	5
69	68
69	29
69	40
69	82
69	31
69	112
69	115
69	86
69	90
69	64
69	39
69	24
69	66
69	51
69	77
69	94
69	105
69	4
70	1
70	40
70	24
70	89
70	80
70	33
70	64
70	44
70	32
70	17
70	61
70	43
70	88
70	60
70	101
70	26
70	84
70	104
70	14
70	20
70	54
70	73
70	36
70	83
70	23
70	16
70	55
70	12
70	47
70	50
70	71
70	51
70	72
70	22
70	81
70	100
70	31
70	8
70	77
70	28
70	113
70	87
70	62
70	94
70	66
70	97
70	29
70	79
70	30
70	95
70	116
70	75
70	3
70	53
70	106
70	39
70	57
70	102
70	15
70	25
70	48
70	5
70	111
70	34
70	10
70	58
71	16
71	104
71	88
71	32
71	75
71	46
71	66
71	40
71	41
71	44
71	19
71	23
71	87
71	5
71	62
71	33
71	25
71	1
71	10
71	80
71	101
71	12
71	73
71	83
71	30
71	58
71	97
71	3
71	72
71	68
71	67
71	82
71	95
71	69
71	70
71	14
71	4
71	15
71	31
71	114
71	76
71	108
71	6
71	115
71	13
71	43
71	21
71	26
71	93
71	53
71	102
71	55
71	34
71	17
71	112
71	111
71	54
71	29
71	22
71	98
71	8
71	18
71	24
71	90
71	79
71	39
71	107
71	37
71	64
71	52
71	78
71	60
71	96
71	74
71	57
71	28
71	103
71	59
71	110
71	84
71	116
71	86
71	109
71	85
71	113
71	105
71	94
71	65
72	104
72	40
72	101
72	23
72	79
72	32
72	60
72	27
72	88
72	102
72	68
72	1
72	87
72	66
72	43
72	110
72	97
72	70
72	64
72	115
72	33
72	62
72	83
72	5
72	82
72	3
72	25
72	13
72	74
72	14
72	86
72	111
72	69
72	15
72	108
72	18
72	16
72	29
72	59
72	73
72	99
72	93
72	44
72	75
72	112
72	28
72	46
72	22
72	37
72	10
72	89
72	51
72	76
72	36
72	26
72	31
72	41
72	8
72	107
72	55
72	52
72	39
72	19
72	114
72	9
72	12
72	84
72	4
72	47
72	98
72	7
72	95
72	92
73	79
73	1
73	16
73	2
73	51
73	83
73	97
73	15
73	95
73	12
73	70
73	104
73	36
73	107
73	102
73	26
73	25
73	38
73	87
73	108
73	53
73	77
73	101
73	68
73	8
73	4
73	50
73	71
73	98
73	14
73	80
73	62
73	94
73	54
73	21
73	111
73	55
73	63
73	89
73	13
73	44
73	10
73	5
73	46
73	32
73	40
73	23
73	109
73	17
73	74
73	30
73	96
73	19
73	72
73	69
73	91
73	61
73	116
73	59
73	24
73	9
73	27
73	103
73	7
73	100
73	31
73	22
73	29
73	6
73	43
73	39
73	58
73	20
73	66
73	28
73	78
73	60
73	75
73	48
73	81
73	110
73	3
73	84
73	64
73	37
73	92
73	76
73	33
73	113
73	57
73	35
74	73
74	100
74	54
74	109
74	64
74	1
74	21
74	43
74	51
74	16
74	45
74	19
74	24
74	2
74	111
74	76
74	46
74	30
74	83
74	106
74	14
74	72
74	95
74	104
74	44
74	63
74	40
74	87
74	18
74	12
74	60
74	8
75	53
75	16
75	95
75	10
75	26
75	63
75	41
75	94
75	1
75	91
75	101
75	87
75	8
75	32
75	50
75	44
75	83
75	64
75	97
75	55
75	7
75	77
75	89
75	15
75	14
75	12
75	100
75	40
75	71
75	111
75	30
75	38
75	25
75	70
75	29
75	62
75	73
75	80
75	113
75	24
75	21
75	72
75	4
75	69
75	13
75	9
75	60
75	20
75	61
75	3
75	6
75	104
76	97
76	82
76	62
76	90
76	1
76	24
76	12
76	83
76	94
76	44
76	17
76	75
76	100
76	88
76	3
76	29
76	113
76	40
76	26
76	13
76	95
76	108
76	79
76	77
76	33
76	60
76	51
76	9
76	89
76	102
76	64
76	104
76	14
76	16
76	70
76	32
76	87
76	6
76	43
76	59
76	61
76	30
76	84
77	30
77	23
77	83
77	107
77	104
77	10
77	32
77	64
77	50
77	40
77	101
77	43
77	79
77	72
77	88
77	17
77	44
77	80
77	53
77	68
77	14
77	89
77	58
77	16
77	31
77	110
77	102
77	69
77	6
77	1
77	82
77	13
77	108
77	34
77	61
77	114
77	33
77	99
77	73
77	25
77	5
77	59
77	66
77	29
77	15
77	22
77	62
77	75
77	97
77	115
77	3
77	111
77	35
77	36
77	12
77	95
77	9
77	4
77	46
77	70
77	24
77	81
77	85
77	63
77	100
77	92
77	37
77	76
77	51
77	55
77	78
77	54
77	74
77	48
77	90
77	112
77	18
77	93
77	57
77	116
77	21
77	26
77	96
77	38
77	28
77	8
77	87
77	39
77	106
77	98
77	47
77	41
78	1
78	97
78	88
78	13
78	26
78	95
78	40
78	14
78	71
78	12
78	89
78	8
78	16
78	94
78	44
78	68
78	43
78	83
78	61
78	73
78	99
78	80
78	66
78	23
78	59
78	101
78	21
78	62
78	65
78	4
78	77
78	98
78	32
78	58
78	103
78	69
78	102
78	46
78	70
78	5
78	84
78	92
78	104
78	49
78	25
78	6
78	20
78	111
79	50
79	1
79	24
79	14
79	91
79	92
79	53
79	15
79	102
79	44
79	16
79	97
79	70
79	8
79	60
79	27
79	111
79	3
79	87
79	9
79	2
79	52
79	12
79	64
79	63
79	19
79	72
79	67
79	32
79	83
79	33
79	20
79	21
79	81
79	89
79	82
79	56
79	30
79	73
79	43
79	6
79	115
79	26
79	99
79	10
79	34
79	58
79	46
79	4
79	13
79	100
79	104
79	109
79	76
79	69
79	84
79	71
79	47
79	74
79	29
79	106
79	62
79	40
79	61
79	94
79	108
79	5
79	25
79	86
79	80
79	77
79	68
79	98
79	23
79	95
79	105
79	113
79	7
79	35
79	96
79	57
80	40
80	75
80	76
80	86
80	79
80	32
80	21
80	87
80	68
80	101
80	33
80	23
80	60
80	1
80	54
80	108
80	93
80	36
80	67
80	66
80	83
80	115
80	104
80	14
80	19
80	62
80	97
80	16
80	8
80	111
80	99
80	88
80	57
80	30
80	12
80	70
80	43
80	73
80	84
80	34
80	96
80	25
80	20
80	91
80	81
80	58
80	82
80	95
80	65
80	47
80	59
80	9
80	46
80	22
80	11
80	28
80	13
80	44
80	29
80	116
80	10
80	39
80	52
80	7
80	107
80	31
80	109
80	98
80	41
80	90
80	89
80	92
80	63
80	50
80	78
80	94
80	6
80	69
80	64
80	4
80	74
80	102
80	15
80	27
80	71
80	38
80	103
80	37
80	110
80	85
80	3
80	26
80	18
80	55
80	77
80	114
80	51
81	1
81	83
81	94
81	58
81	104
81	71
81	13
81	97
81	69
81	32
81	102
81	89
81	12
81	28
81	16
81	110
81	21
81	15
81	30
81	61
81	72
81	109
81	23
81	80
81	24
81	50
81	14
81	26
81	8
81	82
81	44
81	53
81	111
81	6
81	77
81	38
81	108
81	93
81	5
81	98
81	112
81	34
81	25
81	54
81	60
81	107
81	39
81	17
81	70
81	19
81	7
81	115
81	48
81	40
81	114
81	64
81	36
81	4
81	11
81	95
81	100
81	31
81	79
81	43
81	68
81	99
81	84
81	10
81	66
81	62
81	74
81	73
81	85
81	3
81	113
81	91
81	101
81	20
81	46
81	87
81	33
81	9
81	59
81	103
81	92
81	55
81	63
82	1
82	61
82	56
82	20
82	97
82	12
82	16
82	95
82	41
82	52
82	89
82	79
82	35
82	63
82	14
82	43
82	21
82	111
82	80
82	50
82	102
82	17
82	91
82	6
82	40
82	24
82	71
82	13
82	26
82	44
82	100
82	38
82	10
82	62
82	72
82	9
82	87
82	104
82	83
82	84
82	27
82	60
82	81
82	64
82	4
82	110
82	115
82	109
82	70
82	32
82	8
82	94
82	48
82	103
82	53
82	73
82	5
82	33
82	112
82	77
82	57
82	46
83	105
83	43
83	24
83	94
83	16
83	81
83	57
83	1
83	73
83	14
83	40
83	112
83	61
83	111
83	17
83	13
83	21
83	44
83	99
83	45
83	80
83	58
83	69
83	103
83	36
83	107
83	97
83	89
83	42
83	18
83	12
83	41
83	38
83	65
83	102
83	62
83	4
83	22
83	23
83	95
83	70
83	92
83	115
83	19
83	47
83	39
83	26
83	100
83	74
83	30
83	75
83	50
83	67
83	84
83	10
83	106
83	5
83	64
83	71
83	86
83	113
83	51
83	59
83	91
83	46
83	77
83	96
83	85
83	72
83	108
83	8
83	109
84	104
84	32
84	28
84	116
84	15
84	53
84	22
84	111
84	56
84	31
84	29
84	100
84	44
84	16
84	1
84	39
84	12
84	79
84	55
84	26
84	94
84	24
84	40
84	23
84	25
84	8
84	112
84	102
84	66
84	96
84	2
84	114
84	113
84	101
84	97
84	115
84	50
84	37
84	19
84	41
84	80
84	83
84	47
84	14
84	87
84	48
84	81
84	64
84	110
84	54
85	16
85	1
85	113
85	26
85	49
85	63
85	65
85	43
85	44
85	112
85	89
85	25
85	14
85	31
85	97
85	71
85	80
85	36
85	35
85	91
85	61
85	73
85	94
85	38
85	70
85	111
85	21
85	32
85	17
85	101
85	62
85	10
85	115
85	103
85	77
85	13
85	72
85	67
85	40
85	47
85	98
85	24
85	95
85	60
85	76
85	58
85	68
85	30
85	57
85	83
86	44
86	97
86	69
86	102
86	99
86	106
86	32
86	112
86	23
86	3
86	54
86	1
86	83
86	66
86	14
86	33
86	95
86	26
86	40
86	36
86	15
86	104
86	88
86	16
86	62
86	21
86	73
86	30
86	19
86	34
86	47
86	101
86	13
86	80
86	68
86	18
86	12
86	74
86	61
86	96
86	105
86	43
86	85
86	89
86	115
86	81
86	100
86	4
86	67
86	24
86	103
86	39
86	10
86	58
86	75
86	109
86	107
86	11
86	110
86	79
86	70
86	51
86	116
86	98
86	25
86	77
86	82
86	94
86	8
86	90
86	50
86	108
86	78
86	28
86	93
86	35
86	59
86	37
87	79
87	39
87	104
87	75
87	115
87	3
87	19
87	13
87	44
87	24
87	54
87	88
87	29
87	32
87	53
87	76
87	31
87	8
87	58
87	16
87	50
87	1
87	86
87	48
87	81
87	25
87	40
87	61
87	23
87	80
87	2
87	5
87	14
87	62
87	102
87	10
87	83
87	17
87	47
87	30
87	73
87	72
87	70
87	110
87	94
87	21
87	96
87	55
87	91
87	116
87	97
87	84
87	95
87	52
87	59
87	28
87	82
87	68
87	98
87	22
87	89
87	113
87	43
87	107
87	64
87	111
87	12
87	15
87	6
87	26
87	60
87	34
88	21
88	64
88	19
88	44
88	79
88	71
88	30
88	16
88	12
88	77
88	1
88	104
88	60
88	26
88	83
88	43
88	14
88	32
88	6
88	2
88	65
88	103
88	57
88	69
88	17
88	74
88	89
88	46
88	73
88	102
88	54
88	97
88	62
88	13
88	110
88	70
88	31
88	115
88	95
88	111
88	107
88	86
88	50
88	80
88	112
88	8
88	24
88	81
88	15
88	84
88	39
88	25
88	58
88	61
88	96
89	80
89	96
89	23
89	54
89	40
89	26
89	73
89	44
89	19
89	7
89	32
89	13
89	112
89	81
89	1
89	108
89	47
89	116
89	102
89	43
89	18
89	99
89	68
89	101
89	15
89	14
89	115
89	88
89	39
89	16
89	72
89	69
89	21
89	83
89	57
89	66
89	12
89	35
89	104
89	114
89	25
89	62
89	95
89	22
89	93
89	11
89	6
89	2
89	10
89	46
89	67
89	8
89	51
89	111
89	74
89	82
89	97
89	49
89	3
89	79
89	75
89	36
89	78
89	90
89	9
89	98
89	4
89	58
89	76
89	70
89	30
89	106
89	59
89	45
89	77
90	76
90	12
90	1
90	16
90	73
90	15
90	80
90	51
90	72
90	26
90	24
90	53
90	91
90	78
90	41
90	50
90	32
90	104
90	10
90	89
90	17
90	74
90	103
90	30
90	101
90	97
90	87
90	44
90	62
90	18
90	25
90	83
90	105
90	99
90	111
90	13
90	68
90	71
90	8
90	59
90	27
90	11
90	107
90	36
90	94
90	23
90	21
90	77
90	43
90	35
90	40
90	22
90	66
90	95
90	29
90	106
90	116
90	79
90	64
90	81
90	112
90	14
90	75
90	3
90	102
90	49
90	84
90	5
90	67
90	56
90	113
90	4
90	70
90	109
90	69
90	63
90	48
90	60
90	61
90	34
90	9
90	82
90	85
91	1
91	12
91	70
91	53
91	25
91	10
91	6
91	79
91	58
91	30
91	32
91	24
91	15
91	82
91	39
91	97
91	104
91	8
91	50
91	3
91	72
91	68
91	107
91	48
91	31
91	101
91	40
91	54
91	26
91	44
91	28
91	17
91	66
91	16
91	14
91	19
91	83
91	62
91	29
91	102
91	110
91	47
91	80
91	41
91	23
91	95
91	18
91	89
91	96
91	35
91	112
92	95
92	30
92	97
92	1
92	44
92	12
92	14
92	107
92	61
92	71
92	63
92	16
92	66
92	105
92	58
92	69
92	70
92	62
92	83
92	13
92	10
92	113
92	26
92	40
92	17
92	76
92	23
92	111
92	74
92	3
92	89
92	103
92	6
92	68
92	80
92	43
92	94
92	77
92	15
92	102
92	32
92	31
92	21
92	64
92	100
92	20
92	36
92	9
92	96
93	43
93	1
93	56
93	52
93	35
93	14
93	111
93	26
93	16
93	63
93	89
93	71
93	99
93	85
93	60
93	30
93	102
93	44
93	94
93	11
93	80
93	97
93	22
93	17
93	61
93	8
93	55
93	72
93	41
93	110
93	32
93	12
93	10
93	59
93	64
93	88
93	103
93	98
93	54
93	105
93	47
93	9
94	12
94	23
94	14
94	58
94	97
94	112
94	16
94	88
94	32
94	40
94	44
94	72
94	80
94	70
94	67
94	101
94	73
94	10
94	8
94	24
94	111
94	68
94	105
94	54
94	30
94	82
94	99
94	83
94	3
94	1
94	66
94	6
94	15
94	17
94	90
94	79
94	64
94	43
94	93
94	27
94	98
94	89
94	4
94	18
94	34
94	61
94	108
94	109
94	62
94	95
94	106
94	19
94	74
94	81
94	59
94	11
94	35
94	53
94	102
94	92
94	115
94	104
94	22
94	29
94	65
94	52
94	56
94	28
94	76
94	7
94	46
94	36
94	13
94	96
94	21
94	114
94	75
94	39
94	78
94	100
94	116
94	5
94	33
94	41
94	84
94	69
94	38
94	107
94	85
94	57
94	87
94	47
94	63
94	71
94	25
94	110
94	26
95	12
95	73
95	43
95	41
95	1
95	14
95	63
95	103
95	99
95	2
95	16
95	54
95	39
95	85
95	35
95	97
95	105
95	19
95	48
95	20
95	81
95	87
95	61
95	11
95	83
95	8
95	15
95	70
95	80
95	23
95	89
95	77
95	109
95	101
95	32
95	102
95	44
95	27
95	60
95	29
95	24
95	36
95	115
95	94
95	65
95	33
95	18
95	45
95	66
95	64
95	49
96	44
96	16
96	15
96	70
96	1
96	13
96	14
96	24
96	94
96	53
96	104
96	99
96	90
96	80
96	34
96	89
96	71
96	6
96	111
96	30
96	68
96	98
96	78
96	105
96	12
96	25
96	77
96	97
96	114
96	26
96	17
96	107
96	95
96	32
96	113
96	116
96	31
96	93
96	64
96	83
96	36
96	109
96	101
96	33
96	91
96	84
96	50
96	58
96	3
96	40
96	5
96	75
96	76
96	11
96	72
96	2
96	8
96	28
96	92
96	60
96	103
96	66
96	74
96	38
96	86
96	21
96	61
96	79
97	43
97	106
97	109
97	41
97	89
97	45
97	1
97	49
97	65
97	105
97	42
97	24
97	18
97	27
97	16
97	30
97	20
97	26
97	38
97	78
97	103
97	57
97	102
97	13
97	83
97	99
97	33
97	12
97	72
97	67
97	115
97	62
97	7
97	40
97	92
97	28
97	101
97	100
97	9
97	112
97	14
97	81
97	44
97	111
97	19
97	73
97	77
97	94
97	70
97	87
97	114
97	60
97	66
97	71
97	5
97	80
98	16
98	62
98	75
98	32
98	40
98	72
98	104
98	17
98	80
98	10
98	88
98	57
98	64
98	101
98	58
98	1
98	14
98	24
98	97
98	87
98	35
98	95
98	44
98	102
98	15
98	23
98	59
98	68
98	36
98	20
98	82
98	12
98	108
98	93
98	19
98	76
98	22
98	83
98	33
98	66
98	29
98	41
98	79
98	9
98	28
98	4
98	26
98	54
98	51
98	86
98	5
98	30
98	27
98	110
98	60
98	112
98	84
98	43
98	115
98	94
98	25
98	78
99	1
99	102
99	83
99	44
99	12
99	14
99	71
99	88
99	54
99	13
99	94
99	79
99	16
99	111
99	108
99	51
99	50
99	89
99	97
99	46
99	95
99	19
99	17
99	2
99	70
99	10
99	80
99	21
99	55
99	62
99	43
99	77
99	25
99	64
99	26
99	53
99	103
99	96
99	74
99	107
99	40
99	76
99	63
99	38
99	5
99	115
99	104
99	47
99	32
99	9
99	98
99	75
99	23
99	30
99	24
99	72
99	61
99	29
99	90
99	15
99	31
99	58
99	8
99	84
99	87
99	3
100	11
100	42
100	112
100	1
100	81
100	106
100	105
100	55
100	18
100	45
100	92
100	35
100	85
100	27
100	14
100	109
100	71
100	83
100	65
100	73
100	57
100	16
100	7
100	94
101	14
101	4
101	24
101	51
101	73
101	5
101	1
101	95
101	44
101	12
101	16
101	60
101	43
101	6
101	25
101	46
101	83
101	102
101	21
101	97
101	111
101	107
101	71
101	109
101	26
101	106
101	66
101	80
101	82
101	90
101	17
101	15
101	54
101	30
101	53
101	55
101	99
101	50
101	96
101	100
101	13
101	78
101	62
101	70
101	52
101	112
101	98
101	77
101	39
101	69
101	11
101	94
101	40
101	18
101	72
101	115
101	116
101	81
101	110
101	2
101	47
101	8
101	19
101	3
101	86
101	64
101	74
101	32
101	61
101	84
101	113
101	93
101	108
101	34
101	85
101	87
101	91
101	59
101	89
101	57
101	56
102	1
102	2
102	19
102	107
102	26
102	55
102	47
102	96
102	101
102	83
102	24
102	99
102	109
102	70
102	21
102	51
102	16
102	73
102	44
102	38
102	12
102	63
102	71
102	14
102	97
102	94
102	53
102	72
102	69
102	11
102	74
102	35
102	43
102	89
102	36
102	62
102	30
102	15
102	13
102	9
102	4
102	23
102	92
102	81
102	5
102	80
102	40
102	85
102	111
102	76
102	103
102	41
102	54
102	25
103	31
103	58
103	12
103	16
103	75
103	102
103	1
103	17
103	64
103	70
103	72
103	3
103	97
103	62
103	39
103	24
103	14
103	13
103	26
103	43
103	95
103	44
103	28
103	90
103	6
103	74
103	114
103	83
103	113
103	105
103	23
103	89
103	101
103	8
103	80
103	40
103	30
103	111
103	82
103	73
103	71
103	92
103	69
103	93
103	46
103	53
103	68
103	2
103	19
103	32
103	38
103	107
103	66
103	76
103	57
103	63
103	77
103	67
104	79
104	14
104	13
104	44
104	24
104	16
104	53
104	95
104	1
104	63
104	87
104	17
104	62
104	113
104	4
104	21
104	83
104	9
104	32
104	98
104	33
104	72
104	70
104	97
104	37
104	60
104	20
104	64
104	52
104	30
104	90
104	82
104	102
104	18
104	109
104	80
104	71
104	3
104	10
104	91
104	114
104	26
104	8
104	54
104	6
104	12
104	2
104	15
104	89
104	19
104	111
104	112
104	67
104	96
104	41
104	76
104	78
104	73
104	40
104	39
104	11
104	7
104	34
104	77
104	58
104	50
104	81
104	107
104	22
104	103
104	68
104	23
104	43
104	25
104	31
104	93
104	115
104	100
104	29
104	56
104	74
104	55
104	94
104	105
104	84
104	110
104	38
104	61
104	92
104	116
104	69
104	5
104	28
104	46
104	59
105	24
105	80
105	89
105	1
105	27
105	44
105	92
105	60
105	40
105	32
105	3
105	26
105	77
105	72
105	108
105	103
105	63
105	102
105	23
105	71
105	16
105	14
105	66
105	97
105	67
105	62
105	8
105	29
105	113
105	22
105	85
105	95
105	116
105	31
105	82
105	5
105	13
105	4
105	101
105	84
105	83
105	64
105	75
105	28
105	12
105	59
105	100
105	68
105	79
105	110
106	16
106	44
106	71
106	1
106	113
106	77
106	89
106	6
106	21
106	12
106	104
106	97
106	103
106	105
106	61
106	14
106	80
106	27
106	15
106	58
106	13
106	8
106	72
106	34
106	24
106	26
106	101
106	94
106	102
106	29
106	111
106	69
106	31
106	50
106	70
106	79
106	98
106	23
106	3
106	48
106	95
106	35
106	55
106	51
106	11
106	59
106	9
106	107
106	81
106	18
106	91
106	66
106	76
106	83
106	60
106	2
106	114
107	101
107	24
107	105
107	112
107	81
107	1
107	74
107	102
107	12
107	66
107	14
107	27
107	65
107	109
107	103
107	35
107	49
107	16
107	94
107	77
107	53
107	11
107	45
107	73
107	64
107	88
107	86
107	42
107	99
107	44
107	43
107	95
107	106
107	5
107	40
107	80
107	18
107	100
107	68
108	44
108	7
108	86
108	14
108	83
108	4
108	78
108	16
108	24
108	17
108	102
108	15
108	12
108	100
108	59
108	40
108	89
108	43
108	104
108	1
108	32
108	27
108	53
108	112
108	50
108	71
108	28
108	93
108	87
108	66
108	95
108	6
108	35
108	101
108	30
108	74
108	29
108	10
108	9
108	68
108	25
108	79
108	62
108	23
108	84
108	82
108	8
108	81
108	26
108	76
108	107
108	111
108	18
108	55
108	114
108	13
108	51
108	57
108	73
108	94
108	77
108	88
108	97
108	54
108	21
108	105
108	80
109	1
109	14
109	60
109	95
109	73
109	13
109	111
109	38
109	9
109	99
109	16
109	12
109	62
109	72
109	3
109	32
109	18
109	39
109	100
109	104
109	106
109	7
109	23
109	43
109	55
109	97
109	102
109	85
109	112
109	5
109	70
109	10
109	24
109	94
109	67
109	61
109	114
109	83
109	44
109	26
109	58
109	63
109	80
109	6
109	50
110	44
110	14
110	87
110	74
110	40
110	1
110	47
110	79
110	101
110	36
110	31
110	107
110	108
110	69
110	16
110	6
110	51
110	43
110	35
110	33
110	13
110	111
110	91
110	90
110	62
110	8
110	3
110	114
110	21
110	23
110	7
110	76
110	60
110	12
110	102
110	95
110	83
110	24
110	94
110	82
110	64
110	4
110	48
110	5
110	78
110	9
110	53
110	37
110	85
110	84
110	113
110	81
110	66
110	71
110	104
110	32
111	37
111	15
111	109
111	43
111	24
111	73
111	67
111	14
111	54
111	1
111	16
111	107
111	83
111	49
111	4
111	44
111	94
111	12
111	77
111	7
111	21
111	13
112	16
112	102
112	23
112	45
112	1
112	26
112	97
112	78
112	50
112	53
112	6
112	89
112	12
112	24
112	71
112	94
112	83
112	21
112	28
112	13
112	104
112	107
112	91
112	25
112	61
112	14
112	4
112	46
112	82
112	72
112	40
112	64
112	69
112	95
112	80
112	103
112	44
112	77
112	111
112	79
112	58
112	7
112	109
112	15
112	70
112	38
112	108
112	29
112	114
112	34
112	101
112	115
112	100
112	54
112	5
112	48
112	32
112	8
112	31
112	98
112	84
112	75
112	60
112	36
112	62
112	90
112	67
112	106
112	74
112	88
112	56
112	86
112	85
112	19
112	63
112	87
112	9
112	30
112	113
112	51
112	66
112	3
112	11
112	43
112	81
112	59
112	39
113	87
113	23
113	72
113	24
113	32
113	101
113	40
113	104
113	16
113	68
113	83
113	28
113	110
113	49
113	54
113	66
113	62
113	25
113	102
113	26
113	103
113	88
113	65
113	109
113	114
113	14
113	47
113	9
113	13
113	1
113	18
113	10
113	64
113	19
113	96
113	43
113	36
113	73
113	52
113	22
113	81
113	89
113	46
113	95
113	93
113	75
113	15
113	86
113	2
113	79
113	100
113	85
113	33
113	3
113	111
113	30
113	116
113	115
113	63
113	12
113	80
113	37
113	39
113	44
113	53
113	48
113	82
113	105
113	21
113	8
113	112
113	92
113	97
113	35
113	91
113	99
113	98
113	90
113	106
113	50
113	94
113	7
113	41
113	29
113	4
113	108
113	84
113	76
114	35
114	16
114	25
114	26
114	77
114	44
114	97
114	107
114	1
114	57
114	8
114	43
114	11
114	102
114	92
114	36
114	32
114	94
114	85
114	21
114	24
114	62
114	10
114	12
114	105
114	84
114	70
114	14
114	4
114	83
114	60
114	50
114	74
114	58
114	73
114	111
114	89
115	104
115	67
115	79
115	25
115	32
115	62
115	53
115	24
115	16
115	1
115	61
115	66
115	28
115	14
115	3
115	98
115	13
115	80
115	91
115	47
115	54
115	8
115	31
115	95
115	107
115	30
115	116
115	70
115	15
115	44
115	58
115	103
115	97
115	26
115	83
115	72
115	94
115	40
115	56
115	12
115	69
115	71
115	73
115	64
115	23
115	101
115	48
115	7
115	85
115	50
115	17
115	114
115	11
115	113
115	76
115	77
115	82
115	22
115	29
115	2
115	60
115	4
115	89
115	93
115	78
115	111
115	75
115	46
115	21
115	110
115	36
115	37
115	43
115	5
115	19
115	87
115	59
115	33
115	68
115	45
115	34
115	10
115	6
115	39
115	112
115	102
115	90
115	106
116	73
116	43
116	91
116	31
116	16
116	35
116	38
116	65
116	111
116	7
116	50
116	1
116	113
116	69
116	49
116	61
116	97
116	99
116	30
116	80
116	102
116	32
116	11
116	71
116	21
116	14
116	60
116	94
116	53
116	101
116	70
116	26
116	105
116	12
116	83
116	81
116	104
116	3
116	33
116	44
116	89
116	24
116	103
116	110
116	51
