1	152
1	2
1	149
1	88
1	67
1	110
1	73
1	22
1	41
1	99
1	75
1	133
1	33
1	95
1	49
1	20
1	7
1	125
1	139
1	115
1	111
1	37
1	87
1	57
1	140
1	54
1	137
1	100
1	45
1	83
1	153
1	56
1	119
1	17
1	42
1	98
1	76
1	102
1	118
1	122
1	145
1	109
1	50
1	103
1	29
1	58
1	94
1	19
1	46
1	10
1	144
1	78
2	149
2	41
2	67
2	110
2	95
2	75
2	73
2	17
2	49
2	125
2	7
2	39
2	12
2	155
2	99
2	1
2	81
2	135
2	56
2	120
2	33
2	78
2	51
2	93
2	157
2	11
2	144
2	87
2	137
2	102
2	104
2	35
2	111
2	21
2	46
2	85
2	61
2	32
2	140
2	94
2	26
2	14
2	23
2	37
2	88
2	54
2	106
2	154
2	153
2	18
2	112
2	53
2	59
2	83
2	55
2	50
2	145
2	82
2	30
2	58
2	65
2	57
2	15
2	158
2	107
2	141
2	48
2	127
2	115
2	109
2	22
2	103
2	45
2	126
3	127
3	75
3	54
3	115
3	41
3	112
3	120
3	153
3	6
3	110
3	7
3	22
3	56
3	119
3	111
3	99
3	46
3	78
3	17
3	50
3	149
3	133
3	51
3	57
3	100
3	37
3	145
3	26
3	125
3	38
3	146
3	103
3	95
3	140
3	35
3	138
3	117
3	144
3	73
3	83
3	137
3	63
3	98
3	33
3	21
3	72
3	31
3	116
3	49
3	39
3	59
3	122
3	109
3	156
3	157
3	80
3	48
3	53
3	90
3	30
3	85
3	118
3	12
3	40
3	67
3	121
3	13
3	132
3	131
3	159
3	150
3	5
3	44
3	29
3	93
4	116
4	158
4	100
4	94
4	54
4	83
4	90
4	110
4	46
4	142
4	7
4	40
4	75
4	92
4	72
4	65
4	127
4	155
4	35
4	47
4	66
4	61
4	148
4	145
4	33
4	106
4	119
4	120
4	99
4	79
4	32
4	56
4	111
4	131
4	38
4	49
4	23
4	12
4	25
4	21
4	34
4	136
4	149
4	129
4	140
4	51
4	151
4	125
4	19
4	109
4	52
5	99
5	132
5	93
5	103
5	110
5	146
5	140
5	75
5	22
5	95
5	111
5	134
5	51
5	23
5	33
5	56
5	82
5	100
5	12
5	60
5	144
5	149
5	120
5	123
5	7
5	145
5	67
5	40
5	59
5	29
5	50
5	127
5	150
5	45
5	35
5	125
5	26
5	81
5	138
5	131
5	19
5	39
5	46
5	25
5	106
5	63
5	94
5	121
5	109
5	11
5	126
5	129
5	57
5	17
5	6
5	136
5	118
5	104
5	8
5	139
5	71
6	110
6	22
6	138
6	142
6	159
6	99
6	98
6	79
6	136
6	19
6	127
6	9
6	51
6	157
6	70
6	48
6	56
6	46
6	105
6	81
6	35
6	140
6	119
6	75
6	111
6	107
6	121
6	122
6	43
6	125
6	145
6	7
6	104
6	89
6	68
6	71
6	39
6	25
6	82
6	41
6	147
6	126
6	67
6	144
6	24
6	36
6	95
6	132
6	154
6	63
6	90
6	80
6	66
6	149
6	73
6	61
6	72
6	57
6	102
6	29
6	11
6	151
6	52
6	87
6	85
6	21
6	49
6	116
6	47
6	23
6	123
6	15
6	146
7	122
7	105
7	115
7	136
7	142
7	27
7	89
7	99
7	138
7	70
7	30
7	127
7	48
7	145
7	134
7	71
7	108
7	104
7	110
7	154
7	8
7	36
7	112
7	131
7	68
7	84
7	81
7	116
7	119
7	133
7	41
7	75
7	85
7	111
7	23
7	86
7	150
7	144
7	149
7	118
7	39
7	90
7	33
7	47
7	93
7	125
7	44
7	59
7	146
7	46
7	100
7	32
7	25
7	66
7	80
7	15
7	77
7	83
7	158
7	42
7	5
7	35
7	109
7	10
7	22
7	34
7	37
7	29
7	18
7	95
7	102
7	53
7	61
7	9
7	151
7	51
7	123
7	79
7	28
7	50
7	17
7	126
7	64
7	107
7	11
7	114
7	72
7	106
7	4
7	40
7	31
7	63
7	1
7	21
7	153
7	113
7	92
7	60
7	12
7	55
7	38
7	6
7	101
7	13
7	103
7	78
7	20
7	67
7	139
7	14
7	97
7	137
7	135
7	156
7	82
7	65
7	54
7	73
7	57
7	117
7	141
7	56
7	121
7	43
7	120
7	143
7	128
7	76
7	129
7	140
7	49
7	98
7	62
7	152
7	58
7	52
7	94
7	148
7	3
7	130
8	36
8	7
8	154
8	17
8	145
8	83
8	18
8	41
8	136
8	75
8	110
8	127
8	99
8	120
8	119
8	153
8	111
8	45
8	16
8	150
8	54
8	10
8	94
8	97
8	35
8	146
8	95
8	22
8	71
8	52
8	86
8	152
8	125
8	138
8	43
8	79
8	51
8	142
8	89
8	64
8	115
8	25
8	13
8	58
8	56
8	137
8	158
8	48
8	31
8	122
8	106
8	67
8	118
8	80
8	19
8	149
8	9
8	62
8	100
8	30
8	44
8	61
8	11
8	81
8	21
8	104
8	93
8	117
8	133
8	139
8	46
8	29
8	148
8	90
8	132
8	1
8	74
8	105
8	140
8	103
8	42
8	109
8	129
8	23
8	151
8	4
8	76
8	141
8	128
8	77
8	40
8	156
8	131
9	131
9	83
9	127
9	28
9	122
9	66
9	75
9	100
9	125
9	81
9	117
9	39
9	142
9	136
9	99
9	46
9	22
9	112
9	119
9	25
9	110
9	67
9	108
9	93
9	77
9	138
9	97
9	95
9	85
9	12
9	104
9	98
9	34
9	159
9	145
9	51
9	38
9	70
9	73
9	50
9	88
9	153
9	42
9	84
9	4
9	126
9	144
9	149
9	7
9	30
9	132
9	26
9	49
9	158
9	116
9	133
9	71
9	109
9	8
9	55
9	41
9	68
9	76
9	44
9	64
9	137
9	52
9	90
9	5
10	53
10	44
10	140
10	22
10	7
10	152
10	56
10	99
10	59
10	25
10	122
10	46
10	141
10	134
10	110
10	138
10	149
10	136
10	158
10	101
10	75
10	112
10	116
10	148
10	51
10	125
10	139
10	100
10	131
10	21
10	150
10	142
11	138
11	122
11	98
11	142
11	70
11	32
11	75
11	110
11	127
11	33
11	60
11	7
11	22
11	154
11	56
11	125
11	59
11	48
11	100
11	150
11	80
11	159
11	72
11	149
11	86
11	51
11	153
11	108
11	35
11	66
11	46
11	34
11	15
11	79
11	71
11	97
11	36
11	99
11	38
11	111
11	54
11	121
11	10
11	130
11	116
11	44
11	118
11	8
11	64
11	82
11	132
11	84
11	62
11	4
11	40
11	95
11	78
11	137
11	30
11	126
11	94
11	83
11	14
11	61
11	93
11	67
11	39
11	41
11	120
11	18
11	91
11	112
11	49
11	65
11	6
11	37
11	88
11	152
11	145
11	21
11	5
11	139
11	124
11	128
11	134
11	58
11	148
11	77
11	103
11	81
11	17
11	144
11	52
11	119
12	69
12	140
12	41
12	86
12	114
12	13
12	16
12	110
12	113
12	28
12	74
12	19
12	33
12	75
12	31
12	101
12	95
12	111
12	119
12	106
12	46
12	99
12	90
12	45
12	102
12	55
12	3
12	93
12	144
12	127
12	47
12	67
12	129
12	158
12	60
12	6
12	118
12	146
12	57
13	74
13	110
13	111
13	70
13	98
13	7
13	125
13	46
13	28
13	73
13	100
13	23
13	118
13	12
13	154
13	78
13	67
13	90
13	48
13	153
13	83
13	41
13	99
13	18
13	45
13	137
13	51
13	11
13	89
13	21
13	106
13	75
13	95
13	38
13	96
13	31
13	86
13	33
13	119
13	30
13	81
13	138
13	35
13	157
13	92
13	49
13	34
13	1
13	103
13	127
13	71
13	76
13	140
13	93
13	121
13	113
14	100
14	9
14	7
14	21
14	102
14	110
14	122
14	75
14	96
14	95
14	51
14	23
14	78
14	144
14	157
14	159
14	123
14	93
14	153
14	36
14	67
14	56
14	45
14	38
14	22
14	149
14	17
14	30
14	54
14	76
14	46
14	148
14	2
14	49
14	139
14	77
14	27
14	11
14	111
14	132
14	48
14	154
14	39
14	28
14	50
14	80
14	127
14	103
14	109
14	150
14	138
14	125
14	68
14	59
14	91
14	99
14	140
14	71
14	61
14	137
14	37
14	126
14	118
14	133
15	110
15	140
15	149
15	98
15	75
15	157
15	56
15	95
15	99
15	111
15	92
15	51
15	11
15	96
15	78
15	41
15	142
15	158
15	31
15	35
15	3
15	6
15	70
15	132
15	138
15	67
15	119
15	113
15	109
15	73
15	125
15	155
16	7
16	26
16	31
16	106
16	48
16	124
16	138
16	112
16	110
16	8
16	22
16	136
16	99
16	52
16	88
16	49
16	60
16	23
16	139
16	46
16	51
16	75
16	32
16	83
16	94
16	125
16	148
16	79
16	41
16	122
16	116
16	21
16	11
16	100
16	92
16	13
16	127
16	81
16	67
16	119
16	140
16	109
16	65
16	56
16	17
16	71
16	70
16	43
17	88
17	110
17	112
17	8
17	154
17	89
17	124
17	76
17	79
17	119
17	158
17	99
17	95
17	61
17	7
17	113
17	11
17	35
17	84
17	83
17	36
17	46
17	71
17	136
17	123
17	41
17	16
17	86
17	45
17	127
17	43
17	75
17	132
17	62
17	33
17	125
17	19
17	51
17	142
17	65
17	151
17	90
17	67
17	18
17	102
17	143
17	40
17	12
17	118
17	49
17	120
17	105
17	149
17	145
17	140
17	146
17	93
17	106
17	109
17	153
17	135
17	122
17	129
17	52
17	133
17	85
17	10
17	57
17	137
17	111
17	29
17	20
17	9
17	56
17	3
17	23
17	14
17	37
17	103
17	54
17	44
17	78
17	21
17	5
17	157
17	117
17	128
18	22
18	53
18	7
18	46
18	73
18	55
18	110
18	88
18	33
18	12
18	79
18	41
18	150
18	153
18	99
18	54
18	130
18	127
18	149
18	140
18	124
18	75
18	48
18	89
18	100
18	122
18	138
18	62
18	154
18	134
18	111
18	116
18	49
18	126
18	17
18	119
18	109
18	61
18	101
18	81
18	142
18	152
18	132
18	95
18	32
18	35
18	23
18	24
18	56
18	78
18	136
18	39
18	67
18	9
18	83
18	51
18	93
18	50
18	123
18	146
18	11
18	68
18	40
18	90
18	57
18	25
18	21
18	133
18	125
18	74
18	66
18	44
18	143
18	145
18	155
18	120
18	107
18	31
18	47
18	27
18	92
18	19
18	14
18	131
19	99
19	110
19	127
19	70
19	119
19	125
19	18
19	136
19	49
19	138
19	95
19	7
19	61
19	22
19	46
19	82
19	33
19	116
19	144
19	112
19	98
19	57
19	34
19	12
19	118
19	20
19	155
19	75
19	94
19	108
19	153
19	133
19	115
19	73
19	106
19	59
19	140
19	51
19	137
19	67
19	30
19	122
19	103
19	150
19	41
19	117
19	77
19	48
19	39
19	50
19	28
19	156
19	111
19	132
19	42
19	113
19	79
19	6
19	143
19	93
19	121
19	100
19	54
19	90
19	10
19	88
19	56
19	92
19	14
19	148
19	130
19	52
19	120
20	87
20	79
20	121
20	110
20	99
20	93
20	16
20	82
20	14
20	140
20	49
20	86
20	119
20	105
20	33
20	91
20	150
20	45
20	46
20	71
20	132
20	7
20	136
20	56
20	52
20	50
20	15
20	125
20	127
20	144
20	75
20	81
20	133
20	90
20	42
20	88
20	101
20	117
20	123
20	22
20	21
20	148
20	61
20	111
20	67
20	103
20	53
20	23
20	151
20	34
20	37
20	78
20	120
20	95
20	11
21	122
21	91
21	32
21	127
21	119
21	142
21	70
21	48
21	154
21	30
21	112
21	36
21	99
21	138
21	8
21	134
21	75
21	108
21	100
21	68
21	7
21	131
21	125
21	79
21	115
21	11
21	133
21	6
21	22
21	145
21	51
21	35
21	80
21	78
21	153
21	59
21	111
21	60
21	37
21	54
21	14
21	46
21	140
21	150
21	159
21	43
21	57
21	20
21	17
21	96
21	110
21	83
21	12
21	86
21	44
21	136
21	56
21	143
21	52
21	89
21	72
21	109
21	71
21	26
21	41
21	93
21	132
21	27
21	107
21	47
21	49
21	40
21	50
21	152
21	144
21	34
21	77
21	76
21	67
21	39
21	5
21	151
21	81
21	95
21	137
21	66
21	124
21	120
21	157
21	33
21	146
22	134
22	127
22	149
22	89
22	71
22	146
22	36
22	48
22	154
22	99
22	83
22	124
22	136
22	34
22	42
22	122
22	77
22	142
22	110
22	21
22	46
22	68
22	7
22	95
22	70
22	145
22	130
22	13
22	15
22	11
22	51
22	32
22	27
22	116
22	5
22	111
22	72
22	57
22	82
22	75
22	54
22	33
22	9
22	125
22	14
22	104
22	1
22	47
22	8
22	52
22	4
22	40
22	81
22	63
22	109
22	41
22	61
22	6
22	86
22	56
22	115
22	59
22	18
22	17
22	94
22	93
22	67
22	66
22	151
22	90
22	16
22	3
22	79
23	91
23	37
23	145
23	8
23	110
23	30
23	154
23	122
23	127
23	18
23	81
23	108
23	99
23	134
23	157
23	136
23	48
23	14
23	11
23	149
23	89
23	53
23	142
23	46
23	39
23	111
23	21
23	27
23	75
23	10
23	78
23	59
23	150
23	124
23	68
23	42
23	79
23	51
23	76
23	36
23	116
23	49
23	41
23	32
23	83
23	15
23	86
23	70
23	141
23	47
23	12
23	60
23	119
23	131
23	102
23	138
23	33
23	118
23	56
23	20
23	25
23	52
23	71
23	146
23	113
23	152
23	17
23	140
23	64
23	7
23	158
23	6
23	107
23	101
23	80
23	34
23	58
23	82
23	72
23	85
23	120
24	12
24	119
24	154
24	46
24	110
24	73
24	7
24	23
24	95
24	153
24	49
24	41
24	125
24	140
24	22
24	99
24	94
24	54
24	111
24	88
24	25
24	138
24	56
24	42
24	100
24	150
24	67
24	75
24	34
24	21
24	132
24	18
24	157
24	78
24	39
24	134
24	158
24	122
24	63
24	85
24	93
24	27
24	40
24	144
24	4
24	155
24	103
24	82
24	17
24	130
24	38
24	127
24	8
24	79
24	29
24	102
24	106
24	83
24	11
24	65
24	120
24	58
24	149
24	51
24	81
24	156
24	10
24	126
24	35
24	133
24	131
24	109
24	141
24	30
24	32
24	101
24	20
24	147
24	6
24	80
24	91
24	72
24	107
24	77
24	61
25	118
25	110
25	90
25	125
25	132
25	23
25	24
25	127
25	35
25	111
25	149
25	62
25	7
25	140
25	99
25	49
25	22
25	75
25	100
25	46
25	93
25	106
25	66
25	41
25	76
25	38
25	95
25	133
25	103
25	120
25	33
25	82
25	119
25	107
25	138
25	122
25	152
25	67
25	61
25	92
25	87
25	56
25	121
25	12
25	153
25	54
25	34
25	98
25	136
25	85
25	94
25	116
25	155
25	131
25	39
25	51
25	108
25	73
25	29
25	42
25	142
25	45
25	159
25	79
25	28
25	17
25	115
25	137
25	50
25	63
25	6
25	30
25	88
25	15
25	78
25	109
25	70
25	71
25	21
25	147
26	122
26	79
26	127
26	99
26	134
26	17
26	81
26	116
26	6
26	136
26	7
26	138
26	97
26	89
26	71
26	36
26	145
26	15
26	9
26	30
26	41
26	8
26	67
26	146
26	63
26	110
26	57
26	4
26	100
26	142
26	70
26	33
26	154
26	83
26	47
26	76
26	48
26	112
26	131
26	65
26	10
26	82
26	53
27	120
27	125
27	95
27	122
27	7
27	21
27	110
27	75
27	46
27	23
27	105
27	86
27	17
27	154
27	54
27	147
27	137
27	83
27	16
27	44
27	142
27	33
27	59
27	131
27	80
27	11
27	149
27	67
27	82
27	35
27	152
27	91
27	119
27	49
27	47
27	12
27	126
27	140
27	31
27	53
27	99
27	85
27	101
27	50
27	13
27	108
27	127
27	150
27	37
27	103
27	51
27	78
28	46
28	110
28	153
28	84
28	157
28	125
28	13
28	111
28	75
28	51
28	56
28	85
28	144
28	88
28	135
28	73
28	99
28	133
28	79
28	95
28	7
28	34
28	26
28	97
28	93
28	11
28	23
28	22
28	61
28	78
28	149
28	114
28	50
28	152
28	106
28	115
28	45
28	67
28	140
28	103
28	119
28	49
28	9
28	87
28	90
28	126
28	155
28	83
28	12
28	35
28	54
28	137
28	120
28	117
28	127
28	147
28	48
28	8
28	39
28	6
28	65
28	42
28	18
28	154
28	139
28	41
28	44
28	14
28	37
28	150
28	38
28	138
28	17
28	1
28	80
28	40
28	59
28	91
28	109
28	30
28	123
28	63
28	132
28	21
28	19
28	131
28	27
28	145
29	7
29	125
29	99
29	56
29	119
29	12
29	111
29	110
29	5
29	87
29	10
29	154
29	51
29	150
29	144
29	75
29	45
29	61
29	60
29	71
29	127
29	137
29	95
29	103
29	142
29	139
29	50
29	59
29	48
29	93
29	42
29	15
29	39
29	140
29	70
29	46
29	109
29	23
29	122
29	89
29	36
29	8
29	129
29	120
29	80
29	67
29	149
29	148
30	90
30	11
30	142
30	64
30	48
30	46
30	18
30	127
30	68
30	61
30	154
30	81
30	110
30	67
30	104
30	47
30	45
30	25
30	125
30	111
30	1
30	145
30	35
30	122
30	113
30	75
30	158
30	106
30	86
30	136
30	31
30	95
30	7
30	152
30	34
30	58
30	8
30	33
30	71
30	151
30	137
30	44
30	40
30	14
30	21
30	92
30	119
30	117
30	65
30	101
30	83
30	139
30	93
30	49
30	129
30	52
30	10
30	105
30	51
30	118
30	144
30	133
30	149
30	9
30	19
30	80
30	24
30	56
30	41
30	99
30	12
30	38
30	22
30	17
30	78
31	69
31	110
31	51
31	149
31	111
31	95
31	78
31	75
31	114
31	141
31	38
31	142
31	122
31	152
31	157
31	140
31	87
31	35
31	44
31	144
31	137
31	46
31	150
31	153
31	39
31	7
31	54
31	116
31	85
31	56
31	57
31	100
31	125
31	139
31	73
31	55
31	41
31	12
31	118
31	159
31	155
31	115
31	131
31	67
31	99
32	110
32	83
32	120
32	33
32	119
32	21
32	7
32	48
32	14
32	61
32	41
32	18
32	44
32	67
32	54
32	97
32	149
32	11
32	128
32	87
32	80
32	71
32	142
32	154
32	75
32	99
32	90
32	89
32	151
32	29
32	9
32	133
32	10
32	147
32	52
32	127
32	4
32	135
32	143
32	144
32	40
32	93
32	34
32	125
32	51
32	25
32	122
32	22
32	136
32	65
32	24
32	115
32	111
32	81
32	137
32	95
32	47
32	50
33	56
33	138
33	110
33	149
33	122
33	36
33	12
33	140
33	11
33	151
33	7
33	46
33	95
33	119
33	28
33	127
33	139
33	80
33	75
33	41
33	21
33	111
33	142
33	22
33	14
33	100
33	120
33	153
33	49
33	61
33	51
33	157
33	145
33	17
33	96
33	146
33	5
33	112
33	99
33	15
33	35
33	26
33	13
33	44
33	30
33	109
33	107
33	102
33	70
33	83
33	8
33	115
33	137
33	71
33	74
33	90
33	52
33	134
33	108
33	3
33	130
33	129
33	155
33	47
33	143
33	48
33	123
33	77
33	104
33	29
34	110
34	140
34	75
34	23
34	12
34	51
34	99
34	7
34	125
34	95
34	60
34	26
34	111
34	67
34	21
34	33
34	73
34	139
34	22
34	39
34	154
34	49
34	46
34	37
34	137
34	11
34	93
34	10
34	119
34	149
34	57
34	124
34	74
34	78
34	100
34	144
34	87
34	15
34	32
34	35
34	108
34	41
34	56
34	90
34	88
34	103
34	120
34	2
34	82
34	127
34	6
34	25
34	142
34	122
34	138
34	16
34	76
34	45
34	132
34	68
34	65
34	141
34	117
35	13
35	41
35	96
35	157
35	102
35	119
35	28
35	49
35	46
35	94
35	75
35	69
35	3
35	19
35	51
35	38
35	33
35	74
35	110
35	144
35	103
35	45
35	57
35	140
35	78
35	143
35	7
35	39
35	109
35	56
35	146
35	55
35	149
35	141
35	101
35	155
35	95
35	90
35	44
35	113
35	99
35	121
35	29
36	33
36	132
36	127
36	134
36	11
36	122
36	137
36	57
36	7
36	17
36	39
36	53
36	130
36	93
36	119
36	20
36	95
36	18
36	52
36	46
36	38
36	35
36	120
36	75
36	105
36	87
36	145
36	84
36	109
36	86
36	14
36	100
36	83
36	99
36	110
36	67
36	136
36	6
36	150
36	158
36	32
36	54
36	16
36	13
36	156
36	139
36	8
36	59
36	88
36	125
36	37
36	144
36	23
36	103
36	76
36	21
36	51
36	129
36	151
36	117
36	5
36	72
36	115
36	79
36	73
36	29
36	49
37	154
37	81
37	136
37	108
37	122
37	111
37	127
37	30
37	7
37	70
37	68
37	138
37	8
37	131
37	48
37	35
37	91
37	145
37	149
37	32
37	134
37	102
37	142
37	46
37	50
37	99
37	41
37	133
37	62
37	116
37	11
37	113
37	47
37	45
37	36
37	110
37	21
37	89
37	18
37	137
37	61
37	101
37	148
37	75
37	115
37	109
37	77
37	59
37	125
37	55
37	79
37	27
37	13
37	67
37	144
37	51
37	39
37	54
37	118
37	150
37	146
37	103
37	49
37	107
37	17
37	22
37	120
37	5
37	20
37	78
37	19
38	138
38	56
38	127
38	37
38	49
38	112
38	110
38	54
38	41
38	136
38	142
38	77
38	15
38	116
38	22
38	83
38	16
38	34
38	36
38	122
38	46
38	7
38	71
38	48
38	99
38	149
38	144
38	145
38	154
38	70
38	47
38	72
38	146
38	59
38	23
38	39
38	155
38	91
38	150
38	4
38	88
38	30
38	17
38	40
38	61
38	137
38	159
38	65
38	140
38	130
38	20
38	108
38	100
38	81
38	8
38	121
38	32
38	52
38	109
38	67
38	82
38	102
38	6
38	135
38	111
38	9
38	79
38	10
38	118
38	64
38	68
38	33
38	13
38	128
39	154
39	127
39	144
39	5
39	71
39	132
39	91
39	44
39	40
39	48
39	29
39	146
39	7
39	93
39	136
39	36
39	122
39	89
39	41
39	24
39	83
39	68
39	87
39	50
39	11
39	81
39	124
39	74
39	142
39	140
39	12
39	111
39	94
39	117
39	61
39	75
39	47
39	110
39	9
39	125
39	49
39	145
39	6
39	95
39	101
39	72
39	103
39	106
39	118
39	42
39	23
39	8
39	43
39	46
39	102
40	110
40	111
40	75
40	140
40	49
40	138
40	106
40	121
40	6
40	155
40	118
40	12
40	22
40	108
40	54
40	103
40	148
40	48
40	99
40	89
40	4
40	100
40	95
40	85
40	7
40	142
40	92
40	67
40	21
40	88
40	1
40	71
40	31
40	46
40	47
40	61
40	17
40	73
40	137
40	94
40	122
40	41
40	51
40	136
40	145
40	154
40	127
40	149
40	56
40	125
40	120
40	119
40	24
40	50
40	124
40	152
40	132
40	27
40	144
40	66
40	129
40	62
40	10
40	128
40	13
40	11
41	35
41	110
41	127
41	12
41	99
41	142
41	66
41	138
41	122
41	136
41	88
41	145
41	121
41	112
41	7
41	46
41	30
41	130
41	54
41	125
41	108
41	48
41	93
41	83
41	119
41	6
41	85
41	57
41	68
41	32
41	75
41	17
41	21
41	65
41	27
41	111
41	53
41	25
41	39
41	71
41	47
41	159
41	134
41	95
41	149
41	139
41	97
41	70
41	103
41	14
41	81
41	116
41	10
41	11
41	8
41	137
41	16
41	146
41	67
41	82
41	26
41	33
41	86
41	23
41	72
41	120
41	98
41	105
41	153
41	60
41	49
41	89
41	100
41	44
41	150
41	9
41	156
41	51
41	155
41	73
41	90
41	80
41	118
41	59
41	1
41	50
41	37
41	79
41	38
41	18
41	40
41	144
41	96
41	78
41	94
41	117
41	126
41	56
41	74
41	84
41	109
41	5
41	123
41	132
41	154
41	104
41	133
41	102
41	140
41	63
41	36
41	77
41	115
41	52
41	107
41	128
41	58
41	22
42	53
42	149
42	51
42	90
42	44
42	22
42	46
42	25
42	140
42	111
42	7
42	75
42	63
42	147
42	110
42	28
42	56
42	119
42	127
42	145
42	100
42	35
42	104
42	106
42	69
42	138
42	37
42	120
42	122
42	112
42	2
42	47
42	52
42	131
42	21
42	156
43	110
43	111
43	90
43	41
43	12
43	125
43	115
43	7
43	51
43	23
43	11
43	120
43	75
43	95
43	37
43	22
43	134
43	119
43	112
43	17
43	153
43	118
43	70
43	57
43	32
43	127
43	114
43	50
43	55
43	49
43	26
43	137
43	140
43	105
43	122
43	93
43	45
43	83
43	91
43	138
43	149
43	33
43	14
43	109
43	46
43	99
43	129
43	44
43	121
43	29
43	132
43	56
43	67
43	58
43	113
43	87
43	156
43	116
43	78
43	103
43	150
43	117
43	61
43	77
43	136
43	21
43	60
43	146
43	157
43	52
43	6
43	89
44	8
44	49
44	125
44	99
44	89
44	116
44	56
44	110
44	132
44	119
44	142
44	118
44	54
44	140
44	73
44	122
44	120
44	75
44	67
44	50
44	7
44	101
44	144
44	109
44	46
44	152
44	35
44	78
44	111
44	22
44	32
44	10
44	133
44	94
44	26
44	55
44	39
44	95
44	149
44	85
44	127
44	100
44	131
44	12
44	108
44	17
44	41
44	155
44	77
44	115
44	136
44	27
44	138
44	29
44	150
44	11
44	5
44	141
44	30
44	72
44	113
44	148
44	51
44	40
44	90
44	76
44	23
44	21
44	65
44	139
44	103
44	42
44	37
44	61
44	83
45	71
45	54
45	127
45	46
45	142
45	94
45	44
45	89
45	159
45	145
45	112
45	83
45	136
45	155
45	25
45	7
45	138
45	97
45	22
45	116
45	140
45	99
45	15
45	100
45	37
45	72
45	48
45	36
45	33
45	110
45	82
45	129
45	132
45	128
45	20
45	57
45	64
45	18
45	10
45	122
45	8
45	66
45	4
45	40
45	79
45	108
45	135
45	158
45	154
45	126
45	118
45	75
45	156
45	146
45	9
45	30
45	81
45	102
45	17
45	51
45	6
45	92
45	106
45	23
45	119
45	149
45	52
45	49
46	105
46	110
46	7
46	153
46	63
46	3
46	41
46	58
46	102
46	19
46	28
46	55
46	84
46	81
46	13
46	21
46	127
46	101
46	80
46	75
46	104
46	126
46	98
46	143
46	47
46	140
46	69
46	74
46	53
46	25
46	33
46	124
46	24
46	123
46	92
46	2
46	133
46	152
46	137
46	118
46	12
46	151
46	11
46	78
46	43
46	134
46	59
46	61
46	157
46	42
46	146
46	50
46	10
46	113
46	94
46	147
46	141
46	125
46	51
46	95
46	62
46	149
46	76
46	93
46	107
46	38
46	139
46	30
46	31
46	49
46	111
46	100
46	119
46	90
46	130
46	114
46	14
46	122
46	1
46	112
46	17
46	67
46	96
46	39
46	70
46	57
46	106
46	73
46	8
46	120
46	150
46	85
46	158
46	9
46	89
46	117
46	136
46	82
46	60
47	111
47	155
47	39
47	7
47	117
47	140
47	95
47	154
47	125
47	110
47	122
47	103
47	67
47	26
47	98
47	153
47	83
47	99
47	127
47	75
47	51
47	35
47	46
47	48
47	115
47	82
47	104
47	33
47	16
47	38
47	86
47	120
47	21
47	144
47	149
47	137
47	80
47	59
47	62
47	118
47	40
47	50
47	131
47	57
47	37
47	65
47	49
47	41
47	30
47	22
47	61
47	147
47	151
47	27
47	156
47	102
47	34
47	157
47	100
47	106
47	36
47	25
47	73
47	93
47	79
47	148
47	138
47	90
47	58
47	77
47	130
47	18
47	87
48	140
48	130
48	127
48	54
48	11
48	122
48	32
48	8
48	99
48	21
48	154
48	134
48	7
48	131
48	23
48	86
48	102
48	124
48	132
48	75
48	120
48	33
48	110
48	100
48	142
48	144
48	18
48	136
48	129
48	79
48	5
48	150
48	46
48	95
48	6
48	78
48	76
48	83
48	16
48	108
48	25
48	145
48	133
48	151
48	57
48	85
48	103
48	71
48	125
48	67
48	52
48	93
48	55
48	137
48	14
48	63
48	82
48	40
48	116
48	159
48	153
48	31
48	39
48	73
48	117
48	41
48	149
48	156
48	37
48	80
48	109
48	115
48	65
48	59
48	38
48	42
48	96
48	22
48	58
48	56
48	51
48	72
48	12
48	114
48	94
48	15
48	17
48	105
48	27
48	20
48	119
48	36
48	50
48	49
48	43
48	111
48	146
48	106
48	84
48	135
49	83
49	119
49	110
49	30
49	14
49	99
49	98
49	105
49	138
49	18
49	108
49	127
49	116
49	122
49	41
49	100
49	66
49	142
49	154
49	8
49	145
49	81
49	94
49	136
49	112
49	17
49	57
49	54
49	47
49	46
49	6
49	71
49	7
49	68
49	27
49	146
49	134
49	97
49	25
49	36
49	132
49	15
49	37
49	93
49	50
49	11
49	106
49	61
49	140
49	72
49	64
49	75
49	153
49	131
49	32
49	89
49	152
49	44
49	48
49	156
49	91
49	76
49	70
49	82
49	21
49	20
49	35
49	128
49	150
49	52
49	159
49	135
49	129
49	40
49	4
49	62
49	118
49	79
49	67
49	13
49	102
49	121
49	39
49	59
49	109
49	42
49	111
49	33
49	141
49	77
49	80
49	155
49	24
49	9
49	90
49	144
49	3
49	31
49	151
49	28
49	19
49	51
49	148
49	149
49	133
49	158
49	103
49	113
50	100
50	112
50	138
50	48
50	122
50	145
50	127
50	111
50	8
50	21
50	104
50	7
50	71
50	136
50	142
50	108
50	75
50	152
50	157
50	109
50	133
50	70
50	44
50	46
50	51
50	30
50	141
50	68
50	15
50	90
50	140
50	54
50	81
50	131
50	6
50	37
50	159
50	148
50	149
50	119
50	94
50	144
50	137
50	116
50	67
50	103
50	35
51	28
51	157
51	140
51	41
51	81
51	101
51	151
51	47
51	31
51	123
51	55
51	146
51	3
51	102
51	141
51	14
51	33
51	11
51	25
51	58
51	110
51	43
51	21
51	46
51	49
51	22
51	92
51	42
51	111
51	78
51	127
51	63
51	99
51	144
51	35
51	7
51	69
51	75
51	113
51	120
51	54
51	114
51	80
51	126
51	105
51	56
51	95
51	147
51	73
51	108
51	139
51	118
51	10
51	13
51	53
51	19
51	94
51	117
51	62
51	96
51	133
51	149
51	24
51	39
51	76
51	103
52	110
52	49
52	99
52	17
52	33
52	83
52	151
52	7
52	86
52	92
52	15
52	14
52	10
52	139
52	149
52	105
52	40
52	65
52	46
52	93
52	55
52	21
52	51
52	131
52	5
52	42
52	58
52	114
52	23
52	22
52	134
52	73
52	20
52	56
52	140
52	125
52	122
52	97
52	132
52	95
52	141
52	4
52	130
52	96
52	111
52	120
52	41
52	75
52	118
52	19
52	158
52	57
52	35
52	106
52	128
52	121
52	154
52	72
52	101
52	30
52	61
52	115
52	48
52	18
52	11
52	32
52	148
52	67
52	78
52	87
52	108
52	69
52	50
52	113
52	82
52	29
52	112
52	157
52	119
52	37
52	107
52	100
53	95
53	110
53	111
53	119
53	49
53	116
53	32
53	67
53	147
53	137
53	11
53	75
53	54
53	138
53	105
53	132
53	22
53	73
53	35
53	7
53	125
53	78
53	12
53	124
53	27
53	69
53	153
53	140
53	17
53	93
53	108
53	144
53	149
53	114
53	46
53	51
53	1
53	122
53	61
53	56
53	159
53	100
53	112
53	118
53	37
53	99
53	85
53	41
53	4
53	33
53	121
53	127
53	90
53	139
53	23
53	106
53	92
53	42
53	13
53	150
53	109
53	34
53	62
53	83
53	39
53	65
53	155
53	8
53	57
53	31
53	21
53	120
53	24
53	98
53	86
53	10
53	26
53	6
53	113
54	18
54	71
54	83
54	16
54	142
54	37
54	64
54	124
54	55
54	21
54	34
54	38
54	39
54	75
54	65
54	89
54	111
54	150
54	120
54	135
54	118
54	88
54	99
54	93
54	110
54	46
54	17
54	131
54	61
54	109
54	23
54	56
54	22
54	95
54	116
54	122
54	154
54	7
54	127
54	119
54	48
54	73
54	151
54	59
54	31
54	137
54	11
54	86
54	68
54	129
54	1
54	49
54	40
54	97
54	12
54	106
54	149
54	35
54	29
54	144
54	62
54	53
54	128
54	41
54	148
54	26
54	153
54	123
54	85
54	2
54	79
54	10
54	136
54	44
54	143
54	51
54	25
54	60
54	14
54	4
54	147
54	140
54	24
54	125
54	108
54	32
54	58
54	78
54	104
54	67
54	30
54	76
54	158
54	152
54	145
54	105
54	15
54	107
54	63
54	52
54	27
54	91
54	66
54	43
54	33
54	20
54	8
54	72
54	121
54	156
54	117
54	94
55	149
55	7
55	111
55	51
55	46
55	12
55	35
55	3
55	159
55	75
55	78
55	23
55	110
55	41
55	90
55	140
55	49
55	144
55	56
55	85
55	125
55	22
55	118
55	61
55	103
55	82
55	14
55	95
55	5
55	152
55	73
55	133
55	37
55	131
55	21
55	115
55	67
55	57
55	99
55	141
55	116
55	108
55	50
55	119
56	122
56	127
56	149
56	8
56	30
56	91
56	142
56	100
56	70
56	98
56	112
56	99
56	108
56	131
56	81
56	48
56	154
56	32
56	115
56	71
56	136
56	47
56	68
56	36
56	138
56	106
56	145
56	54
56	75
56	22
56	109
56	116
56	60
56	7
56	111
56	5
56	95
56	83
56	146
56	82
56	134
56	46
56	57
56	150
56	44
56	34
56	59
56	41
56	18
56	17
56	90
56	79
56	25
56	20
56	89
56	159
56	101
56	51
56	110
56	11
56	33
56	37
56	15
56	52
56	40
56	130
56	123
56	35
56	27
56	61
56	117
56	104
56	67
56	13
56	16
56	76
56	64
56	39
56	144
56	77
56	28
56	107
56	133
56	66
56	147
56	93
56	6
56	97
56	129
56	156
56	38
56	155
56	119
56	94
57	54
57	138
57	110
57	100
57	142
57	122
57	145
57	127
57	99
57	154
57	79
57	48
57	71
57	136
57	89
57	67
57	49
57	42
57	68
57	22
57	130
57	81
57	111
57	116
57	103
57	59
57	38
57	134
57	129
57	41
57	94
57	32
57	108
57	119
57	72
57	7
57	75
57	102
57	150
57	155
57	93
57	46
57	39
57	69
57	13
57	8
57	18
57	11
57	120
57	12
57	146
57	95
57	77
57	21
57	23
57	35
57	83
57	156
57	47
57	107
57	104
57	144
57	125
57	45
57	113
57	61
57	66
57	123
57	33
57	6
57	90
57	109
57	131
57	149
57	151
57	29
57	80
57	10
57	52
57	158
57	5
57	132
57	2
57	115
57	117
57	56
57	51
58	75
58	51
58	157
58	7
58	120
58	111
58	159
58	134
58	31
58	110
58	127
58	122
58	8
58	148
58	114
58	39
58	56
58	92
58	113
58	94
58	22
58	35
58	116
58	46
58	100
58	12
58	61
58	149
58	133
58	108
58	90
58	14
58	49
58	103
58	23
58	125
58	95
59	37
59	5
59	95
59	153
59	46
59	29
59	51
59	144
59	77
59	31
59	87
59	117
59	75
59	113
59	106
59	121
59	55
59	136
59	110
59	125
59	7
59	142
59	81
59	154
59	145
59	133
59	139
59	21
59	93
59	38
59	41
59	91
59	71
59	109
59	85
59	56
59	22
59	67
59	103
59	124
59	156
59	48
59	127
60	99
60	154
60	31
60	14
60	81
60	118
60	90
60	48
60	119
60	112
60	75
60	138
60	7
60	111
60	127
60	142
60	106
60	122
60	23
60	44
60	22
60	46
60	47
60	16
60	95
60	100
60	8
60	63
60	19
60	56
60	110
60	93
60	49
60	34
60	17
60	11
60	135
60	51
60	21
60	35
60	146
60	149
60	103
60	132
60	140
60	67
60	98
60	107
60	105
60	151
61	127
61	145
61	138
61	7
61	48
61	46
61	136
61	110
61	104
61	95
61	18
61	30
61	108
61	99
61	13
61	54
61	147
61	125
61	83
61	103
61	15
61	93
61	77
61	115
61	22
61	32
61	100
61	122
61	39
61	71
61	17
61	112
61	23
61	142
61	109
61	70
61	135
61	111
61	68
61	34
61	80
61	37
61	91
61	97
61	130
61	75
61	117
61	67
61	146
61	16
61	141
61	116
61	72
61	64
61	154
61	87
61	6
61	4
61	120
61	65
61	40
61	132
61	82
61	155
61	149
61	89
61	35
61	118
61	134
61	140
61	106
61	90
61	49
61	131
61	44
61	52
61	143
61	101
61	57
61	98
61	51
61	150
61	88
61	36
61	50
61	81
61	20
62	75
62	125
62	103
62	130
62	153
62	119
62	129
62	99
62	127
62	110
62	51
62	95
62	25
62	7
62	65
62	140
62	18
62	144
62	46
62	111
62	67
62	149
62	32
62	50
62	73
62	124
62	90
62	41
62	154
62	158
62	78
62	38
62	35
62	44
62	19
62	150
62	5
62	132
62	72
62	134
62	61
62	122
62	23
62	137
62	27
62	54
62	79
62	22
62	106
62	57
62	152
62	59
62	74
62	39
62	33
62	24
62	107
62	80
62	17
62	148
62	83
62	133
62	112
62	56
62	126
62	138
62	85
62	131
62	93
62	116
62	136
62	53
62	128
63	62
63	24
63	92
63	121
63	138
63	110
63	99
63	95
63	41
63	112
63	94
63	34
63	56
63	90
63	35
63	75
63	124
63	85
63	103
63	140
63	76
63	67
63	149
63	7
63	111
63	51
63	38
63	113
63	49
63	104
63	155
63	116
63	12
63	127
63	132
63	122
63	46
63	100
63	22
63	13
63	66
63	8
63	10
63	9
63	48
64	142
64	54
64	110
64	153
64	99
64	111
64	100
64	48
64	120
64	75
64	119
64	7
64	49
64	41
64	22
64	103
64	32
64	61
64	38
64	114
64	136
64	116
64	93
64	127
64	140
64	35
64	46
64	147
64	33
64	141
64	66
64	106
64	71
64	150
64	157
64	94
64	14
64	122
64	51
64	138
64	82
64	50
64	125
64	90
64	56
64	65
64	149
64	23
64	95
65	21
65	149
65	23
65	56
65	140
65	102
65	37
65	26
65	75
65	22
65	110
65	106
65	49
65	95
65	103
65	18
65	154
65	70
65	8
65	59
65	58
65	124
65	120
65	139
65	125
65	35
65	7
65	145
65	111
65	93
65	119
65	99
65	46
65	41
65	12
65	77
65	123
65	96
65	81
65	33
65	32
65	50
65	17
65	14
65	126
65	82
65	135
65	148
65	129
65	88
65	137
65	25
65	6
65	1
65	122
65	144
65	152
66	18
66	7
66	31
66	125
66	85
66	119
66	145
66	110
66	15
66	92
66	33
66	144
66	83
66	105
66	40
66	9
66	129
66	5
66	84
66	118
66	153
66	96
66	136
66	95
66	25
66	91
66	82
66	46
66	140
66	117
66	50
66	51
66	147
66	39
66	113
66	142
66	75
66	121
66	128
66	55
66	21
66	149
66	64
66	19
66	101
66	30
67	56
67	118
67	110
67	75
67	46
67	7
67	119
67	8
67	12
67	49
67	83
67	17
67	133
67	154
67	149
67	99
67	90
67	51
67	111
67	78
67	10
67	22
67	40
67	146
67	48
67	125
67	143
67	85
67	18
67	97
67	20
67	42
67	63
67	82
67	57
67	6
67	4
67	126
67	35
67	62
67	140
67	64
67	47
67	11
67	25
67	86
67	122
67	58
67	129
67	15
67	148
67	53
67	158
67	44
67	70
67	127
67	29
67	114
67	105
67	121
67	33
67	14
67	93
67	137
67	139
67	144
67	88
67	150
67	136
67	95
67	94
67	76
67	145
67	84
67	21
67	1
67	55
67	80
67	101
67	113
67	157
67	103
67	92
67	34
67	31
68	130
68	99
68	122
68	127
68	11
68	44
68	129
68	110
68	154
68	150
68	14
68	46
68	73
68	136
68	83
68	105
68	125
68	132
68	40
68	7
68	18
68	145
68	121
68	98
68	75
68	35
68	95
68	65
68	9
68	21
68	100
68	77
68	13
68	59
68	120
68	67
68	32
68	86
68	52
68	49
68	111
68	37
68	42
68	33
68	61
68	119
68	56
68	57
69	110
69	140
69	46
69	75
69	90
69	119
69	7
69	125
69	78
69	38
69	101
69	54
69	9
69	93
69	51
69	79
69	157
69	83
69	137
69	26
69	153
69	31
69	12
69	95
69	120
69	99
69	144
69	155
69	10
69	22
69	149
69	57
69	17
69	103
69	67
69	130
69	111
69	133
69	20
69	35
69	143
69	41
69	56
69	73
69	76
69	85
69	49
69	61
69	21
69	151
69	50
69	23
69	65
69	106
69	150
69	100
69	115
69	136
69	127
69	113
69	114
69	32
69	39
69	11
69	148
69	6
69	60
69	109
69	16
69	81
69	37
69	45
69	141
70	33
70	90
70	119
70	15
70	75
70	121
70	38
70	71
70	154
70	6
70	81
70	110
70	127
70	149
70	12
70	140
70	56
70	74
70	142
70	139
70	48
70	103
70	46
70	36
70	96
70	143
70	51
70	107
70	52
70	11
70	55
70	67
70	62
70	41
70	82
70	25
70	7
70	9
70	79
70	133
70	125
70	93
70	68
70	120
70	22
70	61
70	136
70	35
70	111
70	157
70	65
70	115
70	99
70	50
70	122
70	28
70	37
70	94
70	29
70	34
70	8
70	106
70	95
70	13
70	104
70	137
70	85
70	23
70	24
70	49
70	146
70	86
70	63
70	153
70	145
70	151
70	47
70	42
70	60
71	18
71	127
71	79
71	134
71	29
71	75
71	95
71	54
71	33
71	73
71	100
71	99
71	21
71	20
71	129
71	61
71	130
71	110
71	122
71	14
71	49
71	116
71	97
71	159
71	7
71	16
71	51
71	15
71	13
71	151
71	46
71	11
71	98
71	111
71	152
71	17
71	37
71	22
71	78
71	150
71	52
71	23
71	144
71	83
71	125
71	107
71	132
71	128
71	39
71	48
71	108
71	149
71	41
71	56
71	65
71	40
71	38
71	120
71	155
71	31
71	4
71	5
71	117
71	135
71	86
71	140
71	109
71	67
71	156
71	105
71	57
71	50
71	131
71	119
71	58
71	59
71	45
71	35
71	88
71	63
71	136
71	32
71	43
71	141
71	10
71	85
71	76
71	118
71	158
71	148
71	72
71	126
71	121
71	145
71	139
72	54
72	89
72	112
72	138
72	110
72	41
72	98
72	106
72	75
72	95
72	142
72	7
72	51
72	27
72	22
72	116
72	155
72	132
72	99
72	127
72	83
72	15
72	130
72	46
72	108
72	100
72	4
72	60
72	149
72	111
72	136
72	109
72	118
72	70
72	59
72	39
72	48
72	71
72	58
72	81
72	42
72	135
72	154
72	145
72	85
72	25
72	49
72	6
72	21
72	159
72	73
72	33
72	148
72	35
72	93
72	119
72	17
72	88
72	36
73	76
73	99
73	75
73	18
73	135
73	142
73	23
73	37
73	83
73	22
73	54
73	49
73	158
73	21
73	85
73	95
73	125
73	7
73	118
73	122
73	88
73	154
73	61
73	17
73	151
73	5
73	144
73	147
73	71
73	77
73	110
73	97
73	120
73	11
73	25
73	148
73	127
73	104
73	119
73	150
73	93
73	44
73	126
73	65
73	4
73	56
73	121
73	63
73	82
73	40
73	111
73	39
73	24
73	48
73	30
73	116
73	15
73	46
73	124
73	117
73	20
73	13
73	51
73	12
73	14
73	139
73	107
73	131
73	57
73	149
73	81
73	141
73	68
73	78
73	130
73	33
73	157
73	52
73	58
73	36
73	1
73	146
73	55
73	133
73	79
73	26
74	75
74	110
74	7
74	132
74	61
74	21
74	99
74	67
74	111
74	95
74	126
74	106
74	13
74	144
74	49
74	119
74	70
74	22
74	48
74	66
74	78
74	103
74	38
74	140
74	12
74	26
74	125
74	18
74	150
74	39
74	139
74	84
74	90
74	46
74	122
74	80
74	82
74	96
74	88
74	73
74	121
74	154
74	149
74	65
74	127
74	81
74	42
74	51
74	30
74	17
74	35
74	50
74	138
74	145
74	33
74	109
74	41
74	137
74	56
74	93
74	116
74	40
74	134
74	14
75	152
75	46
75	140
75	10
75	105
75	3
75	33
75	89
75	124
75	110
75	11
75	13
75	151
75	118
75	64
75	104
75	143
75	28
75	114
75	12
75	153
75	47
75	63
75	41
75	7
75	102
75	101
75	93
75	141
75	146
75	53
75	49
75	19
75	113
75	42
75	123
75	96
75	147
75	111
75	94
75	74
75	85
75	95
75	2
75	1
75	22
75	32
75	78
75	55
75	157
75	119
75	26
75	9
75	126
75	84
75	25
75	34
75	24
75	99
75	62
75	92
75	142
75	131
75	107
75	125
75	149
75	21
75	38
75	67
75	45
75	80
75	76
75	57
75	43
75	39
75	29
75	51
75	30
75	136
75	122
75	8
75	58
75	137
75	139
75	31
75	14
75	130
75	144
75	56
75	50
75	81
75	127
75	138
75	73
75	98
75	116
75	79
75	106
75	108
75	121
75	54
75	103
75	90
75	100
75	6
75	120
75	37
75	109
75	87
75	133
75	156
75	60
76	138
76	122
76	137
76	140
76	75
76	53
76	46
76	110
76	25
76	125
76	118
76	127
76	158
76	22
76	63
76	56
76	39
76	51
76	79
76	18
76	71
76	152
76	44
76	7
76	149
76	124
76	106
76	100
76	61
76	52
76	148
76	24
76	62
76	116
76	17
76	78
76	99
76	77
76	128
76	93
76	145
76	95
76	156
76	111
76	90
76	21
77	142
77	33
77	61
77	119
77	7
77	41
77	23
77	48
77	75
77	46
77	56
77	110
77	90
77	29
77	21
77	120
77	80
77	125
77	11
77	81
77	18
77	14
77	83
77	37
77	117
77	149
77	49
77	107
77	63
77	111
77	151
77	144
77	44
77	116
77	99
77	43
77	104
77	137
77	118
77	91
77	127
77	67
77	135
77	93
77	79
78	31
78	141
78	150
78	46
78	99
78	112
78	37
78	23
78	39
78	7
78	44
78	75
78	127
78	137
78	51
78	120
78	136
78	95
78	49
78	111
78	14
78	21
78	56
78	110
78	131
78	115
78	60
78	149
78	64
78	144
78	108
78	55
78	122
78	152
78	158
78	138
78	59
78	148
78	80
78	157
78	140
78	125
78	62
78	22
78	114
78	106
78	90
78	12
78	30
78	132
78	35
78	119
78	63
78	41
78	17
78	142
78	117
78	67
78	68
78	48
78	13
78	85
78	103
78	105
78	9
78	11
78	145
78	104
78	76
78	154
78	151
78	33
78	118
78	72
78	134
78	6
78	113
78	10
78	126
79	54
79	99
79	100
79	150
79	89
79	109
79	141
79	122
79	51
79	110
79	142
79	132
79	71
79	159
79	75
79	16
79	112
79	138
79	136
79	22
79	117
79	7
79	48
79	86
79	98
79	41
79	25
79	77
79	131
79	9
79	118
79	5
79	140
79	111
79	64
79	4
79	35
79	30
79	108
79	36
79	127
79	116
79	119
79	59
79	8
79	23
79	134
79	87
79	46
79	67
79	81
79	154
79	45
79	61
79	57
79	52
79	144
79	49
79	84
79	29
79	33
79	12
80	137
80	110
80	144
80	46
80	51
80	81
80	56
80	149
80	49
80	145
80	1
80	78
80	122
80	28
80	84
80	111
80	93
80	6
80	35
80	133
80	125
80	119
80	138
80	67
80	157
80	121
80	32
80	23
80	104
80	7
80	17
80	74
80	75
80	115
80	11
80	39
80	142
80	95
80	103
80	57
80	136
80	99
80	132
80	140
80	73
80	50
80	58
80	120
80	88
80	116
80	34
80	118
80	31
80	150
80	77
80	148
80	12
81	86
81	125
81	122
81	66
81	27
81	23
81	99
81	110
81	18
81	85
81	7
81	83
81	49
81	111
81	21
81	129
81	140
81	46
81	61
81	35
81	1
81	155
81	20
81	75
81	137
81	106
81	95
81	119
81	144
81	36
81	93
81	133
81	103
81	127
81	51
81	64
81	12
81	14
81	60
81	5
81	56
81	48
81	136
81	90
81	78
81	52
81	8
81	154
81	72
81	153
81	39
81	25
81	22
81	145
81	65
81	16
81	100
81	26
81	41
81	101
81	94
81	96
81	13
81	67
81	104
81	59
81	135
81	30
81	146
81	57
81	80
81	42
81	37
81	149
81	148
81	58
81	123
81	38
81	40
81	88
81	71
81	50
81	109
81	11
81	82
81	17
81	6
81	156
81	139
81	33
81	44
81	54
81	151
81	117
81	79
81	73
82	121
82	98
82	127
82	140
82	15
82	46
82	75
82	56
82	70
82	7
82	154
82	93
82	111
82	132
82	106
82	125
82	110
82	51
82	41
82	6
82	48
82	66
82	138
82	81
82	99
82	35
82	67
82	62
82	157
82	136
82	20
82	126
82	148
82	61
82	137
82	142
82	14
82	54
82	49
82	149
82	90
82	86
82	118
82	156
82	117
83	18
83	56
83	85
83	142
83	54
83	135
83	149
83	110
83	140
83	81
83	138
83	75
83	46
83	23
83	7
83	100
83	49
83	122
83	89
83	119
83	48
83	79
83	102
83	14
83	95
83	22
83	99
83	109
83	61
83	88
83	32
83	67
83	33
83	35
83	62
83	36
83	133
83	53
83	108
83	96
83	93
83	130
83	73
83	84
83	51
83	43
83	127
83	25
83	150
83	125
83	132
83	37
83	10
83	38
83	106
83	45
83	12
83	103
83	126
83	111
83	145
83	1
83	151
83	121
83	154
83	90
83	47
83	115
83	71
83	155
83	136
83	17
83	137
83	39
83	72
83	116
83	41
83	86
83	11
83	58
83	8
83	120
83	66
83	21
83	20
83	156
83	19
83	24
83	27
83	42
83	5
83	157
83	34
83	77
83	78
83	153
83	16
83	131
83	152
83	40
83	59
83	148
83	26
83	30
83	68
83	114
83	80
83	9
83	87
83	144
83	64
83	118
83	128
83	28
84	110
84	151
84	85
84	157
84	35
84	31
84	83
84	18
84	119
84	113
84	102
84	94
84	134
84	51
84	125
84	7
84	95
84	152
84	67
84	46
84	28
84	53
84	132
84	149
84	75
84	1
84	153
84	12
84	101
84	3
84	57
84	92
84	41
84	116
84	33
84	127
84	122
84	111
84	39
84	109
84	19
84	26
84	71
84	50
84	54
84	72
84	100
84	99
84	104
85	30
85	154
85	108
85	142
85	122
85	70
85	127
85	112
85	138
85	109
85	100
85	136
85	99
85	15
85	98
85	159
85	89
85	39
85	129
85	71
85	36
85	41
85	97
85	25
85	18
85	131
85	59
85	116
85	145
85	134
85	119
85	57
85	93
85	10
85	29
85	46
85	81
85	91
85	125
85	6
85	83
85	84
85	110
85	137
85	48
85	17
85	103
85	144
85	146
85	65
85	8
85	51
85	128
86	35
86	110
86	46
86	149
86	38
86	127
86	146
86	61
86	99
86	125
86	95
86	13
86	131
86	93
86	17
86	7
86	21
86	75
86	154
86	30
86	82
86	83
86	111
86	50
86	41
86	119
86	8
86	152
86	148
86	25
86	138
86	27
86	155
86	107
86	40
86	103
86	153
86	132
86	33
86	37
86	140
86	1
86	112
86	39
86	34
86	88
86	129
86	67
86	51
86	56
86	115
86	116
86	122
86	120
86	49
86	23
86	109
86	73
86	10
86	78
87	54
87	159
87	7
87	138
87	22
87	112
87	127
87	56
87	144
87	15
87	122
87	10
87	49
87	83
87	73
87	33
87	105
87	111
87	110
87	154
87	75
87	14
87	134
87	64
87	51
87	45
87	142
87	121
87	76
87	145
87	66
87	106
87	103
87	128
87	95
87	136
87	140
87	116
87	108
87	82
87	71
87	17
87	67
87	150
87	8
87	99
88	81
88	17
88	8
88	145
88	48
88	110
88	36
88	158
88	49
88	57
88	112
88	119
88	24
88	84
88	47
88	25
88	122
88	154
88	121
88	11
88	150
88	75
88	21
88	129
88	83
88	86
88	27
88	4
88	120
88	74
88	79
88	40
88	131
88	15
88	6
88	33
88	59
88	94
88	80
88	140
88	53
88	136
88	151
88	101
88	113
88	46
88	41
88	35
88	99
88	51
88	127
88	70
88	67
88	116
88	18
88	55
88	146
89	134
89	127
89	54
89	46
89	21
89	131
89	7
89	99
89	130
89	75
89	32
89	151
89	111
89	110
89	122
89	23
89	132
89	100
89	129
89	29
89	159
89	95
89	135
89	125
89	22
89	56
89	83
89	157
89	73
89	72
89	85
89	31
89	52
89	33
89	84
89	12
89	158
89	40
89	44
89	79
89	154
89	98
89	126
89	17
89	148
89	51
89	156
89	128
89	42
89	6
89	67
89	108
89	149
90	56
90	22
90	2
90	69
90	28
90	147
90	110
90	123
90	95
90	10
90	119
90	27
90	33
90	46
90	137
90	111
90	141
90	75
90	51
90	7
90	78
90	132
91	80
91	154
91	132
91	138
91	122
91	21
91	33
91	150
91	110
91	51
91	48
91	99
91	8
91	83
91	75
91	158
91	79
91	47
91	36
91	11
91	149
91	7
91	145
91	108
91	136
91	134
91	127
91	142
91	111
91	37
91	27
91	25
91	59
91	81
91	30
91	17
91	68
91	82
91	41
91	144
91	129
91	49
91	18
91	92
91	46
91	44
91	10
91	57
91	14
91	146
91	20
91	74
91	61
91	72
91	71
91	141
91	86
91	151
91	148
91	43
91	112
91	15
91	64
91	131
91	153
91	31
91	78
91	85
91	106
91	140
91	119
91	70
91	40
91	16
91	93
91	67
91	147
91	120
91	69
91	26
91	101
91	95
91	52
91	42
91	113
91	76
91	109
91	9
91	133
91	58
91	89
91	124
91	100
91	53
91	107
91	157
91	96
91	34
91	38
91	3
91	90
91	97
91	12
91	114
91	152
91	6
92	113
92	110
92	140
92	119
92	56
92	122
92	41
92	38
92	50
92	7
92	125
92	73
92	22
92	46
92	153
92	106
92	120
92	75
92	111
92	93
92	21
92	108
92	78
92	144
92	143
92	103
92	51
92	95
92	137
92	141
92	85
92	54
92	99
92	126
92	130
92	11
92	100
92	42
92	149
92	57
92	127
92	37
92	152
92	60
92	82
92	90
92	33
92	65
92	70
92	131
92	83
92	49
92	115
92	39
92	148
92	12
92	35
92	69
93	123
93	47
93	43
93	3
93	92
93	25
93	113
93	19
93	22
93	146
93	12
93	110
93	51
93	62
93	26
93	125
93	140
93	33
93	99
93	80
93	147
93	98
93	63
93	56
93	2
94	110
94	95
94	97
94	22
94	106
94	41
94	7
94	5
94	128
94	119
94	75
94	153
94	44
94	89
94	46
94	4
94	90
94	40
94	64
94	103
94	50
94	111
94	142
94	70
94	127
94	114
94	138
94	30
94	108
94	139
94	39
94	137
94	33
94	73
94	133
94	26
94	9
94	92
94	35
94	125
94	38
94	150
94	54
95	9
95	122
95	98
95	64
95	83
95	57
95	18
95	154
95	110
95	46
95	49
95	100
95	111
95	75
95	11
95	17
95	151
95	15
95	127
95	102
95	121
95	21
95	116
95	40
95	153
95	135
95	6
95	8
95	118
95	59
95	16
95	85
95	138
95	44
95	101
95	87
95	99
95	28
95	129
95	88
95	45
95	107
95	51
95	56
95	149
95	20
95	48
95	62
95	25
95	66
95	97
95	120
95	140
95	42
95	22
95	84
95	35
95	1
95	7
95	10
95	23
95	128
95	119
95	33
95	61
95	37
95	131
95	93
95	144
95	39
95	146
95	38
95	12
95	143
95	32
95	108
95	89
95	82
95	150
95	76
95	141
95	133
95	126
95	90
95	47
95	124
95	79
95	55
95	148
95	130
95	53
95	158
95	156
95	81
95	54
95	114
95	104
95	4
95	63
95	19
95	26
95	86
95	41
95	31
95	24
95	67
95	117
95	3
95	115
95	43
95	77
95	157
95	105
95	94
95	147
95	58
95	14
95	29
95	72
95	112
95	96
95	60
95	13
95	80
95	123
95	70
95	152
95	139
95	91
95	106
95	5
96	55
96	13
96	110
96	16
96	51
96	67
96	153
96	23
96	136
96	149
96	99
96	126
96	138
96	125
96	122
96	37
96	17
96	75
96	70
96	46
96	56
96	95
96	157
96	106
96	139
96	137
96	93
96	127
96	7
96	18
96	65
96	81
96	132
96	103
96	150
96	119
96	50
96	142
96	111
96	39
96	49
96	26
96	21
96	90
96	27
96	140
96	83
96	77
96	154
96	133
96	35
96	120
96	141
96	109
96	33
96	22
96	123
96	88
96	66
96	38
96	84
96	19
96	43
96	41
96	20
96	144
96	101
96	9
96	73
96	74
96	79
96	131
96	57
96	87
96	52
96	114
97	73
97	100
97	94
97	127
97	54
97	95
97	110
97	32
97	111
97	22
97	75
97	142
97	33
97	71
97	46
97	151
97	61
97	7
97	35
97	116
97	106
97	8
97	119
97	51
97	1
97	34
97	72
97	120
97	149
97	145
97	85
97	140
97	31
97	99
97	23
97	130
97	90
97	44
97	68
97	93
97	10
97	125
97	137
97	115
97	122
97	43
97	36
97	52
97	66
97	131
97	109
97	49
98	75
98	119
98	15
98	71
98	110
98	45
98	95
98	93
98	51
98	67
98	46
98	111
98	149
98	121
98	6
98	9
98	25
98	139
98	48
98	133
98	127
98	148
98	90
98	55
98	35
98	142
98	41
98	158
98	42
98	3
98	105
98	82
98	7
98	120
98	38
98	1
98	154
98	106
98	125
98	157
98	12
98	116
98	97
98	137
98	61
98	153
98	60
99	100
99	125
99	66
99	21
99	103
99	134
99	98
99	127
99	110
99	77
99	31
99	75
99	108
99	18
99	7
99	130
99	142
99	116
99	23
99	13
99	51
99	17
99	29
99	61
99	119
99	35
99	144
99	115
99	27
99	46
99	90
99	109
99	32
99	149
99	14
99	36
99	92
99	111
99	81
99	54
99	34
99	38
99	136
99	83
99	5
99	133
99	94
99	93
99	123
99	145
99	91
99	20
99	95
99	122
99	33
99	28
99	60
99	74
99	40
99	131
99	140
99	68
99	50
99	41
99	67
99	56
99	6
99	155
99	106
99	120
99	147
99	26
99	63
99	101
99	96
99	57
99	44
99	45
99	126
99	65
99	102
99	80
99	49
99	71
99	156
99	72
99	154
99	159
99	22
99	139
99	39
99	25
99	12
99	24
99	137
99	47
99	104
99	146
99	42
99	148
99	118
99	82
99	10
99	117
99	129
99	73
99	11
99	85
99	48
99	78
99	37
99	43
99	52
99	157
99	15
99	88
100	46
100	55
100	145
100	126
100	45
100	44
100	125
100	18
100	75
100	61
100	90
100	67
100	40
100	117
100	110
100	21
100	127
100	119
100	51
100	129
100	89
100	53
100	149
100	79
100	142
100	95
100	49
100	9
100	83
100	118
100	111
100	38
100	158
100	133
100	97
100	71
100	35
100	5
100	58
100	12
100	136
100	14
100	80
100	4
100	153
100	10
100	64
100	29
100	34
100	42
100	87
100	24
100	93
100	56
100	137
100	114
100	146
100	82
100	8
100	25
100	121
100	76
100	7
100	84
100	123
100	48
100	81
100	143
100	37
100	141
100	33
100	68
100	156
100	99
100	91
100	57
100	11
100	128
100	120
100	103
100	140
100	151
100	47
101	110
101	23
101	83
101	88
101	144
101	115
101	153
101	60
101	79
101	125
101	50
101	30
101	131
101	75
101	49
101	95
101	155
101	154
101	17
101	7
101	102
101	127
101	120
101	39
101	99
101	61
101	21
101	129
101	22
101	51
101	15
101	33
101	140
101	41
101	38
101	98
101	58
101	70
101	82
101	65
101	96
101	138
101	122
101	37
101	67
101	150
101	132
101	59
101	91
101	109
101	46
101	149
101	6
101	133
101	156
101	63
101	93
101	103
101	137
101	152
101	100
101	56
101	27
101	66
101	5
101	19
101	29
101	12
102	110
102	119
102	138
102	115
102	17
102	111
102	105
102	140
102	21
102	99
102	95
102	41
102	86
102	49
102	125
102	39
102	25
102	56
102	7
102	29
102	51
102	26
102	112
102	12
102	61
102	90
102	153
102	67
102	122
102	83
102	103
102	18
102	84
102	38
102	46
102	75
102	33
102	127
102	50
102	59
102	137
102	57
102	157
102	149
102	11
102	150
102	156
102	106
102	30
102	37
102	80
102	65
102	42
102	154
102	93
102	23
102	85
102	100
102	109
102	47
102	120
103	83
103	140
103	138
103	22
103	30
103	123
103	7
103	16
103	154
103	112
103	135
103	127
103	79
103	54
103	21
103	136
103	72
103	8
103	145
103	20
103	46
103	18
103	47
103	42
103	142
103	23
103	56
103	57
103	96
103	51
103	108
103	48
103	71
103	134
103	119
103	148
103	122
103	49
103	11
103	90
103	33
103	110
103	32
103	155
103	94
103	151
103	81
103	101
103	68
103	40
103	116
103	25
103	131
103	82
103	109
103	141
103	88
103	118
103	70
103	37
103	74
103	62
103	158
103	98
103	80
103	100
103	34
103	60
103	75
103	92
103	113
103	14
103	29
103	91
103	111
103	117
103	10
103	17
103	53
103	85
103	67
103	41
103	89
103	61
103	106
103	115
103	38
103	139
103	129
103	104
103	156
103	43
103	124
103	12
103	152
103	120
103	36
103	99
103	146
103	76
103	149
103	35
103	84
103	2
103	64
103	95
103	77
103	44
103	114
103	5
104	75
104	126
104	73
104	46
104	119
104	51
104	11
104	41
104	17
104	125
104	7
104	102
104	21
104	133
104	25
104	149
104	95
104	110
104	86
104	92
104	15
104	10
104	112
104	33
104	137
104	55
104	132
104	35
104	63
104	42
104	4
104	141
104	44
104	99
104	67
104	156
104	85
104	83
104	127
104	40
104	22
104	111
104	76
104	60
104	103
104	23
104	54
104	118
104	37
104	151
104	120
104	61
104	58
104	80
104	93
104	140
105	110
105	50
105	111
105	39
105	95
105	7
105	51
105	12
105	56
105	75
105	35
105	46
105	125
105	85
105	41
105	145
105	103
105	149
105	87
105	67
105	127
105	137
105	54
105	93
105	130
105	73
105	133
105	49
105	122
105	129
105	99
105	154
105	17
105	33
105	100
105	78
105	106
105	119
105	144
105	120
105	140
105	8
105	59
105	61
105	147
105	157
105	109
105	22
105	84
105	23
105	101
106	107
106	143
106	104
106	110
106	124
106	123
106	43
106	2
106	1
106	137
106	144
106	11
106	140
106	139
106	114
106	54
106	125
106	12
106	17
106	90
106	7
106	75
106	116
106	147
107	132
107	110
107	49
107	125
107	67
107	7
107	75
107	46
107	131
107	41
107	17
107	37
107	73
107	149
107	82
107	33
107	137
107	16
107	99
107	80
107	22
107	144
107	12
107	118
107	153
107	61
107	23
107	154
107	30
107	65
107	133
107	148
107	122
107	140
107	127
107	119
107	74
107	111
107	156
107	138
107	35
107	150
107	50
107	109
107	158
107	21
107	51
107	92
107	151
107	38
107	95
107	139
107	57
107	58
107	87
107	59
107	114
107	56
107	11
107	29
107	103
107	25
108	61
108	142
108	83
108	111
108	47
108	127
108	48
108	81
108	129
108	9
108	156
108	136
108	106
108	91
108	5
108	21
108	68
108	13
108	37
108	154
108	71
108	122
108	36
108	25
108	72
108	46
108	110
108	75
108	64
108	35
108	15
108	120
108	10
108	51
108	133
108	6
108	149
108	141
108	41
108	14
108	33
108	31
108	146
108	157
108	119
108	118
108	144
108	145
108	12
108	60
108	125
108	126
108	40
108	16
108	63
108	4
108	93
108	11
108	79
108	8
108	58
108	67
108	24
108	49
108	56
108	95
108	7
108	34
108	80
108	42
108	89
108	18
108	140
108	103
108	90
108	104
108	99
108	151
108	62
108	84
108	101
108	102
108	158
108	96
108	29
108	53
108	82
108	115
108	78
108	23
108	55
108	57
108	69
108	52
108	107
108	92
108	117
108	74
109	119
109	110
109	18
109	68
109	46
109	44
109	93
109	90
109	106
109	56
109	97
109	48
109	83
109	148
109	75
109	78
109	135
109	65
109	142
109	40
109	71
109	51
109	61
109	14
109	125
109	85
109	34
109	28
109	67
109	37
109	139
109	120
109	150
109	21
109	23
109	95
109	91
109	11
109	35
109	127
109	140
109	24
109	104
109	58
109	41
109	39
109	79
109	137
109	151
109	128
109	17
109	7
109	111
109	8
109	54
109	76
109	12
109	156
109	107
109	141
109	2
109	25
109	86
109	154
109	57
109	29
109	88
109	22
109	10
109	158
110	105
110	100
110	156
110	54
110	108
110	66
110	18
110	22
110	7
110	33
110	111
110	79
110	75
110	135
110	9
110	32
110	83
110	84
110	64
110	99
110	57
110	119
110	138
110	55
110	46
110	154
110	16
110	149
110	127
110	12
110	69
110	88
110	136
110	15
110	123
110	21
110	131
110	94
110	82
110	121
110	155
110	26
110	93
110	90
110	146
110	39
110	122
110	95
110	11
110	98
110	153
110	118
110	35
110	126
110	49
110	34
110	116
110	40
110	130
110	6
110	1
110	124
110	102
110	157
110	17
110	142
110	51
110	158
110	159
110	14
110	3
110	38
110	115
110	86
110	67
110	23
110	140
110	151
110	117
110	81
110	41
110	101
110	107
110	85
110	61
110	72
110	145
110	20
110	48
110	56
110	125
110	73
110	8
110	28
110	31
110	63
110	120
110	44
110	19
110	5
110	29
110	25
110	47
110	129
110	42
110	76
110	150
110	143
110	71
110	68
110	97
110	106
110	60
110	24
110	147
110	43
110	87
110	133
110	37
110	27
110	141
110	109
110	134
110	70
110	148
110	78
110	152
110	96
110	45
110	36
110	10
110	74
110	114
110	128
110	2
110	139
110	62
110	77
110	144
110	80
110	59
110	30
110	53
110	13
110	89
110	58
110	137
110	4
110	132
110	104
110	92
110	65
110	113
110	112
110	103
110	50
110	91
111	55
111	157
111	47
111	92
111	19
111	50
111	16
111	3
111	120
111	102
111	101
111	114
111	28
111	110
111	31
111	113
111	149
111	12
111	46
111	75
111	140
111	45
111	69
111	155
111	146
111	121
111	13
111	78
111	41
111	38
111	141
111	117
111	100
111	22
111	135
111	139
111	49
111	33
111	94
111	74
111	95
111	64
111	87
111	93
111	98
111	51
111	61
111	125
111	158
111	123
111	86
111	136
111	127
111	112
111	71
111	103
111	57
111	67
111	106
111	7
111	96
111	122
111	99
111	154
111	119
111	35
111	53
111	56
111	132
111	138
111	133
111	150
111	17
111	20
111	54
111	152
111	21
111	144
112	119
112	12
112	5
112	110
112	122
112	154
112	46
112	41
112	79
112	36
112	111
112	87
112	132
112	124
112	17
112	142
112	127
112	75
112	9
112	72
112	71
112	146
112	16
112	106
112	136
112	145
112	43
112	61
112	93
112	86
112	3
112	23
112	34
112	67
112	51
112	84
112	153
112	52
112	11
112	126
112	76
112	45
112	90
112	118
112	74
112	88
112	35
112	33
112	25
112	63
112	102
112	58
112	53
112	156
112	89
112	65
112	14
112	7
112	99
113	140
113	133
113	110
113	49
113	137
113	69
113	153
113	7
113	22
113	15
113	51
113	75
113	92
113	95
113	125
113	46
113	26
113	5
113	149
113	142
113	123
113	156
113	37
113	67
113	91
113	73
113	127
113	93
113	122
113	17
113	50
113	41
113	59
113	60
113	21
113	33
113	99
113	42
113	57
113	78
113	61
113	139
113	56
113	45
113	38
113	70
113	76
113	18
113	120
113	157
113	114
113	115
113	141
113	111
113	119
114	32
114	122
114	136
114	100
114	71
114	98
114	155
114	112
114	154
114	138
114	150
114	134
114	70
114	127
114	131
114	78
114	108
114	79
114	116
114	142
114	111
114	41
114	68
114	140
114	89
114	146
114	110
114	81
114	48
114	30
114	99
114	75
114	39
114	35
114	18
114	133
114	33
114	8
114	12
114	109
114	84
114	77
114	86
114	49
114	11
114	64
114	17
114	36
114	59
114	51
114	130
115	105
115	110
115	41
115	31
115	125
115	139
115	83
115	75
115	119
115	95
115	111
115	140
115	78
115	60
115	32
115	46
115	29
115	127
115	153
115	18
115	142
115	92
115	22
115	39
115	30
115	69
115	141
115	99
115	25
115	40
115	80
115	137
115	21
115	70
115	7
115	48
115	37
115	149
115	67
115	57
115	13
115	157
115	74
115	28
115	90
115	51
115	10
115	56
115	103
115	49
115	84
115	152
115	17
115	33
115	93
115	23
116	106
116	110
116	118
116	75
116	18
116	119
116	7
116	35
116	46
116	12
116	10
116	72
116	5
116	97
116	111
116	93
116	37
116	14
116	156
116	25
116	41
116	140
116	149
116	99
116	40
116	128
116	51
116	148
116	129
116	44
116	135
116	125
116	47
116	58
116	4
116	90
116	142
116	158
116	143
116	137
116	71
116	68
116	95
116	48
116	96
116	49
116	21
116	103
116	91
116	53
116	9
116	154
116	94
116	85
116	127
116	151
116	16
116	52
116	64
116	73
116	57
116	133
116	87
116	146
117	110
117	75
117	50
117	67
117	64
117	7
117	122
117	99
117	56
117	51
117	30
117	106
117	125
117	100
117	21
117	149
117	140
117	127
117	109
117	145
117	48
117	131
117	95
117	33
117	46
117	137
117	5
117	138
117	72
117	139
117	35
117	37
117	111
117	19
117	71
117	157
117	92
117	136
117	77
118	111
118	110
118	140
118	53
118	138
118	44
118	25
118	99
118	46
118	7
118	119
118	51
118	22
118	122
118	75
118	149
118	40
118	35
118	158
118	100
118	61
118	54
118	156
118	63
118	77
118	18
118	120
118	142
118	67
118	36
118	127
118	129
118	106
118	17
118	95
118	83
118	52
118	113
119	19
119	102
119	123
119	121
119	43
119	7
119	95
119	114
119	46
119	110
119	13
119	147
119	75
119	93
119	22
119	3
119	51
119	99
119	149
119	117
119	100
119	41
119	146
119	125
119	140
119	106
119	61
119	155
119	35
119	78
119	144
119	101
119	157
119	38
119	56
119	74
119	127
119	111
119	9
119	94
119	47
119	49
119	39
119	50
119	138
119	153
119	129
119	67
119	141
119	120
119	116
119	54
119	103
120	138
120	70
120	142
120	127
120	8
120	66
120	30
120	122
120	154
120	48
120	99
120	71
120	68
120	80
120	47
120	91
120	41
120	36
120	112
120	108
120	145
120	100
120	77
120	32
120	83
120	136
120	75
120	20
120	54
120	11
120	10
120	146
120	90
120	7
120	57
120	84
120	40
120	76
120	155
120	46
120	21
120	98
120	37
120	81
120	111
120	93
120	129
120	89
120	17
120	118
120	6
120	52
120	25
120	116
120	110
120	49
120	109
120	133
120	18
120	119
120	29
120	149
120	67
120	87
120	51
121	111
121	110
121	56
121	75
121	140
121	115
121	119
121	153
121	118
121	35
121	117
121	78
121	6
121	98
121	157
121	150
121	92
121	7
121	51
121	89
121	149
121	22
121	137
121	33
121	95
121	82
121	46
121	41
121	45
121	99
121	148
121	32
121	15
121	100
121	93
121	72
121	125
121	131
121	138
121	66
121	67
121	49
121	127
121	70
121	106
121	116
121	85
121	73
121	28
121	48
121	39
121	21
121	76
121	20
121	37
121	103
121	42
121	144
121	44
122	14
122	79
122	126
122	44
122	106
122	91
122	18
122	46
122	94
122	57
122	110
122	75
122	119
122	129
122	83
122	64
122	93
122	41
122	153
122	124
122	16
122	74
122	51
122	5
122	7
122	8
122	95
122	127
122	99
122	11
122	73
122	151
122	10
122	61
122	125
122	158
122	56
122	60
122	107
122	21
122	96
122	76
122	103
122	154
122	111
122	55
122	38
122	86
122	140
122	49
122	24
122	102
122	84
122	117
122	62
122	80
122	97
122	121
122	63
122	67
122	53
122	133
122	22
122	149
122	25
122	34
122	37
122	33
122	35
122	87
122	114
122	39
122	42
122	118
122	26
122	90
122	15
122	29
122	105
122	156
122	72
122	113
122	152
122	58
122	150
122	45
122	92
122	17
122	128
122	47
122	112
122	52
122	50
122	157
122	159
122	1
122	9
122	4
122	12
122	115
122	40
122	43
122	31
122	146
122	132
122	65
122	3
122	13
122	143
122	23
122	30
122	123
122	104
122	147
122	66
122	101
122	139
122	142
122	6
122	148
122	137
122	131
122	28
122	120
122	70
122	109
122	54
122	85
122	116
122	78
122	141
122	100
123	7
123	93
123	21
123	153
123	127
123	116
123	95
123	110
123	75
123	51
123	144
123	17
123	97
123	98
123	111
123	22
123	134
123	125
123	49
123	99
123	42
123	100
123	67
123	122
123	41
123	50
123	137
123	140
123	119
123	105
123	112
123	46
123	120
123	138
123	10
123	12
123	135
123	40
123	48
123	103
123	133
123	154
123	35
123	54
123	33
123	4
123	117
123	53
123	18
123	8
123	59
123	30
123	6
123	55
123	73
123	142
123	150
123	128
123	31
123	26
123	157
123	72
123	82
123	121
123	47
124	112
124	110
124	138
124	95
124	60
124	51
124	7
124	144
124	126
124	21
124	12
124	75
124	84
124	149
124	22
124	73
124	115
124	30
124	150
124	137
124	122
124	50
124	127
124	11
124	83
124	111
124	86
124	46
124	119
124	38
124	125
124	45
124	136
124	153
124	10
124	151
124	56
124	154
124	65
124	49
124	42
124	8
124	13
124	41
124	67
124	140
124	108
124	61
124	15
124	145
124	109
124	90
124	70
124	6
124	98
124	93
124	156
124	78
124	99
124	25
124	23
124	31
124	132
124	37
124	157
124	120
125	75
125	83
125	122
125	8
125	30
125	48
125	136
125	70
125	127
125	88
125	41
125	112
125	79
125	9
125	138
125	99
125	131
125	158
125	18
125	16
125	33
125	100
125	142
125	81
125	49
125	54
125	60
125	71
125	68
125	66
125	150
125	120
125	21
125	59
125	110
125	98
125	23
125	11
125	37
125	146
125	108
125	47
125	97
125	39
125	20
125	36
125	159
125	149
125	144
125	116
125	17
125	154
125	145
125	92
125	141
125	62
125	51
125	6
125	129
125	89
125	140
125	157
125	57
125	19
125	3
125	67
125	32
125	111
125	119
125	15
125	135
125	61
125	10
125	121
125	86
125	25
125	106
125	34
125	7
125	26
125	40
125	155
125	101
125	95
125	46
125	72
125	53
125	4
125	42
125	56
125	117
125	63
125	35
125	151
125	93
125	124
125	102
125	27
125	14
125	44
125	90
125	94
125	13
125	148
125	85
125	118
125	109
125	137
125	152
125	133
125	139
125	12
125	156
125	104
125	78
125	82
125	76
125	128
125	29
125	5
125	84
125	43
125	38
125	50
125	143
125	80
125	73
126	125
126	38
126	111
126	7
126	74
126	92
126	132
126	100
126	53
126	95
126	110
126	154
126	114
126	97
126	21
126	96
126	79
126	142
126	75
126	113
126	158
126	122
126	28
126	56
126	12
126	133
126	73
126	127
126	15
126	49
126	115
126	46
126	35
126	67
126	30
126	138
126	83
126	145
126	103
126	48
126	99
126	120
126	17
126	18
126	128
126	157
126	31
126	151
127	110
127	75
127	99
127	106
127	125
127	111
127	41
127	95
127	121
127	156
127	15
127	83
127	82
127	46
127	90
127	5
127	149
127	52
127	7
127	9
127	17
127	118
127	135
127	39
127	73
127	12
127	18
127	153
127	51
127	16
127	38
127	1
127	34
127	86
127	119
127	44
127	48
127	67
127	49
127	100
127	33
127	61
127	35
127	60
127	25
127	124
127	57
127	64
127	120
127	32
127	139
127	148
127	88
127	72
127	10
127	54
127	93
127	56
127	107
127	97
127	65
127	126
127	79
127	27
127	22
127	132
127	50
127	134
127	140
127	13
127	21
127	115
127	69
127	152
127	96
127	42
127	37
127	77
127	122
127	150
127	84
127	103
127	137
127	113
127	133
127	8
127	144
127	45
127	3
127	6
127	26
127	20
127	19
127	136
127	87
127	92
127	154
127	78
127	11
127	109
127	23
127	102
127	24
127	147
127	128
127	98
127	14
127	108
127	85
127	159
127	47
127	158
127	94
127	4
127	40
127	151
127	129
127	80
127	63
127	105
127	62
127	116
127	117
127	58
127	76
127	59
127	53
127	112
127	28
127	29
127	66
127	55
127	138
127	130
127	123
127	114
127	101
127	74
127	71
127	31
127	43
127	146
127	143
127	155
127	141
128	120
128	158
128	138
128	110
128	73
128	54
128	149
128	75
128	100
128	61
128	7
128	155
128	65
128	56
128	99
128	41
128	93
128	111
128	71
128	32
128	35
128	34
128	33
128	19
128	46
128	90
128	136
128	105
128	119
128	108
128	2
128	25
128	49
128	125
128	139
128	142
128	127
128	117
128	51
128	91
128	66
128	95
128	52
128	23
128	72
128	82
128	122
128	154
128	40
128	21
128	5
128	67
128	37
128	8
128	85
128	89
128	14
128	17
128	116
128	140
128	79
128	137
128	87
128	153
128	141
128	157
128	83
128	150
129	66
129	153
129	110
129	81
129	119
129	71
129	136
129	24
129	79
129	62
129	154
129	99
129	95
129	122
129	98
129	39
129	142
129	146
129	100
129	11
129	31
129	138
129	48
129	85
129	150
129	50
129	140
129	90
129	75
129	46
129	54
129	7
129	77
129	131
129	155
129	18
129	106
129	101
129	130
129	96
129	92
129	58
130	110
130	119
130	142
130	122
130	136
130	33
130	83
130	41
130	31
130	7
130	75
130	107
130	71
130	149
130	36
130	97
130	154
130	145
130	29
130	68
130	48
130	128
130	89
130	46
130	95
130	51
130	124
130	18
130	86
130	8
130	40
130	4
130	34
130	125
130	1
130	11
130	105
130	114
130	152
130	82
130	127
130	76
130	129
130	43
130	91
130	137
130	21
130	143
130	156
130	28
131	110
131	91
131	75
131	130
131	5
131	46
131	111
131	117
131	99
131	122
131	86
131	48
131	129
131	79
131	44
131	125
131	64
131	115
131	158
131	155
131	83
131	25
131	41
131	22
131	133
131	84
131	21
131	85
131	56
131	145
131	12
131	95
131	37
131	149
131	121
131	80
131	33
131	58
131	141
131	7
131	18
131	11
131	72
131	140
131	118
131	157
131	114
131	104
131	156
131	69
131	106
131	52
131	10
131	31
132	51
132	111
132	75
132	12
132	14
132	24
132	129
132	7
132	119
132	46
132	67
132	18
132	40
132	144
132	124
132	143
132	61
132	110
132	133
132	62
132	17
132	29
132	21
132	25
132	49
132	37
132	145
132	11
132	127
132	33
132	90
132	158
132	63
132	39
132	126
132	9
132	95
132	117
132	137
132	149
132	44
132	84
132	125
132	50
132	34
132	53
132	68
132	6
132	103
132	58
132	112
132	26
132	83
132	54
132	80
132	93
132	23
132	118
132	64
132	28
132	35
132	56
132	159
132	55
132	79
132	22
132	157
132	43
132	107
132	5
133	43
133	123
133	149
133	146
133	3
133	12
133	120
133	111
133	28
133	110
133	122
133	25
133	33
133	127
133	22
133	100
133	47
133	144
133	157
133	41
133	46
133	99
133	140
133	105
133	10
134	126
134	51
134	67
134	111
134	64
134	90
134	61
134	120
134	22
134	110
134	119
134	75
134	34
134	149
134	143
134	7
134	46
134	12
134	49
134	89
134	153
134	127
134	78
134	71
134	29
134	154
134	72
134	133
134	43
134	99
134	137
134	14
134	80
134	87
134	18
134	9
134	45
134	83
134	60
134	21
134	40
134	25
134	124
134	144
134	5
134	63
134	84
134	58
134	95
134	125
134	33
134	35
134	148
134	17
134	57
134	37
134	42
134	103
135	14
135	75
135	25
135	83
135	16
135	57
135	110
135	46
135	18
135	88
135	35
135	111
135	17
135	100
135	76
135	154
135	118
135	34
135	92
135	86
135	15
135	122
135	144
135	121
135	99
135	116
135	64
135	72
135	98
135	10
135	4
135	6
135	66
135	82
135	44
135	58
135	84
135	151
135	59
135	11
135	149
135	40
135	49
135	7
135	23
135	67
135	33
135	55
135	61
135	126
135	127
135	20
135	51
135	150
135	145
135	21
135	9
135	90
135	63
135	37
135	93
135	71
135	131
135	120
136	125
136	75
136	115
136	122
136	35
136	99
136	149
136	46
136	111
136	110
136	73
136	100
136	119
136	134
136	153
136	95
136	57
136	104
136	51
136	9
136	137
136	129
136	83
136	127
136	93
136	72
136	13
136	7
136	120
136	66
136	15
136	5
136	18
136	155
136	97
136	12
136	34
136	113
136	42
136	39
136	150
136	37
136	106
136	14
136	148
136	41
136	90
136	67
136	27
136	17
136	78
136	135
136	144
136	79
136	23
136	61
136	22
136	132
136	124
136	76
136	123
136	133
136	16
136	50
136	103
136	87
136	40
136	4
136	45
136	130
136	32
136	1
136	10
136	64
136	54
136	86
136	98
136	56
136	131
136	49
136	84
136	121
136	154
136	117
136	156
136	59
136	60
136	33
136	53
136	82
136	6
136	25
136	94
136	26
136	38
136	11
136	85
136	152
136	158
136	65
136	109
136	139
136	48
136	128
136	159
136	140
136	70
136	114
136	118
136	20
136	52
136	21
137	127
137	119
137	16
137	49
137	112
137	99
137	83
137	57
137	64
137	116
137	150
137	18
137	122
137	13
137	138
137	110
137	142
137	136
137	129
137	34
137	7
137	48
137	6
137	81
137	75
137	98
137	56
137	97
137	39
137	154
137	72
137	41
137	25
137	10
137	23
137	111
137	22
137	145
137	79
137	46
137	135
137	59
137	21
137	26
137	51
137	37
137	144
137	5
137	61
137	106
137	60
137	118
137	38
137	151
137	36
137	108
137	17
137	15
137	20
137	158
137	40
137	71
137	44
137	131
137	146
137	4
137	54
137	58
137	65
137	115
137	8
137	12
137	140
137	70
137	11
137	94
137	100
137	33
137	120
137	30
137	109
137	155
137	126
137	89
137	67
137	29
137	124
137	82
137	63
137	90
137	88
137	139
137	133
137	149
137	128
137	43
137	86
137	19
137	87
137	35
137	42
137	50
137	68
137	45
137	14
138	132
138	36
138	154
138	81
138	127
138	47
138	5
138	151
138	107
138	89
138	145
138	6
138	111
138	64
138	48
138	16
138	25
138	110
138	61
138	11
138	75
138	129
138	79
138	18
138	136
138	142
138	41
138	68
138	146
138	84
138	46
138	49
138	122
138	33
138	83
138	35
138	149
138	140
138	71
138	119
138	74
138	15
138	57
138	51
138	67
138	62
138	85
138	93
138	82
138	7
138	40
138	87
138	86
138	96
138	12
138	44
138	139
138	156
138	113
138	24
138	121
138	14
138	53
138	21
138	80
138	8
138	72
138	148
138	45
138	37
138	106
138	90
138	125
138	88
138	94
138	28
138	114
138	63
138	55
138	42
138	9
138	104
138	13
138	118
138	115
138	2
138	105
138	50
138	126
138	52
138	137
138	158
138	31
138	124
138	95
138	76
138	19
138	23
138	10
138	101
139	96
139	75
139	157
139	73
139	125
139	92
139	28
139	110
139	33
139	74
139	111
139	31
139	148
139	56
139	1
139	70
139	120
139	55
139	7
139	150
139	35
139	113
139	41
139	94
139	59
139	67
139	46
139	137
139	127
139	103
139	106
139	149
139	23
139	118
139	109
139	82
139	95
139	99
139	79
139	101
139	115
139	12
139	140
139	114
139	50
139	19
139	93
139	54
139	153
139	78
139	11
139	22
140	138
140	53
140	127
140	100
140	122
140	8
140	102
140	142
140	98
140	70
140	41
140	109
140	27
140	81
140	54
140	48
140	30
140	51
140	154
140	136
140	75
140	108
140	71
140	99
140	145
140	146
140	36
140	5
140	1
140	111
140	32
140	134
140	46
140	47
140	9
140	150
140	12
140	49
140	44
140	86
140	131
140	110
140	25
140	57
140	119
140	87
140	39
140	116
140	79
140	35
140	130
140	63
140	82
140	33
140	101
140	7
140	16
140	59
140	77
140	115
140	89
140	144
140	23
140	155
140	149
140	14
140	112
140	42
140	93
140	113
140	133
140	153
140	118
140	68
140	80
140	123
140	40
140	66
140	17
140	19
140	55
140	95
140	104
140	61
140	92
140	22
140	29
140	159
140	21
140	137
140	126
140	83
140	24
140	52
140	74
140	3
140	43
140	58
140	90
140	107
140	20
140	151
140	50
140	11
140	67
140	76
140	147
140	117
140	94
140	18
140	31
140	84
140	105
141	69
141	30
141	48
141	127
141	108
141	46
141	122
141	51
141	83
141	99
141	110
141	41
141	35
141	71
141	7
141	153
141	154
141	8
141	111
141	75
141	95
141	40
141	18
141	59
141	85
141	70
141	56
141	138
141	155
141	94
141	112
141	100
141	116
141	150
141	23
141	57
141	125
141	17
141	6
141	20
141	10
141	97
141	109
141	151
141	115
141	67
141	103
141	50
141	37
141	68
141	27
142	75
142	110
142	85
142	127
142	54
142	126
142	122
142	134
142	21
142	46
142	61
142	17
142	79
142	159
142	135
142	18
142	29
142	7
142	130
142	51
142	41
142	13
142	37
142	88
142	116
142	87
142	109
142	129
142	100
142	99
142	152
142	64
142	33
142	120
142	139
142	23
142	145
142	132
142	15
142	11
142	83
142	150
142	136
142	119
142	149
142	98
142	90
142	35
142	108
142	49
142	121
142	82
142	58
142	111
142	48
142	25
142	86
142	93
142	22
142	84
142	105
142	6
142	56
142	45
142	77
142	10
142	60
142	73
142	12
142	106
142	4
142	32
142	40
142	52
142	31
142	67
142	153
142	95
142	137
142	154
142	144
142	57
142	44
142	125
142	133
142	39
142	66
142	42
142	140
142	117
142	14
142	50
142	80
142	151
142	103
142	78
142	27
142	128
142	65
142	157
142	5
142	118
142	156
142	70
142	72
142	26
142	53
142	146
143	75
143	110
143	138
143	125
143	67
143	108
143	130
143	54
143	46
143	84
143	83
143	22
143	157
143	49
143	111
143	93
143	77
143	134
143	153
143	7
143	6
143	137
143	122
143	95
143	112
143	99
143	33
143	53
143	119
143	128
143	60
143	98
143	156
143	121
143	29
143	57
143	103
143	150
143	21
143	115
143	126
143	58
143	40
143	50
143	73
143	116
143	127
143	90
143	100
143	35
143	129
143	38
143	82
143	56
143	8
143	45
143	59
143	26
143	61
143	68
143	144
143	158
143	13
143	140
143	109
143	132
143	149
143	70
143	117
143	55
143	120
143	151
143	44
143	64
143	79
143	159
143	11
143	42
143	51
143	18
144	111
144	49
144	31
144	80
144	14
144	119
144	17
144	154
144	8
144	7
144	118
144	51
144	86
144	125
144	133
144	75
144	158
144	44
144	64
144	6
144	15
144	93
144	149
144	37
144	21
144	45
144	61
144	87
144	130
144	83
144	46
144	140
144	35
144	57
144	99
144	126
144	55
144	107
144	124
144	56
144	139
144	141
144	18
144	33
144	41
144	25
144	148
144	50
144	19
144	147
144	106
144	120
144	103
144	9
144	110
144	73
144	105
144	20
144	48
144	58
144	96
144	67
144	143
144	150
144	11
144	129
144	132
144	151
144	123
144	28
144	101
144	12
144	117
144	10
144	78
145	18
145	75
145	110
145	44
145	51
145	83
145	12
145	71
145	106
145	111
145	57
145	122
145	153
145	118
145	95
145	137
145	99
145	93
145	149
145	127
145	46
145	35
145	67
145	7
145	79
145	22
145	86
145	97
145	41
145	17
145	39
145	50
145	33
145	100
145	104
145	134
145	90
145	125
145	124
145	34
145	144
145	15
145	154
145	117
145	9
145	150
145	32
145	128
145	155
145	61
145	130
145	43
145	26
145	119
145	80
145	133
145	20
145	45
145	10
145	98
145	108
145	5
145	4
145	66
145	72
145	49
145	40
145	60
145	120
145	115
145	131
145	82
145	21
145	23
145	37
145	59
145	42
145	65
145	8
145	132
145	140
145	109
145	88
145	25
145	87
145	63
145	53
145	85
145	73
145	6
145	54
145	121
145	139
145	107
145	14
146	127
146	110
146	33
146	7
146	75
146	22
146	72
146	35
146	21
146	27
146	39
146	17
146	87
146	41
146	83
146	95
146	122
146	67
146	106
146	111
146	23
146	125
146	140
146	138
146	79
146	51
146	112
146	78
146	147
146	86
146	46
146	100
146	155
146	131
146	119
146	99
146	61
146	90
146	82
146	49
146	15
146	115
146	103
146	57
146	18
146	5
146	6
146	137
146	121
146	73
146	8
146	32
146	26
146	139
146	53
146	156
146	135
146	25
146	109
146	80
146	144
146	9
146	148
146	120
146	149
146	37
146	101
146	118
146	81
146	44
146	13
146	93
146	151
146	52
146	54
146	56
146	10
146	58
146	29
146	157
146	36
146	133
146	11
146	85
147	110
147	137
147	75
147	51
147	7
147	41
147	78
147	95
147	153
147	46
147	21
147	23
147	114
147	103
147	83
147	90
147	144
147	149
147	111
147	22
147	119
147	42
147	145
147	26
147	73
147	125
147	120
147	157
147	20
147	154
147	129
147	99
147	11
147	124
147	15
147	35
147	80
147	55
147	122
147	40
147	48
147	6
147	67
147	33
147	100
147	4
147	81
147	140
147	115
147	77
147	94
147	37
147	136
147	49
147	50
147	142
147	34
147	57
147	61
147	127
147	56
147	84
147	85
147	38
147	93
147	109
147	30
147	39
147	106
147	54
147	66
147	113
147	151
147	53
148	123
148	7
148	101
148	3
148	124
148	49
148	143
148	125
148	65
148	110
148	43
148	102
148	152
148	78
148	111
148	74
148	120
148	34
148	107
148	115
148	140
148	139
148	2
148	104
148	121
148	133
148	99
148	105
148	109
148	157
148	154
148	21
148	33
148	46
148	19
148	56
148	75
149	147
149	2
149	33
149	72
149	123
149	75
149	69
149	110
149	81
149	3
149	139
149	143
149	95
149	114
149	1
149	22
149	111
149	118
149	92
149	87
149	125
149	46
149	41
149	85
149	140
149	101
149	99
149	53
149	10
149	124
149	146
149	25
149	103
149	138
149	152
149	49
149	104
149	153
149	45
149	157
149	34
149	90
149	51
149	127
149	113
149	142
149	67
149	156
150	14
150	91
150	61
150	18
150	75
150	154
150	67
150	46
150	41
150	11
150	110
150	127
150	144
150	133
150	81
150	107
150	149
150	44
150	142
150	119
150	145
150	83
150	22
150	114
150	86
150	25
150	12
150	50
150	93
150	29
150	111
150	38
150	40
150	151
150	74
150	47
150	51
150	60
150	7
150	48
150	146
150	136
150	122
150	120
150	71
150	76
150	124
150	5
150	82
150	68
150	64
150	56
150	101
150	90
150	129
150	79
150	57
150	45
150	103
150	24
150	33
150	137
150	118
150	140
150	52
150	95
150	36
150	99
151	122
151	70
151	142
151	125
151	7
151	8
151	127
151	59
151	71
151	22
151	67
151	149
151	138
151	49
151	80
151	84
151	86
151	83
151	110
151	100
151	53
151	50
151	75
151	98
151	4
151	56
151	95
151	14
151	111
151	108
151	99
151	62
151	77
151	82
151	140
151	137
151	150
151	78
151	93
151	114
151	41
151	45
151	33
151	46
151	73
151	109
151	159
151	48
151	116
151	10
151	158
151	112
151	120
151	17
151	32
151	72
151	128
151	54
151	36
151	132
151	154
151	126
151	51
151	18
151	52
151	61
151	5
151	23
151	58
151	37
151	60
151	79
152	138
152	122
152	131
152	127
152	126
152	108
152	70
152	100
152	1
152	134
152	116
152	8
152	111
152	41
152	98
152	30
152	110
152	158
152	75
152	40
152	83
152	137
152	18
152	59
152	105
152	145
152	146
152	112
152	6
152	48
152	81
152	150
152	17
152	52
152	95
152	82
152	20
152	142
152	67
152	119
152	80
153	120
153	142
153	54
153	130
153	110
153	127
153	87
153	138
153	71
153	83
153	72
153	49
153	112
153	12
153	159
153	152
153	136
153	79
153	47
153	7
153	21
153	94
153	33
153	48
153	122
153	41
153	46
153	23
153	24
153	119
153	22
153	16
153	145
153	85
153	154
153	118
153	140
153	141
153	78
153	75
153	11
153	99
153	111
153	108
153	68
153	39
153	89
153	131
153	26
153	37
153	8
153	61
153	32
153	56
153	3
153	30
153	81
153	155
153	144
153	15
153	105
153	116
153	20
153	114
153	150
153	129
153	107
154	46
154	132
154	127
154	30
154	122
154	5
154	110
154	82
154	17
154	144
154	126
154	31
154	136
154	93
154	99
154	75
154	158
154	95
154	116
154	7
154	72
154	77
154	8
154	106
154	105
154	134
154	25
154	67
154	54
154	71
154	70
154	131
154	81
154	16
154	133
154	84
154	48
154	86
154	22
154	14
154	65
154	121
154	49
154	138
154	150
154	83
154	130
154	33
154	145
154	11
154	39
154	57
154	111
154	142
154	13
154	42
154	56
154	90
154	91
154	149
154	107
154	10
154	51
154	125
154	21
154	23
154	129
154	32
154	26
154	88
154	41
154	109
154	63
154	108
154	79
154	120
154	58
154	44
154	89
154	80
154	18
154	61
154	24
154	98
154	52
154	68
154	101
154	119
154	140
154	6
154	152
154	55
154	151
154	141
154	115
154	114
154	94
154	100
154	35
154	74
154	12
154	28
154	29
154	40
154	118
154	59
154	47
154	96
154	117
154	103
154	148
154	37
155	18
155	83
155	41
155	93
155	106
155	149
155	79
155	81
155	110
155	36
155	140
155	145
155	97
155	35
155	40
155	128
155	72
155	69
155	75
155	46
155	7
155	4
155	107
155	57
155	119
155	122
155	125
155	31
155	142
155	90
155	71
155	58
155	1
155	95
155	136
155	47
155	10
155	8
155	101
155	48
156	24
156	78
156	116
156	125
156	110
156	1
156	111
156	138
156	75
156	41
156	7
156	94
156	127
156	35
156	22
156	62
156	93
156	37
156	50
156	142
156	119
156	122
156	100
156	49
156	81
156	133
156	120
156	51
156	140
156	137
156	67
156	85
156	70
156	54
156	88
156	48
156	99
156	33
156	90
156	118
156	46
156	149
156	95
156	9
157	30
157	108
157	8
157	122
157	98
157	99
157	127
157	100
157	79
157	70
157	142
157	54
157	71
157	48
157	136
157	145
157	112
157	138
157	83
157	78
157	149
157	37
157	111
157	134
157	12
157	44
157	116
157	97
157	155
157	105
157	47
157	84
157	109
157	36
157	146
157	154
157	159
157	17
157	60
157	150
157	75
157	110
157	22
157	41
157	32
157	68
157	35
157	93
157	158
157	18
157	40
157	4
157	25
157	81
157	57
157	64
157	46
157	39
157	33
157	27
157	51
157	66
157	11
157	20
157	6
157	7
157	77
157	123
157	95
157	49
157	130
157	131
157	129
157	55
157	29
157	126
157	103
158	152
158	110
158	142
158	24
158	153
158	62
158	95
158	111
158	140
158	114
158	6
158	31
158	100
158	106
158	46
158	73
158	125
158	90
158	23
158	35
158	55
158	76
158	10
158	75
158	56
158	155
158	40
158	94
158	128
158	57
158	11
158	98
158	122
158	138
158	12
158	41
158	68
158	150
158	129
158	33
158	84
158	54
158	45
158	77
158	39
158	103
158	99
158	113
158	159
158	157
158	51
158	17
159	133
159	32
159	85
159	99
159	76
159	23
159	111
159	22
159	7
159	89
159	142
159	35
159	71
159	73
159	150
159	47
159	118
159	44
159	51
159	14
159	79
159	154
159	88
159	75
159	18
159	1
159	83
159	21
159	151
159	48
159	15
159	93
159	124
159	143
159	68
159	2
159	39
159	34
159	121
159	37
159	56
159	86
159	131
159	122
159	135
159	77
159	41
159	59
159	109
159	11
159	158
159	110
159	94
159	127
159	6
159	120
159	57
159	54
159	97
159	65
159	29
159	52
159	49
159	43
159	125
159	46
