1	68
1	74
1	37
1	58
1	93
1	40
1	22
1	72
1	71
1	109
1	24
1	84
1	123
1	52
1	76
1	43
1	14
1	27
1	106
1	121
1	78
1	49
1	94
1	102
1	16
1	113
1	70
1	83
1	130
1	104
1	103
1	47
1	5
1	46
1	118
1	97
1	96
1	131
1	65
1	21
1	105
2	72
2	37
2	22
2	29
2	11
2	12
2	5
2	84
2	27
2	8
2	43
2	52
2	74
2	86
2	127
2	78
2	109
2	61
2	79
2	57
2	122
2	36
2	62
2	68
2	93
2	30
2	97
2	85
2	17
2	63
2	33
2	119
2	59
2	130
2	21
2	20
2	131
2	96
2	38
2	10
2	42
2	60
2	83
2	87
3	51
3	72
3	68
3	41
3	99
3	131
3	66
3	10
3	33
3	89
3	121
3	44
3	31
3	87
3	9
3	125
3	37
3	109
3	57
3	56
3	70
3	71
3	7
3	130
3	69
3	22
3	78
3	97
3	29
3	84
3	6
3	25
3	11
3	52
3	115
3	63
3	122
3	40
3	35
3	16
3	74
3	62
3	88
3	67
3	79
3	14
3	119
3	104
3	34
3	53
3	43
3	64
3	126
3	30
3	58
3	123
3	96
3	85
3	114
3	20
3	13
3	32
3	12
3	93
3	36
3	111
3	86
3	15
3	113
3	42
3	80
3	2
3	127
4	37
4	96
4	124
4	129
4	121
4	68
4	25
4	117
4	63
4	44
4	56
4	103
4	51
4	21
4	16
4	10
4	39
4	27
4	34
4	66
4	3
4	9
4	23
4	106
4	53
4	70
4	1
4	89
4	57
4	127
4	119
4	72
4	41
4	109
4	62
4	115
4	71
4	14
4	130
4	125
4	86
4	93
4	113
4	97
4	43
4	49
4	7
4	12
4	2
4	85
4	64
4	20
4	52
4	123
4	79
4	76
4	111
4	36
4	108
4	22
4	104
4	65
4	126
4	30
4	67
4	17
4	42
4	131
4	35
5	68
5	72
5	125
5	56
5	71
5	70
5	93
5	109
5	124
5	129
5	84
5	47
5	106
5	77
5	6
5	63
5	79
5	89
5	33
5	131
5	10
5	97
5	67
5	104
5	35
5	15
5	39
5	126
5	18
5	27
5	20
5	37
5	17
5	34
5	22
5	29
5	74
5	113
5	57
5	43
5	40
5	49
5	114
5	42
5	115
6	110
6	72
6	37
6	78
6	43
6	74
6	126
6	22
6	35
6	33
6	18
6	54
6	84
6	131
6	10
6	14
6	66
6	87
6	9
6	38
6	8
6	91
6	119
6	118
6	113
6	88
6	109
6	20
6	71
6	82
6	123
6	93
6	105
6	107
6	30
6	86
6	68
6	16
6	61
6	17
6	85
6	122
6	25
6	127
6	15
6	27
6	125
6	42
6	12
6	11
6	36
6	52
6	130
6	65
6	49
6	96
6	31
6	29
6	57
6	73
6	4
6	99
6	94
6	21
6	48
6	5
6	104
7	28
7	72
7	84
7	123
7	17
7	16
7	118
7	94
7	74
7	127
7	78
7	33
7	68
7	18
7	85
7	43
7	82
7	116
7	37
7	105
7	40
7	122
7	109
7	10
7	126
7	29
7	12
7	98
7	20
7	57
7	23
7	71
7	119
7	117
7	125
7	87
7	102
7	130
7	131
7	22
7	38
7	128
7	65
7	110
7	93
7	46
7	54
7	61
7	67
7	1
7	21
7	42
7	15
7	101
7	55
7	124
7	114
7	107
7	25
7	113
7	36
7	56
7	96
8	46
8	73
8	20
8	83
8	90
8	85
8	16
8	89
8	9
8	86
8	82
8	6
8	110
8	68
8	12
8	97
8	37
8	49
8	57
8	42
8	21
8	10
8	25
8	126
8	43
8	33
8	116
8	104
8	94
8	105
8	125
8	119
8	30
8	109
8	17
8	59
8	84
8	80
8	130
8	87
8	35
8	72
8	108
9	72
9	68
9	105
9	110
9	35
9	18
9	23
9	16
9	74
9	85
9	127
9	84
9	122
9	76
9	40
9	20
9	130
9	86
9	66
9	93
9	89
9	71
9	118
9	87
9	95
9	80
9	37
9	52
9	2
9	29
9	98
9	109
9	69
9	65
9	22
9	12
9	11
9	43
9	79
9	6
9	116
9	4
9	119
9	33
9	102
9	75
9	8
9	63
9	55
9	67
9	115
9	120
9	78
9	123
9	70
9	34
9	57
9	112
9	100
9	47
9	131
9	36
9	49
9	25
9	114
9	94
9	10
9	126
9	59
9	51
9	99
9	103
9	54
9	117
9	21
9	44
10	54
10	96
10	93
10	47
10	121
10	37
10	79
10	77
10	67
10	84
10	65
10	94
10	122
10	102
10	43
10	46
10	74
10	105
10	71
10	60
10	129
10	72
10	27
10	28
10	120
10	115
10	38
10	110
10	109
10	12
10	1
10	61
10	35
10	53
10	57
10	118
10	119
10	29
10	16
10	131
10	92
10	108
10	82
10	76
10	33
10	78
10	14
10	52
10	123
10	62
10	95
10	103
10	17
10	97
10	9
10	128
10	85
10	86
10	70
10	127
10	106
10	56
10	15
10	21
10	90
10	107
10	117
10	113
10	4
10	111
10	75
10	7
10	5
10	130
10	99
10	80
10	88
10	24
10	3
10	23
10	25
10	69
10	73
10	87
10	104
10	22
10	30
10	68
10	89
10	98
10	11
10	36
10	66
10	34
10	49
10	40
10	41
10	58
10	63
10	126
10	124
10	59
10	6
10	18
10	20
10	55
10	50
10	114
10	51
10	8
10	91
10	13
10	81
10	39
10	48
10	100
10	32
10	101
11	85
11	16
11	37
11	12
11	72
11	43
11	109
11	79
11	86
11	74
11	42
11	84
11	34
11	38
11	93
11	66
11	97
11	22
11	78
11	131
11	123
11	8
11	48
11	50
11	40
11	65
11	31
11	104
11	52
11	57
11	127
11	68
11	81
11	15
11	71
11	26
11	130
11	103
11	30
11	55
11	7
11	60
11	20
11	27
11	95
11	36
12	119
12	69
12	72
12	78
12	14
12	37
12	74
12	93
12	107
12	128
12	20
12	22
12	57
12	45
12	109
12	131
12	31
12	127
12	16
12	23
12	10
12	88
12	116
12	89
12	85
12	120
12	103
12	110
12	33
12	79
12	71
12	104
12	111
12	30
12	84
12	121
12	42
12	66
12	17
12	43
12	105
12	15
12	4
12	39
12	114
12	55
12	101
12	68
12	86
12	76
12	44
12	27
12	18
12	51
13	79
13	118
13	72
13	63
13	109
13	68
13	78
13	73
13	18
13	123
13	105
13	119
13	126
13	93
13	60
13	87
13	37
13	131
13	74
13	71
13	12
13	130
13	46
13	33
13	45
13	30
13	23
13	122
13	43
13	41
13	22
13	129
13	114
13	97
13	49
13	31
13	34
13	35
13	127
13	85
13	115
13	86
13	15
13	67
13	36
13	17
13	27
13	110
13	76
13	42
13	77
14	93
14	37
14	72
14	84
14	74
14	33
14	22
14	94
14	117
14	40
14	68
14	65
14	67
14	109
14	17
14	52
14	122
14	8
14	6
14	123
14	71
14	85
14	38
14	36
14	58
14	66
14	76
14	27
14	11
14	60
14	83
14	113
14	108
14	79
14	105
14	111
14	28
14	70
14	50
14	41
14	75
14	98
14	31
14	110
14	57
14	91
14	77
14	43
14	131
14	97
14	100
14	103
15	40
15	58
15	2
15	5
15	108
15	72
15	113
15	19
15	37
15	84
15	111
15	129
15	22
15	123
15	68
15	63
15	43
15	18
15	83
15	39
15	74
15	36
15	75
15	119
15	6
15	89
15	27
15	125
15	66
15	57
15	109
15	31
15	14
15	65
15	106
15	10
15	93
15	13
15	79
15	55
15	56
15	67
15	117
15	115
15	77
15	62
15	70
15	122
15	102
15	110
15	97
15	50
15	73
15	120
15	103
15	130
15	85
15	124
15	126
15	35
15	107
15	95
15	131
15	92
15	82
15	114
15	87
15	61
15	116
15	71
15	48
15	76
15	1
15	99
15	104
15	12
15	46
15	98
15	80
15	96
15	16
16	119
16	44
16	57
16	31
16	72
16	45
16	37
16	109
16	69
16	34
16	88
16	43
16	116
16	12
16	22
16	128
16	39
16	103
16	123
16	85
16	47
16	79
16	68
16	93
16	28
16	130
16	74
16	107
16	82
16	110
16	4
16	122
16	42
16	65
16	66
16	23
16	98
16	131
16	21
16	30
16	101
16	121
16	55
16	91
16	112
16	36
17	101
17	119
17	44
17	57
17	20
17	10
17	31
17	9
17	88
17	67
17	110
17	23
17	72
17	27
17	39
17	54
17	128
17	49
17	131
17	82
17	68
17	115
17	90
17	30
17	12
17	122
17	116
17	87
17	64
18	104
18	128
18	115
18	92
18	93
18	25
18	56
18	102
18	68
18	58
18	120
18	76
18	72
18	96
18	49
18	117
18	41
18	119
18	15
18	107
18	83
18	122
18	124
18	94
18	44
18	79
18	109
18	53
18	10
18	3
18	90
18	37
18	105
18	129
18	84
18	114
18	65
18	88
18	89
18	123
18	75
18	97
18	61
18	63
18	21
18	60
18	67
18	108
18	46
18	19
18	106
18	57
18	99
18	39
18	40
18	48
18	8
18	127
18	125
18	82
18	74
18	2
18	16
18	100
18	59
18	38
18	54
18	78
18	26
18	5
18	23
18	28
18	130
18	7
18	71
18	43
18	50
18	80
18	34
18	121
18	85
18	42
18	30
18	12
18	73
18	86
18	35
18	22
18	31
18	20
18	36
18	81
18	111
18	4
18	77
18	17
18	52
18	32
18	14
18	112
18	95
18	103
18	131
18	126
18	62
18	64
18	87
19	113
19	94
19	96
19	105
19	121
19	72
19	36
19	58
19	76
19	12
19	82
19	37
19	129
19	10
19	41
19	106
19	84
19	56
19	21
19	65
19	67
19	114
19	103
19	74
19	28
19	117
19	109
19	14
19	53
19	26
19	24
19	108
19	71
19	22
19	25
19	3
19	54
19	33
19	30
19	38
19	122
19	48
19	119
19	46
19	68
19	88
19	60
19	20
19	126
19	127
19	131
20	72
20	68
20	12
20	30
20	37
20	109
20	51
20	114
20	74
20	93
20	84
20	43
20	113
20	131
20	27
21	37
21	68
21	56
21	57
21	109
21	119
21	106
21	41
21	16
21	93
21	34
21	43
21	42
21	97
21	17
21	127
21	10
21	110
21	72
21	71
21	6
21	67
21	84
21	15
21	129
21	130
21	19
21	104
21	88
21	89
21	39
21	85
21	124
21	51
21	30
21	86
21	27
21	66
21	53
21	115
21	63
21	52
21	126
21	18
21	23
21	79
21	70
21	78
21	47
21	2
21	40
21	31
21	12
21	64
21	48
21	55
21	13
21	125
21	25
21	131
21	4
22	109
22	75
22	31
22	58
22	16
22	63
22	7
22	70
22	54
22	37
22	43
22	89
22	76
22	77
22	88
22	68
22	29
22	19
22	94
22	118
22	40
22	111
22	28
22	25
22	15
22	119
22	51
22	124
22	91
22	122
22	10
22	41
22	102
22	35
22	113
22	3
22	56
22	105
22	115
22	24
22	46
22	100
22	38
22	117
22	30
22	17
22	130
22	97
22	33
22	129
22	96
22	8
22	14
22	9
22	106
22	67
22	57
22	87
22	32
22	53
22	104
22	36
22	93
22	48
22	39
22	99
22	125
22	84
22	82
22	107
22	5
22	21
22	127
22	23
22	49
22	65
22	12
22	98
22	26
22	52
22	83
22	50
22	121
22	108
22	85
22	73
22	126
22	81
22	95
22	78
22	47
22	92
22	60
22	61
22	20
22	71
22	114
22	123
22	72
22	2
22	79
22	42
22	90
22	34
22	55
22	13
22	59
22	62
22	44
22	66
22	11
22	131
22	1
22	27
23	72
23	93
23	103
23	22
23	4
23	55
23	91
23	84
23	86
23	78
23	16
23	110
23	74
23	37
23	125
23	96
23	127
23	29
23	79
23	105
23	131
23	43
23	119
23	104
23	123
23	128
23	87
23	63
23	18
23	101
23	17
23	109
23	130
23	60
23	67
23	42
23	65
23	12
23	45
23	25
23	58
23	97
23	15
23	68
23	33
23	98
23	71
23	66
23	27
23	111
23	57
24	87
24	40
24	16
24	36
24	92
24	115
24	73
24	67
24	17
24	118
24	75
24	97
24	56
24	33
24	98
24	91
24	88
24	37
24	35
24	15
24	41
24	51
24	10
24	1
24	94
24	19
24	74
24	57
24	45
24	72
24	68
24	58
24	131
24	52
24	25
24	123
24	117
24	71
24	38
24	55
24	104
24	18
24	12
24	130
24	100
24	31
24	78
24	86
24	26
24	95
24	113
24	50
24	122
24	84
24	29
24	54
24	83
24	125
24	2
24	111
24	85
24	108
24	119
24	81
24	59
24	70
24	47
24	110
24	46
24	82
25	125
25	61
25	10
25	42
25	68
25	85
25	57
25	16
25	38
25	41
25	120
25	37
25	72
25	102
25	108
25	53
25	95
25	89
25	2
25	126
25	33
25	83
25	17
25	115
25	104
25	65
25	51
25	124
25	111
25	113
25	62
25	131
25	88
25	30
25	24
25	44
25	11
25	43
25	63
25	39
25	78
25	86
25	13
25	8
25	9
25	109
25	21
25	20
25	56
25	67
25	28
25	54
25	31
25	7
25	93
25	12
25	105
25	70
25	66
25	35
25	14
25	79
25	71
25	84
25	116
25	119
25	82
25	22
25	18
25	92
25	80
25	97
25	122
25	49
25	4
25	19
25	23
25	121
25	123
25	27
25	34
25	112
25	127
25	74
25	64
25	94
25	1
25	5
25	75
25	58
25	107
25	47
25	90
25	130
25	114
25	29
25	128
25	15
25	81
25	100
26	79
26	65
26	72
26	10
26	24
26	75
26	25
26	86
26	109
26	85
26	20
26	68
26	98
26	12
26	57
26	94
26	70
26	51
26	37
26	83
26	102
26	50
26	84
26	122
26	95
26	16
26	44
26	18
26	97
26	48
26	115
26	2
26	11
26	108
26	130
26	63
26	47
26	17
26	74
26	71
26	6
26	127
26	28
26	78
26	67
26	120
26	89
26	34
26	119
26	93
26	110
26	4
26	125
26	56
26	112
26	126
26	43
26	61
26	22
26	105
26	114
26	59
27	88
27	72
27	10
27	119
27	74
27	128
27	23
27	39
27	131
27	57
27	31
27	20
27	64
27	44
27	109
27	9
27	43
27	93
27	16
27	121
27	65
27	12
27	33
27	58
27	94
27	110
27	76
27	22
27	14
27	37
27	7
27	60
27	104
27	30
27	80
27	42
27	67
28	72
28	34
28	97
28	86
28	71
28	22
28	37
28	88
28	85
28	7
28	27
28	115
28	10
28	109
28	57
28	47
28	127
28	55
28	29
28	30
28	119
28	103
28	43
28	125
28	117
28	19
28	84
28	104
28	105
28	17
28	12
28	107
28	35
28	89
28	40
28	66
28	31
28	53
28	14
28	93
28	33
28	116
28	68
28	58
28	25
28	16
28	41
28	131
28	111
28	56
29	58
29	122
29	68
29	102
29	104
29	87
29	44
29	115
29	125
29	94
29	111
29	124
29	63
29	40
29	39
29	74
29	15
29	92
29	60
29	106
29	30
29	22
29	21
29	56
29	105
29	57
29	96
29	76
29	83
29	69
29	129
29	53
29	41
29	130
29	117
29	120
29	80
29	25
29	62
29	84
29	24
29	93
29	7
29	85
29	2
29	75
29	121
29	26
29	67
29	52
29	37
29	73
29	123
29	36
29	17
29	71
29	35
29	72
29	5
29	43
29	109
29	114
29	81
29	116
29	126
29	31
29	38
29	99
29	34
29	65
29	50
29	47
29	3
29	8
29	88
29	51
29	54
29	55
29	113
29	82
29	16
29	91
29	131
30	128
30	16
30	58
30	84
30	55
30	104
30	109
30	100
30	120
30	68
30	76
30	105
30	21
30	86
30	117
30	53
30	25
30	10
30	107
30	94
30	39
30	38
30	31
30	37
30	65
30	57
30	48
30	97
30	43
30	72
30	119
30	67
30	131
30	108
30	41
30	96
30	19
30	3
30	12
30	46
30	60
30	124
30	129
30	130
30	50
30	89
30	56
30	15
30	99
30	122
30	26
30	114
30	28
30	123
30	63
30	44
30	49
30	33
30	54
30	52
30	93
30	62
30	121
30	17
30	90
30	85
30	51
30	66
30	82
30	110
30	7
30	71
30	74
30	83
30	27
30	125
30	116
30	98
30	88
30	42
30	4
30	101
30	18
30	9
30	80
30	87
30	103
30	34
30	77
30	115
30	106
30	36
30	2
30	102
30	95
30	22
30	112
30	126
30	20
30	92
30	127
30	35
31	67
31	72
31	101
31	30
31	73
31	122
31	74
31	8
31	12
31	55
31	85
31	37
31	71
31	42
31	127
31	16
31	97
31	110
31	123
31	105
31	116
31	43
31	118
31	27
31	21
31	18
31	45
31	7
31	33
31	126
31	131
31	109
31	129
31	5
31	17
31	87
31	94
31	22
31	128
31	68
31	98
31	13
31	121
31	41
31	104
31	65
31	112
31	86
31	66
31	2
31	117
31	23
31	130
31	92
31	75
31	59
31	84
31	35
31	79
31	58
31	124
31	10
31	99
31	57
31	60
31	38
31	95
31	29
31	106
31	15
31	113
31	91
31	25
31	93
31	28
32	42
32	25
32	72
32	17
32	10
32	84
32	130
32	22
32	30
32	43
32	74
32	82
32	68
32	126
32	11
32	31
32	5
32	15
32	96
32	37
32	93
32	98
32	52
32	27
32	131
32	111
32	87
32	116
32	94
32	71
32	12
32	8
32	38
32	122
32	78
32	83
32	117
32	114
32	16
32	101
32	51
32	118
32	20
32	33
32	67
32	29
32	57
32	55
32	61
32	127
32	88
32	49
32	7
32	109
32	66
32	99
32	3
32	110
32	123
32	100
32	48
32	102
32	104
32	103
32	85
33	68
33	80
33	111
33	122
33	18
33	108
33	47
33	84
33	58
33	56
33	57
33	74
33	40
33	105
33	21
33	51
33	115
33	102
33	72
33	41
33	25
33	29
33	78
33	94
33	54
33	83
33	63
33	65
33	119
33	104
33	22
33	75
33	131
33	10
33	9
33	71
33	67
33	37
33	60
33	28
33	93
33	125
33	12
33	121
33	120
33	106
33	107
33	3
33	6
33	126
33	5
33	76
33	88
33	130
33	127
33	87
33	61
33	8
33	26
33	42
33	16
33	123
33	17
33	38
33	79
33	20
33	114
33	129
33	11
33	53
33	96
33	59
33	117
33	112
33	82
33	85
33	31
33	81
33	97
33	39
33	15
33	124
33	113
33	7
33	70
33	62
33	23
33	98
33	36
33	52
33	100
33	30
33	109
34	72
34	64
34	119
34	57
34	109
34	10
34	84
34	18
34	122
34	88
34	23
34	128
34	54
34	31
34	63
34	48
34	103
34	22
34	94
34	8
34	105
34	69
34	33
34	21
34	25
34	12
35	123
35	130
35	21
35	10
35	31
35	62
35	107
35	86
35	91
35	87
35	41
35	37
35	56
35	126
35	69
35	57
35	122
35	28
35	109
35	121
35	70
35	20
35	110
35	104
35	93
35	43
35	79
35	85
35	67
35	66
35	52
35	72
35	127
35	12
35	50
35	68
35	60
35	124
35	113
35	105
35	15
35	75
35	99
35	125
35	74
35	63
35	44
35	90
35	102
35	111
35	14
35	49
35	89
35	83
35	119
35	25
35	38
35	100
35	78
35	48
35	95
35	51
35	58
35	47
35	88
35	103
35	84
35	94
35	114
35	30
35	46
35	17
35	77
35	39
35	33
35	5
35	106
35	53
35	42
35	16
35	71
35	18
35	34
35	131
35	32
35	92
35	4
36	94
36	96
36	131
36	80
36	33
36	84
36	76
36	18
36	3
36	99
36	58
36	15
36	35
36	51
36	127
36	109
36	111
36	16
36	93
36	29
36	37
36	17
36	43
36	119
36	75
36	22
36	107
36	25
36	118
36	66
36	38
36	106
36	72
36	77
36	48
36	10
36	46
36	85
36	53
36	79
36	42
36	74
36	97
36	12
36	87
36	27
36	20
36	126
36	8
36	52
36	98
36	62
36	82
36	122
36	86
36	89
36	71
36	54
36	81
36	67
36	39
36	13
36	104
36	123
36	128
37	7
37	10
37	119
37	74
37	20
37	57
37	101
37	88
37	16
37	112
37	27
37	85
37	44
37	72
37	90
37	54
37	38
37	110
37	107
37	39
37	22
37	49
37	84
37	123
37	17
37	12
37	42
37	23
37	105
37	8
37	18
37	33
37	67
37	93
37	103
37	128
37	36
37	94
37	31
37	116
37	71
37	77
37	9
37	19
37	62
37	109
37	69
37	78
37	6
37	4
37	43
37	82
37	32
37	58
37	122
37	60
37	130
37	55
37	111
37	65
37	51
37	117
37	68
37	96
37	30
37	127
37	29
37	21
37	40
37	2
37	52
37	25
37	126
37	63
37	100
37	86
37	131
37	95
37	3
37	79
37	47
37	28
37	34
37	106
38	115
38	111
38	84
38	25
38	80
38	68
38	72
38	74
38	119
38	123
38	45
38	16
38	93
38	41
38	102
38	85
38	43
38	104
38	94
38	35
38	30
38	2
38	9
38	65
38	56
38	23
38	8
38	34
38	53
38	82
38	51
38	6
38	108
38	22
38	91
38	40
38	127
38	110
38	14
38	33
38	87
38	117
38	89
38	67
38	17
38	37
38	63
38	92
38	86
38	79
38	97
38	20
38	70
38	99
38	116
38	36
38	47
38	57
38	10
38	100
38	27
38	18
38	1
38	128
38	122
38	130
38	114
38	7
38	83
38	126
38	31
38	60
38	112
38	44
38	131
38	15
38	118
38	73
38	109
39	43
39	14
39	12
39	5
39	16
39	67
39	75
39	72
39	15
39	70
39	17
39	18
39	79
39	118
39	68
39	7
39	85
39	21
39	105
39	103
39	94
39	37
39	42
39	109
39	60
39	22
39	33
39	65
39	10
39	113
39	93
39	123
39	84
39	11
39	131
39	6
39	73
39	4
39	52
39	25
39	119
39	108
39	114
39	20
39	89
39	130
39	19
39	3
39	71
39	122
39	13
39	2
39	127
39	58
39	90
39	74
39	54
39	36
39	46
39	51
39	82
39	104
39	126
39	107
39	47
39	27
39	95
39	80
39	116
39	98
39	76
39	92
39	35
39	86
39	110
39	87
39	30
39	102
39	63
40	61
40	60
40	46
40	51
40	28
40	16
40	113
40	94
40	1
40	32
40	75
40	109
40	10
40	92
40	58
40	111
40	108
40	65
40	15
40	95
40	89
40	4
40	84
40	76
40	47
40	104
40	96
40	43
40	59
40	8
40	124
40	45
40	41
40	119
40	19
40	68
40	36
40	37
40	88
40	83
40	38
40	9
40	99
40	98
40	114
40	82
40	57
40	72
40	48
40	123
40	90
40	91
40	67
40	50
40	5
40	29
40	26
40	14
40	87
40	30
40	17
40	130
40	25
40	52
40	18
40	102
40	100
40	121
40	56
40	49
40	54
40	74
40	80
40	66
40	33
40	81
40	7
40	21
40	105
40	106
40	127
40	85
40	34
40	125
40	118
40	120
40	71
40	3
40	93
40	70
40	97
40	39
41	61
41	60
41	10
41	9
41	94
41	48
41	1
41	123
41	105
41	125
41	28
41	120
41	14
41	75
41	63
41	72
41	74
41	62
41	67
41	104
41	23
41	24
41	102
41	35
41	40
41	30
41	54
41	108
41	65
41	122
41	19
41	59
41	115
41	43
41	13
41	111
41	109
41	8
41	33
41	36
41	31
41	80
41	87
41	12
41	11
41	113
41	37
41	73
41	38
41	86
41	52
41	118
41	70
41	126
41	4
41	121
41	68
41	103
41	25
41	90
41	119
41	93
41	130
41	20
41	100
41	22
41	17
41	85
41	78
41	97
41	21
41	98
41	84
41	83
41	50
41	99
41	127
41	114
41	57
41	124
41	49
41	15
41	16
41	55
42	69
42	23
42	113
42	72
42	68
42	103
42	128
42	11
42	12
42	84
42	16
42	45
42	57
42	119
42	85
42	37
42	74
42	102
42	63
42	36
43	64
43	119
43	20
43	72
43	128
43	9
43	112
43	84
43	39
43	10
43	57
43	88
43	16
43	93
43	49
43	37
43	23
43	31
43	7
43	44
43	22
43	123
43	34
43	90
43	91
43	67
43	74
43	101
43	78
43	54
43	110
43	58
43	97
43	77
43	21
43	56
43	131
43	47
43	13
43	68
43	116
43	85
43	17
43	82
43	130
44	74
44	129
44	84
44	22
44	68
44	19
44	12
44	72
44	43
44	87
44	11
44	35
44	123
44	7
44	16
44	33
44	92
44	37
44	54
44	25
44	14
44	107
44	131
44	66
44	36
44	55
44	17
44	18
44	20
44	27
44	104
44	105
44	65
44	109
44	98
44	38
44	108
44	121
44	76
44	6
44	103
44	96
44	122
44	94
44	126
44	78
44	89
44	2
44	86
44	4
44	73
44	85
44	46
44	93
44	79
44	67
44	119
44	71
45	69
45	129
45	72
45	110
45	40
45	51
45	23
45	109
45	16
45	74
45	84
45	131
45	70
45	122
45	102
45	79
45	37
45	31
45	99
45	105
45	5
45	55
45	25
45	22
45	27
45	52
45	128
45	62
45	12
45	85
45	48
45	33
45	54
45	60
45	121
45	116
45	91
45	97
45	57
45	126
45	98
45	1
45	75
45	17
45	30
45	42
45	43
45	67
45	4
45	73
45	15
45	87
45	123
45	61
45	94
45	8
45	11
45	108
45	96
45	113
45	81
45	93
45	28
45	36
45	58
45	114
45	130
45	63
45	29
45	82
45	20
45	103
45	68
45	78
45	118
45	66
45	19
46	68
46	61
46	119
46	72
46	115
46	81
46	53
46	18
46	123
46	118
46	110
46	86
46	74
46	16
46	37
46	131
46	93
46	105
46	117
46	116
46	98
46	85
46	27
46	122
46	113
46	65
46	102
46	101
46	66
46	83
46	54
46	109
46	55
46	63
46	103
46	87
46	30
46	42
46	130
46	31
46	58
46	67
46	97
46	36
46	94
46	127
46	78
46	100
46	125
46	10
46	34
46	20
46	22
46	96
46	11
46	84
46	25
46	112
46	43
46	17
46	73
47	120
47	68
47	102
47	88
47	35
47	56
47	60
47	54
47	37
47	40
47	58
47	79
47	53
47	72
47	61
47	24
47	8
47	100
47	130
47	105
47	15
47	46
47	32
47	75
47	124
47	23
47	10
47	89
47	33
47	28
47	83
47	51
47	38
47	57
47	25
47	59
47	9
47	43
47	104
47	11
47	44
47	74
47	12
47	97
47	41
47	2
47	20
47	94
47	106
47	96
47	90
47	82
47	115
47	30
47	114
47	81
47	86
47	99
47	109
47	1
48	105
48	84
48	115
48	102
48	94
48	70
48	24
48	65
48	18
48	64
48	57
48	129
48	56
48	72
48	68
48	63
48	125
48	74
48	124
48	53
48	119
48	85
48	120
48	51
48	41
48	20
48	33
48	37
48	75
48	10
48	88
48	93
48	39
48	26
48	104
48	110
48	73
48	44
48	92
48	109
48	59
48	50
48	123
48	82
48	16
48	106
48	25
48	127
48	11
48	114
48	43
48	130
48	61
48	29
48	97
48	86
49	22
49	17
49	85
49	72
49	84
49	119
49	37
49	69
49	16
49	43
49	110
49	105
49	74
49	71
49	55
49	100
49	131
49	65
49	88
49	127
49	18
49	116
49	78
49	109
49	122
49	29
49	61
49	33
49	6
49	130
49	126
49	87
49	112
49	12
49	60
49	58
49	94
49	68
49	34
49	67
49	128
49	93
49	104
49	31
49	103
49	51
49	114
49	86
49	13
49	36
50	72
50	10
50	23
50	34
50	106
50	56
50	110
50	105
50	130
50	122
50	16
50	102
50	116
50	25
50	66
50	41
50	69
50	88
50	26
50	43
50	84
50	97
50	115
50	98
50	24
50	87
50	37
50	94
50	68
50	22
50	40
50	113
50	104
50	44
50	79
50	78
50	109
50	67
50	86
50	61
50	33
50	57
50	45
50	12
50	11
50	63
50	120
50	119
50	131
50	127
50	93
50	19
50	65
50	51
50	8
50	31
50	36
50	17
50	118
50	74
50	75
50	126
50	42
50	48
50	71
50	123
50	95
50	60
50	59
50	114
50	129
50	15
51	14
51	80
51	1
51	72
51	87
51	130
51	85
51	19
51	113
51	21
51	75
51	65
51	84
51	33
51	22
51	71
51	16
51	61
51	126
51	108
51	109
51	42
51	79
51	70
51	105
51	121
51	131
51	27
51	78
51	74
51	43
51	107
51	38
51	12
51	64
51	41
51	9
51	37
51	34
51	35
51	66
51	119
51	47
51	18
51	30
51	96
51	25
51	67
51	92
51	52
51	68
51	29
51	10
51	82
51	97
51	17
51	100
51	127
51	123
51	5
51	8
51	31
51	58
51	104
51	103
51	99
51	40
51	2
51	11
51	13
51	54
51	114
51	62
51	55
51	36
51	73
51	95
51	86
51	94
51	39
52	121
52	4
52	119
52	76
52	30
52	25
52	122
52	96
52	78
52	72
52	129
52	68
52	3
52	45
52	55
52	99
52	74
52	117
52	37
52	57
52	44
52	69
52	88
52	2
52	18
52	21
52	12
52	85
52	10
52	115
52	124
52	131
52	63
52	102
52	39
52	109
52	87
52	71
52	16
52	1
52	84
52	14
52	126
52	107
52	91
53	74
53	10
53	75
53	72
53	94
53	87
53	102
53	71
53	122
53	84
53	120
53	105
53	60
53	131
53	38
53	1
53	125
53	61
53	7
53	48
53	50
53	54
53	63
53	18
53	22
53	52
53	123
53	68
53	33
53	111
53	43
53	34
53	73
53	108
53	93
53	121
53	109
53	37
53	16
53	126
53	80
53	19
53	55
53	85
53	12
53	47
53	65
53	27
53	20
53	46
53	25
53	31
53	98
53	67
53	96
53	14
53	4
53	42
53	81
53	92
53	119
53	104
54	106
54	67
54	57
54	85
54	33
54	60
54	10
54	37
54	131
54	19
54	119
54	20
54	96
54	84
54	16
54	72
54	80
54	109
54	58
54	78
54	108
54	30
54	127
54	59
54	68
54	121
54	129
54	126
54	17
54	130
54	42
54	113
54	94
54	28
54	51
54	25
54	8
54	11
54	88
54	38
54	66
54	93
54	104
54	41
54	120
54	43
54	105
54	82
54	27
54	12
54	92
54	53
54	74
54	97
54	87
54	107
54	110
54	122
55	25
55	65
55	60
55	68
55	109
55	16
55	115
55	41
55	75
55	61
55	94
55	28
55	56
55	121
55	92
55	102
55	96
55	57
55	63
55	120
55	37
55	129
55	99
55	3
55	76
55	43
55	104
55	58
55	117
55	118
55	48
55	106
55	108
55	14
55	119
55	6
55	9
55	46
55	17
55	51
55	53
55	26
55	24
55	97
55	124
55	10
55	38
55	113
55	125
55	84
55	130
55	5
55	27
55	105
55	93
55	21
55	15
55	72
55	114
55	33
55	70
55	44
55	73
55	36
55	112
55	42
55	52
55	100
55	39
55	82
55	88
56	24
56	10
56	37
56	94
56	28
56	111
56	72
56	109
56	102
56	51
56	3
56	36
56	120
56	33
56	131
56	61
56	104
56	68
56	15
56	108
56	92
56	75
56	84
56	60
56	87
56	74
56	57
56	73
56	54
56	19
56	105
56	130
56	125
56	100
56	5
56	65
56	98
56	18
56	22
56	7
56	21
56	70
56	128
56	99
56	85
56	122
56	69
56	121
56	76
56	79
56	123
56	107
56	16
56	67
56	42
56	78
56	126
56	29
56	35
56	91
56	66
56	127
56	40
56	43
56	49
56	97
56	30
56	118
56	113
56	8
56	20
56	114
56	55
56	63
56	106
56	82
56	86
56	116
56	31
56	48
56	17
56	119
56	80
56	58
56	27
56	47
56	12
56	13
56	4
57	61
57	79
57	72
57	108
57	104
57	78
57	109
57	37
57	35
57	65
57	12
57	95
57	23
57	17
57	122
57	131
57	18
57	120
57	71
57	43
57	60
57	82
57	31
57	107
57	85
57	42
57	33
57	70
57	92
57	130
57	7
57	127
57	34
57	14
57	94
57	16
57	105
57	74
57	93
57	97
57	89
57	45
57	27
57	66
57	6
57	22
57	62
57	113
57	128
57	69
57	32
57	5
57	75
57	25
57	11
57	86
57	111
57	56
57	15
57	81
57	121
57	84
57	55
57	26
57	123
57	50
57	117
57	87
57	67
57	4
57	112
57	98
57	2
57	63
57	126
57	38
57	52
57	30
57	47
57	21
57	110
57	118
57	20
57	48
57	40
57	119
57	114
57	90
57	8
57	77
57	36
57	13
57	100
57	99
57	80
57	96
57	53
57	102
57	28
57	10
57	29
58	106
58	43
58	68
58	129
58	15
58	57
58	95
58	108
58	25
58	75
58	124
58	61
58	109
58	40
58	113
58	2
58	10
58	102
58	88
58	1
58	83
58	37
58	6
58	33
58	92
58	93
58	73
58	74
58	63
58	115
58	125
58	72
58	97
58	82
58	29
58	65
58	77
58	18
58	89
58	85
58	19
58	80
58	120
58	122
58	94
58	39
58	104
58	110
58	51
58	46
58	56
58	66
58	35
58	62
58	84
58	22
58	79
58	7
58	16
58	27
58	12
58	71
58	67
58	123
58	54
58	126
58	119
58	78
58	14
58	131
58	34
58	9
58	103
58	64
58	111
58	70
58	31
58	87
58	38
58	107
58	49
58	130
58	17
58	20
58	86
58	47
58	42
58	30
58	24
58	5
58	28
58	98
58	101
58	91
58	81
58	13
58	90
58	99
58	50
58	127
59	37
59	17
59	78
59	90
59	82
59	71
59	10
59	75
59	93
59	16
59	12
59	79
59	68
59	119
59	72
59	74
59	11
59	50
59	84
59	104
59	127
59	86
59	46
59	66
59	30
59	85
59	47
59	43
59	87
59	109
59	18
59	42
59	131
59	40
59	9
59	2
59	53
59	62
59	114
59	81
59	19
59	97
59	110
59	126
59	116
59	105
59	48
59	33
59	129
59	103
59	130
59	70
60	33
60	119
60	10
60	82
60	93
60	85
60	30
60	72
60	109
60	42
60	67
60	115
60	70
60	37
60	44
60	116
60	20
60	22
60	16
60	130
60	122
60	45
60	57
60	117
60	28
60	79
60	23
60	84
60	54
60	103
60	34
60	123
60	41
60	27
60	56
60	35
60	18
60	31
60	78
60	63
60	121
60	100
60	107
60	127
60	68
60	88
60	97
60	12
60	66
60	111
60	53
60	113
60	19
60	17
60	94
60	1
60	49
60	71
60	43
60	89
60	74
60	104
60	126
60	62
60	80
60	106
61	37
61	58
61	74
61	92
61	10
61	57
61	75
61	115
61	72
61	84
61	54
61	43
61	77
61	41
61	32
61	88
61	12
61	63
61	109
61	44
61	56
61	127
61	45
61	14
61	16
61	106
61	117
61	42
61	7
61	129
61	18
61	85
61	71
61	47
61	53
61	31
61	104
61	34
61	125
61	22
61	126
61	20
61	25
61	50
61	49
61	68
61	122
61	119
61	26
61	124
61	55
61	4
61	86
61	89
61	65
61	114
61	67
61	131
61	94
61	81
61	93
62	70
62	37
62	130
62	24
62	68
62	102
62	72
62	83
62	115
62	125
62	58
62	124
62	5
62	129
62	41
62	67
62	25
62	127
62	22
62	84
62	86
62	113
62	95
62	57
62	39
62	120
62	42
62	10
62	117
62	105
62	63
62	59
62	76
62	3
62	75
62	74
62	126
62	122
62	47
62	88
62	21
62	87
62	40
62	61
62	12
62	23
62	20
62	60
62	109
62	15
62	71
62	53
62	119
62	98
62	51
62	104
62	13
62	79
62	114
62	36
62	17
62	43
62	89
62	106
62	16
62	54
62	56
62	91
62	65
62	33
62	92
62	94
62	82
62	85
62	73
63	22
63	109
63	74
63	37
63	93
63	72
63	89
63	105
63	1
63	104
63	86
63	62
63	12
63	43
63	35
63	70
63	16
63	131
63	34
63	71
63	47
63	79
63	95
63	122
63	113
63	78
63	21
63	107
63	33
63	94
63	5
63	97
63	103
63	85
63	42
63	27
63	84
63	127
63	30
63	64
63	15
63	61
63	60
63	100
63	119
63	118
63	108
63	31
63	115
63	75
63	99
63	110
63	123
63	111
63	6
63	2
63	130
63	10
63	13
63	102
63	87
63	77
63	50
63	65
63	121
63	82
63	14
63	9
63	18
63	55
63	124
63	68
63	92
63	38
63	91
63	54
63	52
63	114
63	73
63	17
63	80
63	98
63	81
63	128
63	11
63	28
63	48
63	4
63	126
63	8
64	12
64	109
64	72
64	37
64	43
64	126
64	75
64	22
64	74
64	110
64	84
64	92
64	104
64	130
64	2
64	105
64	120
64	91
64	11
64	89
64	10
64	131
64	4
64	123
64	18
64	112
64	16
64	127
64	67
64	65
64	60
64	55
64	119
64	33
64	107
64	79
64	20
64	97
64	85
64	8
64	68
64	93
64	71
64	115
64	1
64	78
64	29
64	94
64	80
64	122
64	111
64	21
64	31
64	82
64	114
64	9
64	13
64	27
64	50
64	34
64	7
64	66
64	128
64	63
64	121
64	102
64	70
64	62
64	87
64	106
64	17
65	42
65	109
65	37
65	18
65	85
65	93
65	16
65	43
65	83
65	117
65	104
65	86
65	111
65	58
65	27
65	95
65	61
65	89
65	119
65	10
65	51
65	116
65	70
65	72
65	12
65	88
65	84
65	92
65	131
65	34
65	25
65	75
65	97
65	108
65	33
65	105
65	62
65	103
65	20
65	66
65	31
65	123
65	77
65	113
65	17
65	82
65	115
65	49
65	102
65	9
65	14
65	71
65	26
65	127
65	90
65	78
65	110
65	57
65	50
65	8
65	11
65	46
65	107
65	22
65	29
65	24
65	68
65	48
65	67
65	15
65	130
65	120
65	74
65	30
65	56
65	47
65	98
65	126
65	79
65	122
65	100
66	6
66	32
66	77
66	131
66	53
66	106
66	45
66	42
66	119
66	72
66	64
66	10
66	110
66	23
66	104
66	107
66	22
66	12
66	4
66	34
66	57
66	73
66	37
66	69
66	30
66	84
66	88
66	122
66	68
67	68
67	108
67	94
67	25
67	60
67	115
67	21
67	120
67	12
67	129
67	41
67	117
67	28
67	58
67	10
67	65
67	105
67	72
67	35
67	37
67	106
67	53
67	3
67	56
67	91
67	15
67	70
67	76
67	90
67	102
67	5
67	127
67	93
67	16
67	46
67	103
67	130
67	8
67	109
67	97
67	113
67	73
67	100
67	75
67	54
67	62
67	110
67	48
67	59
67	114
67	38
67	61
67	121
67	1
67	99
67	88
67	43
67	63
67	80
67	122
67	96
67	77
67	36
67	92
67	57
67	85
67	74
67	118
67	11
67	124
67	84
67	30
67	51
67	34
67	131
67	18
67	33
67	104
67	123
67	17
67	119
67	66
67	89
67	82
67	39
67	19
67	95
67	126
67	47
67	4
67	111
68	72
68	105
68	63
68	12
68	127
68	62
68	122
68	130
68	56
68	11
68	37
68	13
68	67
68	114
68	115
68	89
68	113
68	84
68	86
68	43
68	66
68	15
68	79
68	106
68	22
68	57
68	123
68	88
68	129
68	41
68	109
68	45
68	47
68	74
68	33
68	6
68	10
68	16
68	93
68	104
68	31
68	2
68	97
68	111
68	119
68	73
68	53
68	52
68	54
68	80
68	30
68	14
68	65
68	118
68	85
68	44
68	19
68	71
68	92
68	61
68	34
68	78
68	100
68	23
68	9
68	28
68	7
68	126
68	70
68	21
68	124
68	29
68	112
68	17
68	103
68	98
68	8
68	94
68	64
68	131
68	38
68	91
68	18
68	121
68	75
68	76
68	39
68	46
68	35
68	51
68	107
68	87
68	60
68	42
68	99
68	25
68	90
68	36
68	27
68	26
68	1
68	48
68	50
68	82
68	5
68	49
68	96
68	55
68	77
68	20
68	81
68	108
68	4
68	40
68	59
68	110
68	95
68	116
68	32
68	120
68	24
68	102
68	128
69	84
69	130
69	72
69	94
69	22
69	85
69	1
69	93
69	30
69	37
69	55
69	122
69	98
69	16
69	105
69	23
69	127
69	107
69	74
69	3
69	120
69	53
69	79
69	87
69	109
69	11
69	68
69	54
69	104
69	31
69	12
69	4
69	63
69	20
69	15
69	57
69	71
69	123
69	126
69	78
69	65
69	110
69	97
69	44
69	17
69	102
69	131
69	58
69	29
69	27
69	67
69	89
69	38
69	128
69	103
69	33
69	96
69	10
69	113
69	114
69	42
69	118
69	86
69	88
69	43
69	21
69	117
69	70
69	75
69	115
69	100
69	82
70	102
70	104
70	88
70	24
70	115
70	94
70	36
70	120
70	84
70	40
70	13
70	68
70	56
70	43
70	89
70	35
70	105
70	53
70	123
70	19
70	60
70	37
70	78
70	41
70	87
70	12
70	25
70	109
70	14
70	58
70	97
70	59
70	72
70	23
70	1
70	29
70	5
70	65
70	130
70	18
70	74
70	126
70	27
70	127
70	71
70	79
70	51
70	90
70	67
70	110
70	85
70	21
70	34
70	124
70	16
70	117
70	62
70	28
70	93
70	114
70	129
70	96
70	33
70	118
70	11
70	83
70	121
70	107
70	106
70	3
70	30
70	122
71	116
71	72
71	64
71	57
71	119
71	27
71	112
71	105
71	109
71	25
71	85
71	1
71	10
71	78
71	39
71	9
71	128
71	101
71	110
71	66
71	20
71	22
71	18
71	23
71	4
71	37
71	49
71	43
71	84
71	68
72	7
72	92
72	60
72	65
72	87
72	21
72	37
72	74
72	24
72	34
72	25
72	40
72	69
72	70
72	75
72	12
72	46
72	89
72	28
72	63
72	119
72	105
72	121
72	68
72	102
72	122
72	29
72	27
72	38
72	48
72	33
72	10
72	47
72	16
72	130
72	5
72	42
72	85
72	78
72	15
72	57
72	95
72	54
72	94
72	99
72	80
72	118
72	107
72	62
72	19
72	109
72	56
72	52
72	82
72	20
72	4
72	127
72	83
72	93
72	86
72	50
72	61
72	111
72	98
72	120
72	104
72	108
72	17
72	123
72	115
72	30
72	112
72	79
72	100
72	110
72	84
72	88
72	9
72	13
72	128
72	126
72	41
72	36
72	51
72	58
72	77
72	35
72	31
72	67
72	22
72	71
72	43
72	55
72	23
72	1
72	97
72	124
72	53
72	129
72	76
72	8
72	131
72	49
72	39
72	45
72	125
72	6
72	11
72	66
72	117
72	81
72	2
72	106
72	73
72	44
72	32
72	103
72	59
72	18
72	114
72	3
72	96
72	116
72	113
72	101
72	90
72	64
72	26
72	14
72	91
73	129
73	117
73	10
73	94
73	25
73	96
73	63
73	124
73	58
73	80
73	13
73	37
73	125
73	65
73	68
73	57
73	53
73	105
73	107
73	33
73	118
73	1
73	36
73	3
73	70
73	44
73	41
73	83
73	35
73	115
73	16
73	72
73	104
73	106
73	51
73	43
73	62
73	61
73	119
73	112
73	130
73	114
73	109
73	20
73	85
73	30
73	18
73	27
73	95
73	12
73	79
73	59
73	87
73	31
73	90
73	17
73	39
73	86
73	113
73	78
73	98
73	22
73	66
73	123
73	131
73	84
73	97
73	111
73	54
73	108
73	102
73	122
74	90
74	37
74	34
74	65
74	125
74	95
74	3
74	25
74	28
74	41
74	63
74	58
74	60
74	76
74	68
74	121
74	57
74	75
74	51
74	10
74	124
74	130
74	120
74	54
74	89
74	56
74	61
74	106
74	115
74	119
74	108
74	67
74	129
74	44
74	9
74	53
74	104
74	79
74	39
74	12
74	31
74	72
74	109
74	49
74	7
74	93
74	84
74	123
74	16
74	97
74	66
74	88
74	43
74	71
74	26
74	47
74	52
74	2
74	122
74	1
74	102
74	126
74	83
74	8
74	46
74	30
74	27
74	20
74	33
74	85
74	91
74	113
74	17
74	13
74	105
74	19
74	50
74	18
74	127
74	111
74	82
74	48
74	36
74	70
74	86
74	64
75	92
75	24
75	115
75	95
75	74
75	127
75	72
75	68
75	63
75	110
75	51
75	109
75	61
75	65
75	22
75	119
75	37
75	71
75	88
75	93
75	122
75	104
75	124
75	87
75	49
75	58
75	120
75	130
75	33
75	40
75	108
75	94
75	12
75	16
75	105
75	106
75	27
75	90
75	34
75	57
75	116
75	10
75	102
75	98
75	84
75	73
75	82
75	18
75	126
75	29
75	17
75	41
75	44
75	31
75	39
75	53
75	85
75	25
75	38
75	129
75	97
75	56
75	48
75	83
75	7
75	86
75	11
75	100
75	47
75	55
75	103
75	14
75	42
75	43
75	66
75	113
75	36
75	79
75	20
75	99
75	52
75	81
75	123
75	131
75	114
75	59
75	118
75	125
75	111
75	89
75	50
75	4
75	91
75	107
75	5
75	70
75	15
75	19
75	23
76	57
76	63
76	25
76	68
76	129
76	124
76	16
76	79
76	115
76	121
76	29
76	20
76	104
76	80
76	10
76	35
76	34
76	12
76	89
76	125
76	66
76	72
76	1
76	109
76	130
76	54
76	78
76	37
76	11
76	56
76	31
76	38
76	84
76	22
76	62
76	30
76	47
76	122
76	88
76	77
76	71
76	126
76	97
76	49
76	127
76	14
76	15
76	43
76	9
76	119
76	65
76	6
76	52
76	33
76	113
76	7
76	131
76	106
76	67
76	39
76	93
76	45
76	86
76	70
76	111
76	13
76	36
76	74
76	85
76	42
76	19
76	103
76	123
76	18
76	98
76	48
77	131
77	74
77	104
77	72
77	125
77	127
77	84
77	7
77	68
77	122
77	15
77	43
77	67
77	22
77	63
77	16
77	5
77	12
77	109
77	37
77	58
77	30
77	93
77	21
77	10
77	130
77	78
77	85
77	14
77	4
77	79
77	49
77	128
77	54
77	40
77	82
77	51
77	42
77	94
77	38
77	20
77	87
77	126
77	71
77	102
77	52
77	97
77	59
77	110
77	118
77	17
77	129
77	76
77	36
77	114
77	8
77	55
77	28
77	96
77	103
78	12
78	127
78	79
78	37
78	14
78	65
78	68
78	84
78	83
78	43
78	130
78	71
78	62
78	106
78	47
78	2
78	3
78	76
78	115
78	11
78	60
78	57
78	56
78	121
78	105
78	66
78	117
78	63
78	26
78	113
78	109
78	18
78	58
78	7
78	28
78	34
78	13
78	27
78	59
78	119
78	54
78	51
78	21
79	77
79	67
79	6
79	72
79	53
79	106
79	84
79	119
79	64
79	40
79	57
79	128
79	45
79	68
79	74
79	78
79	37
79	16
79	1
79	22
79	131
79	58
79	88
79	12
79	97
79	123
79	85
79	116
79	124
79	127
79	43
79	31
79	102
79	55
79	94
80	58
80	50
80	79
80	10
80	40
80	19
80	74
80	93
80	102
80	120
80	111
80	65
80	42
80	75
80	33
80	25
80	68
80	14
80	106
80	37
80	21
80	61
80	60
80	57
80	98
80	34
80	105
80	35
80	16
80	31
80	84
80	83
80	30
80	56
80	121
80	9
80	38
80	91
80	12
80	2
80	127
80	26
80	96
80	130
80	63
80	70
80	87
80	72
80	24
80	28
80	125
80	100
80	104
80	23
80	94
80	15
80	20
80	71
80	99
80	29
80	109
80	59
80	13
80	97
80	73
80	95
80	4
80	46
80	119
80	67
80	41
80	8
80	116
80	54
80	82
80	22
80	92
80	3
80	123
80	47
80	114
80	122
80	55
80	36
80	39
80	52
80	43
80	113
80	86
80	126
80	131
81	94
81	122
81	72
81	51
81	107
81	71
81	95
81	69
81	68
81	105
81	117
81	31
81	93
81	109
81	115
81	78
81	65
81	50
81	26
81	124
81	131
81	12
81	74
81	87
81	126
81	61
81	83
81	90
81	102
81	37
81	18
81	127
81	75
81	118
81	54
81	70
81	55
81	97
81	22
81	40
81	16
81	63
81	116
81	91
81	24
81	34
81	92
81	20
81	104
81	123
81	103
81	47
81	130
81	110
81	41
81	8
81	53
81	86
81	9
82	65
82	118
82	110
82	105
82	73
82	87
82	109
82	41
82	9
82	90
82	46
82	16
82	68
82	72
82	63
82	125
82	2
82	88
82	117
82	126
82	102
82	40
82	25
82	49
82	129
82	119
82	57
82	61
82	92
82	116
82	50
82	37
82	84
82	10
82	39
82	71
82	97
82	66
82	124
82	56
82	44
82	94
82	58
82	51
82	33
82	83
82	122
82	59
82	130
82	95
82	115
82	113
82	85
82	42
82	55
83	72
83	84
83	79
83	74
83	14
83	16
83	93
83	86
83	12
83	88
83	2
83	92
83	37
83	117
83	9
83	58
83	85
83	107
83	122
83	11
83	47
83	78
83	15
83	75
83	40
83	26
83	104
83	43
83	119
83	25
83	50
83	8
83	109
83	82
83	68
83	42
83	62
83	66
83	46
83	71
83	27
83	123
83	57
83	101
83	81
83	127
83	90
83	111
84	34
84	8
84	7
84	54
84	119
84	68
84	62
84	16
84	42
84	37
84	86
84	93
84	27
84	9
84	52
84	67
84	15
84	38
84	88
84	94
84	33
84	79
84	72
84	12
84	19
84	66
84	60
84	5
84	111
84	82
84	20
84	49
84	2
84	10
84	109
84	85
84	99
84	71
84	17
84	130
84	127
84	43
84	100
84	107
84	97
84	30
84	44
84	31
84	1
84	77
84	69
84	45
84	125
84	14
84	110
84	61
84	92
84	112
84	87
84	50
84	26
84	75
84	63
84	90
84	104
84	48
84	11
84	23
84	29
84	128
84	32
84	126
84	46
84	116
84	57
84	89
84	4
84	105
84	101
84	22
84	78
84	74
84	114
84	121
84	55
84	21
84	120
84	95
84	53
84	131
84	106
84	58
84	76
84	81
84	18
84	39
84	122
84	91
85	69
85	101
85	119
85	30
85	23
85	78
85	44
85	112
85	72
85	57
85	31
85	116
85	103
85	88
85	12
85	45
85	39
85	84
85	110
85	128
85	37
85	127
85	11
85	43
85	55
85	109
85	68
85	51
85	114
85	111
85	79
85	82
85	102
85	100
85	67
85	56
85	130
86	93
86	69
86	55
86	71
86	61
86	84
86	25
86	23
86	72
86	82
86	124
86	114
86	30
86	54
86	11
86	20
86	91
86	57
86	15
86	66
86	109
86	68
86	31
86	18
87	94
87	68
87	96
87	34
87	117
87	115
87	56
87	36
87	37
87	75
87	41
87	57
87	10
87	59
87	129
87	124
87	80
87	1
87	27
87	105
87	35
87	25
87	63
87	106
87	111
87	113
87	13
87	20
87	67
87	89
87	8
87	39
87	45
87	44
87	70
87	123
87	125
87	33
87	50
87	51
87	93
87	114
87	104
87	84
87	12
87	119
87	53
87	72
87	122
87	92
87	2
87	109
87	30
87	58
87	85
87	54
87	86
87	17
87	6
87	55
87	22
87	88
87	74
87	31
87	47
87	15
87	112
87	18
88	22
88	10
88	24
88	72
88	102
88	67
88	98
88	84
88	37
88	61
88	43
88	81
88	68
88	74
88	33
88	18
88	45
88	125
88	31
88	128
88	70
88	82
88	13
88	49
88	40
88	63
88	100
88	120
88	36
88	122
88	16
88	54
88	108
88	93
88	65
88	111
88	94
88	126
88	60
88	109
88	12
88	113
88	131
88	97
88	130
88	129
88	123
88	105
88	30
88	4
88	48
88	21
88	85
88	9
88	50
88	121
88	38
88	23
88	71
88	80
88	8
89	68
89	57
89	75
89	6
89	65
89	72
89	109
89	113
89	55
89	94
89	37
89	78
89	93
89	49
89	95
89	127
89	21
89	124
89	58
89	51
89	118
89	115
89	63
89	60
89	28
89	5
89	120
89	41
89	104
89	71
89	125
89	117
89	33
89	129
89	66
89	74
89	25
89	43
89	87
89	84
89	27
89	40
89	18
89	52
89	20
89	70
89	105
89	85
89	122
89	110
89	121
89	23
89	96
89	62
89	76
89	15
89	86
89	53
89	131
89	22
89	34
89	46
89	101
89	36
89	61
89	102
89	12
89	13
89	10
90	85
90	72
90	109
90	122
90	60
90	41
90	127
90	37
90	56
90	10
90	84
90	106
90	42
90	58
90	74
90	18
90	22
90	68
90	94
90	103
90	119
90	131
90	123
90	43
90	116
90	115
90	57
90	130
90	40
90	6
90	126
90	12
90	98
90	54
90	31
90	67
90	63
90	110
90	53
90	79
90	51
90	124
90	77
90	105
90	33
90	107
90	16
90	78
90	129
90	82
90	59
90	93
90	44
90	71
90	117
90	28
90	104
90	121
90	76
90	8
90	73
90	48
90	14
91	117
91	57
91	58
91	74
91	105
91	41
91	102
91	59
91	51
91	44
91	68
91	3
91	63
91	80
91	113
91	65
91	115
91	25
91	88
91	62
91	10
91	28
91	125
91	37
91	94
91	93
91	21
91	75
91	124
91	76
91	122
91	35
91	129
91	31
91	106
91	16
91	36
91	99
91	118
91	46
91	53
91	70
91	38
91	126
91	109
91	72
91	84
91	119
91	42
91	2
91	33
91	19
91	104
91	15
91	32
91	39
91	56
91	96
91	92
91	107
91	67
91	82
91	8
91	131
92	24
92	95
92	108
92	57
92	56
92	7
92	70
92	61
92	72
92	115
92	40
92	63
92	41
92	33
92	37
92	74
92	120
92	101
92	102
92	110
92	85
92	83
92	65
92	94
92	25
92	10
92	16
92	93
92	86
92	51
92	68
92	29
92	87
92	15
92	11
92	77
92	71
92	1
92	18
92	105
92	39
92	129
92	58
92	12
92	36
92	53
92	124
92	106
92	43
92	17
92	109
92	19
92	122
92	42
92	38
92	127
92	97
92	84
92	34
92	48
92	62
92	75
92	13
92	126
92	31
92	100
92	79
92	32
92	119
92	44
92	131
92	54
92	103
92	98
92	22
92	67
92	59
92	69
92	114
92	130
92	116
92	27
92	82
92	80
92	2
92	35
92	5
93	72
93	86
93	64
93	119
93	57
93	122
93	55
93	22
93	63
93	107
93	61
93	10
93	127
93	37
93	21
93	88
93	17
93	4
93	39
93	60
93	12
93	84
93	69
93	16
93	116
93	109
93	110
93	123
93	25
93	45
93	128
93	130
93	23
93	75
93	66
93	85
93	14
93	68
93	18
93	76
93	82
93	105
93	114
93	74
93	131
93	125
93	31
93	89
93	103
93	104
93	71
93	120
94	27
94	10
94	37
94	35
94	93
94	80
94	31
94	85
94	119
94	71
94	109
94	111
94	34
94	16
94	113
94	104
94	74
94	43
94	75
94	46
94	18
94	19
94	25
94	86
94	82
94	1
94	66
94	92
94	84
94	97
94	36
94	124
94	20
94	7
94	33
94	17
94	77
94	72
94	55
94	29
94	30
94	126
94	68
94	49
94	127
94	70
94	6
94	54
94	45
94	88
94	53
94	122
94	57
94	130
94	39
94	48
94	8
94	41
94	22
94	89
94	63
94	78
94	90
94	123
94	42
94	40
94	50
94	14
94	26
94	9
94	67
94	21
94	64
94	13
94	91
94	114
94	98
94	44
94	103
94	115
94	4
94	96
94	128
94	118
94	79
94	87
94	131
94	110
94	60
94	65
94	12
94	38
94	73
94	62
94	5
94	32
94	52
94	51
94	56
94	81
94	107
94	100
94	106
94	11
94	116
95	122
95	54
95	18
95	7
95	98
95	72
95	75
95	58
95	92
95	19
95	112
95	57
95	97
95	23
95	9
95	103
95	117
95	27
95	50
95	89
95	101
95	120
95	31
95	25
95	22
95	119
95	51
95	93
95	26
95	107
95	109
95	130
95	86
95	10
95	67
95	20
95	126
95	78
95	37
95	84
95	15
95	65
95	110
95	81
95	104
95	71
95	63
95	1
95	94
95	28
96	34
96	85
96	93
96	80
96	109
96	1
96	57
96	47
96	72
96	129
96	104
96	10
96	14
96	41
96	70
96	27
96	30
96	37
96	11
96	97
96	106
96	71
96	16
96	89
96	23
96	67
96	78
96	119
96	127
96	43
96	128
96	111
96	19
96	12
96	17
96	53
96	4
96	52
96	62
96	115
96	88
96	18
96	79
96	86
96	123
96	9
96	87
96	6
96	31
96	25
96	66
96	13
96	131
96	22
96	42
96	35
96	84
96	122
96	113
96	56
96	33
96	74
96	121
96	68
96	103
97	33
97	72
97	20
97	32
97	16
97	11
97	84
97	98
97	119
97	96
97	123
97	131
97	68
97	39
97	74
97	93
97	76
97	37
98	25
98	130
98	58
98	36
98	70
98	94
98	5
98	17
98	1
98	41
98	61
98	68
98	29
98	129
98	60
98	57
98	76
98	51
98	117
98	113
98	105
98	126
98	10
98	109
98	43
98	37
98	103
98	63
98	72
98	118
98	38
98	35
98	96
98	16
98	106
98	3
98	104
98	77
98	53
98	21
98	40
98	44
98	74
98	15
98	125
98	33
98	122
98	42
98	99
98	39
98	111
98	56
98	31
98	124
98	78
98	115
98	46
98	48
98	34
98	62
98	119
98	64
98	82
98	80
98	19
98	71
98	67
98	88
98	65
98	85
98	12
98	59
98	8
98	86
98	89
98	101
98	107
98	92
98	93
98	52
98	47
98	112
99	68
99	3
99	72
99	84
99	41
99	57
99	47
99	33
99	1
99	110
99	52
99	86
99	100
99	16
99	40
99	7
99	14
99	4
99	98
99	107
99	27
99	32
99	87
99	115
99	53
99	6
99	103
99	67
99	22
99	89
99	122
99	123
99	8
99	70
99	80
99	119
99	42
99	109
99	117
99	121
99	36
99	10
99	63
99	126
99	56
99	78
99	37
99	12
99	130
99	113
99	25
99	34
99	35
99	29
99	51
99	97
99	111
99	43
99	2
99	74
99	93
99	71
99	20
100	35
100	25
100	72
100	68
100	76
100	58
100	65
100	102
100	125
100	60
100	2
100	61
100	103
100	85
100	52
100	115
100	16
100	95
100	10
100	28
100	37
100	70
100	34
100	3
100	119
100	63
100	82
100	46
100	83
100	88
100	41
100	31
100	109
100	57
100	104
100	124
100	129
100	120
100	93
100	121
100	53
100	44
100	51
100	75
100	7
100	106
100	89
100	66
100	80
100	123
100	81
100	48
100	33
100	86
100	47
100	56
101	37
101	74
101	116
101	72
101	78
101	22
101	94
101	16
101	31
101	103
101	93
101	30
101	84
101	33
101	130
101	87
101	110
101	105
101	123
101	17
101	60
101	119
101	131
101	43
101	85
101	122
101	58
101	57
101	68
101	124
101	51
101	96
101	115
101	109
101	67
101	18
101	21
101	82
101	36
101	127
101	15
101	10
101	20
101	61
101	40
101	71
101	98
101	70
101	28
101	19
101	100
101	49
101	29
101	79
101	34
101	27
101	66
101	59
101	83
101	86
101	97
101	12
101	126
101	55
101	7
101	54
101	107
101	121
102	29
102	75
102	92
102	19
102	10
102	87
102	67
102	40
102	97
102	98
102	36
102	115
102	72
102	15
102	109
102	58
102	84
102	74
102	111
102	41
102	73
102	91
102	33
102	5
102	1
102	38
102	56
102	105
102	130
102	119
102	124
102	68
102	63
102	94
102	88
102	127
102	46
102	48
102	99
102	6
102	70
102	71
102	45
102	122
102	22
102	126
102	4
102	117
102	57
102	104
102	95
102	100
102	25
102	2
102	93
102	9
102	85
102	26
102	125
102	50
102	37
102	18
102	31
102	14
102	118
102	113
102	51
102	53
102	11
102	131
102	78
102	81
102	107
102	96
102	12
102	116
102	16
102	66
102	17
102	123
102	80
102	82
102	35
102	52
102	77
102	106
102	55
102	129
102	43
102	54
102	47
102	24
102	65
102	79
102	62
102	121
102	32
103	20
103	119
103	57
103	98
103	43
103	73
103	96
103	16
103	72
103	46
103	79
103	100
103	10
103	117
103	37
103	130
103	109
103	122
103	67
103	87
103	105
103	113
103	104
103	85
103	84
103	25
103	110
103	82
103	101
103	91
103	54
103	88
103	89
103	42
103	93
103	12
103	19
103	2
103	94
103	74
103	97
103	5
103	34
103	30
103	40
103	126
103	66
103	44
103	17
103	68
103	1
103	127
103	128
103	121
103	120
103	47
103	123
103	129
103	18
104	42
104	86
104	56
104	1
104	126
104	109
104	37
104	48
104	105
104	58
104	10
104	99
104	57
104	54
104	94
104	20
104	52
104	119
104	85
104	93
104	8
104	77
104	82
104	72
104	25
104	68
104	19
104	39
104	121
104	16
104	38
104	67
104	12
104	130
104	23
104	76
104	35
104	43
104	122
104	27
104	84
104	49
104	66
104	100
104	17
104	70
104	7
104	75
104	106
104	34
104	74
104	71
104	47
104	65
104	11
104	83
104	31
104	128
104	22
104	107
104	115
104	80
104	60
104	32
104	33
104	96
104	88
104	28
104	59
104	46
104	63
104	97
104	101
104	21
104	129
104	2
104	116
104	15
104	111
104	127
104	14
104	112
104	53
104	18
104	95
104	92
104	3
104	125
104	62
104	89
104	26
104	78
104	108
104	44
104	4
104	61
104	36
104	81
104	5
104	51
104	120
105	119
105	43
105	7
105	10
105	37
105	106
105	130
105	66
105	109
105	41
105	44
105	68
105	30
105	92
105	51
105	77
105	71
105	16
105	70
105	97
105	27
105	93
105	131
105	111
105	91
105	33
105	72
105	19
105	129
105	6
105	57
105	31
105	103
105	115
105	86
105	17
105	78
105	84
105	34
105	125
105	42
105	85
105	54
105	56
105	63
105	118
105	88
105	22
105	47
105	82
105	67
105	18
105	104
105	38
105	13
105	74
105	1
105	124
105	46
105	12
105	79
105	122
105	89
105	62
105	75
105	100
105	8
105	32
105	110
105	127
105	29
105	53
105	73
105	20
105	123
105	90
105	112
105	87
105	2
105	25
105	113
105	55
105	11
105	49
105	81
106	105
106	37
106	61
106	72
106	91
106	120
106	126
106	63
106	10
106	94
106	43
106	84
106	67
106	19
106	118
106	74
106	127
106	102
106	125
106	21
106	65
106	15
106	18
106	58
106	60
106	55
106	8
106	31
106	70
106	28
106	122
106	75
106	14
106	109
106	12
106	128
106	33
106	7
106	22
106	57
106	24
106	114
106	4
106	42
106	20
106	5
106	121
106	108
106	68
106	99
106	81
106	2
106	17
106	71
106	96
106	130
106	85
106	54
106	100
106	131
106	62
106	40
106	104
106	113
106	111
106	29
106	93
106	83
106	47
106	89
106	92
106	16
106	36
106	30
106	35
106	82
107	102
107	68
107	108
107	130
107	61
107	65
107	109
107	115
107	24
107	2
107	58
107	56
107	93
107	120
107	57
107	106
107	20
107	25
107	91
107	52
107	40
107	105
107	83
107	63
107	31
107	5
107	10
107	95
107	21
107	117
107	59
107	49
107	15
107	39
107	51
107	3
107	37
107	123
107	125
107	88
107	124
107	47
107	87
107	84
107	92
107	100
107	85
107	41
107	26
107	70
107	94
107	28
107	60
107	76
107	122
107	33
107	121
107	127
107	119
107	104
107	7
107	30
107	129
107	113
107	75
107	114
107	64
107	82
107	81
107	72
107	112
108	72
108	75
108	63
108	101
108	54
108	92
108	86
108	77
108	56
108	58
108	51
108	33
108	71
108	37
108	93
108	119
108	18
108	27
108	109
108	66
108	84
108	88
108	104
108	82
108	10
108	14
108	25
108	50
108	26
108	32
108	17
108	49
108	122
108	57
108	125
108	110
108	7
108	69
108	94
108	29
108	123
108	20
108	67
108	98
108	131
108	115
108	124
108	117
108	103
108	85
108	81
108	43
108	16
108	105
108	79
108	31
108	44
109	90
109	85
109	131
109	110
109	119
109	107
109	77
109	72
109	88
109	43
109	128
109	116
109	57
109	80
109	130
109	122
109	33
109	82
109	37
109	86
109	117
109	84
109	11
109	1
109	60
109	3
109	23
109	120
109	74
109	105
109	30
109	93
109	87
109	16
109	6
109	78
109	4
109	127
109	55
109	104
109	35
109	10
109	34
109	44
109	101
109	97
109	5
109	41
109	126
109	61
109	123
109	22
109	69
109	27
109	118
109	68
109	96
109	112
109	21
109	40
109	98
109	71
109	102
109	94
109	73
109	70
109	31
109	91
109	28
109	83
109	114
109	36
109	8
109	20
109	17
109	50
109	66
109	12
110	68
110	94
110	121
110	65
110	72
110	89
110	58
110	120
110	51
110	36
110	117
110	83
110	47
110	41
110	40
110	53
110	63
110	25
110	129
110	3
110	124
110	90
110	39
110	56
110	57
110	106
110	105
110	44
110	37
110	125
110	10
110	21
110	15
110	86
110	130
110	76
110	104
110	115
110	109
110	93
110	108
110	16
110	30
110	118
110	59
110	102
110	75
110	62
110	85
110	88
110	2
110	70
110	61
110	20
110	9
110	127
110	78
110	67
110	82
110	7
110	79
110	12
110	114
110	43
110	46
110	54
110	42
110	71
110	116
110	33
110	113
110	87
110	95
110	17
110	100
110	50
110	103
110	60
110	19
110	98
110	111
110	97
110	8
111	94
111	74
111	118
111	40
111	130
111	113
111	91
111	53
111	51
111	54
111	58
111	87
111	72
111	93
111	68
111	36
111	41
111	98
111	124
111	25
111	61
111	44
111	33
111	75
111	11
111	77
111	19
111	114
111	2
111	22
111	63
111	80
111	117
111	37
111	71
111	67
111	127
111	1
111	104
111	10
111	122
111	29
111	105
111	38
111	35
111	18
111	21
111	99
111	97
111	70
111	3
111	55
111	34
111	109
111	129
111	96
111	81
111	102
111	5
111	121
111	57
111	78
111	79
111	48
111	73
111	76
111	131
111	43
111	119
111	17
111	92
111	16
111	39
111	90
111	84
111	47
111	112
112	127
112	109
112	122
112	72
112	69
112	110
112	79
112	126
112	93
112	15
112	22
112	94
112	16
112	90
112	10
112	74
112	128
112	3
112	68
112	37
112	30
112	84
112	119
112	96
112	123
112	87
112	108
112	33
112	98
112	83
112	131
112	17
112	34
112	29
112	97
112	60
112	67
112	28
112	12
112	85
112	18
112	91
112	103
112	11
112	51
112	82
112	92
112	71
112	107
112	5
112	105
112	4
112	99
112	31
112	43
112	118
112	116
112	55
112	124
112	104
112	53
112	106
112	63
112	54
112	36
112	49
112	130
112	73
112	52
113	111
113	65
113	13
113	60
113	105
113	35
113	28
113	121
113	72
113	98
113	80
113	109
113	117
113	71
113	10
113	94
113	37
113	68
113	127
113	115
113	104
113	3
113	14
113	62
113	43
113	130
113	96
113	20
113	126
113	97
113	5
113	79
113	16
113	52
113	84
113	123
113	25
113	33
113	63
113	12
113	131
113	85
113	118
113	59
113	34
113	1
113	83
113	17
113	42
113	36
113	88
113	18
113	75
113	21
113	106
113	119
113	54
113	58
113	102
113	22
113	51
113	90
113	41
113	93
113	31
114	30
114	12
114	75
114	46
114	109
114	10
114	82
114	126
114	67
114	85
114	87
114	50
114	36
114	92
114	122
114	93
114	74
114	37
114	118
114	97
114	125
114	72
114	20
114	66
114	23
114	81
114	98
114	131
114	73
114	68
114	105
114	42
114	24
114	16
114	15
114	17
114	22
114	110
114	38
114	94
114	40
115	24
115	10
115	65
115	94
115	120
115	61
115	15
115	75
115	105
115	40
115	67
115	60
115	102
115	113
115	54
115	72
115	126
115	104
115	87
115	122
115	98
115	125
115	121
115	119
115	131
115	85
115	33
115	95
115	127
115	79
115	71
115	91
115	8
115	23
115	63
115	30
115	93
115	42
115	28
115	84
115	86
115	17
115	21
115	130
115	13
115	123
115	12
115	70
115	107
115	36
115	34
115	109
115	37
115	68
115	80
115	78
115	73
115	43
115	47
115	38
115	11
115	92
115	25
115	74
115	26
115	22
115	5
115	58
115	14
115	50
115	89
115	62
115	31
115	108
115	97
115	35
115	118
115	7
115	16
115	52
115	1
115	88
115	19
115	53
115	128
115	55
115	82
115	41
115	57
115	29
115	114
115	100
115	103
115	90
115	81
115	48
116	117
116	58
116	129
116	115
116	25
116	16
116	68
116	3
116	120
116	35
116	119
116	72
116	125
116	31
116	94
116	105
116	10
116	57
116	61
116	60
116	17
116	100
116	76
116	47
116	65
116	56
116	41
116	92
116	15
116	67
116	5
116	79
116	7
116	83
116	33
116	43
116	51
116	21
116	90
116	39
116	48
116	96
116	27
116	99
116	130
116	82
116	85
116	121
116	106
116	8
116	62
116	38
116	84
116	104
116	49
116	54
116	91
116	81
116	108
116	53
116	95
117	25
117	28
117	3
117	62
117	63
117	58
117	65
117	76
117	68
117	129
117	60
117	57
117	41
117	66
117	11
117	10
117	44
117	53
117	16
117	101
117	115
117	20
117	103
117	119
117	93
117	123
117	125
117	109
117	124
117	31
117	33
117	126
117	37
117	127
117	122
117	88
117	7
117	61
117	86
117	30
117	104
117	83
117	13
117	94
117	72
117	43
117	106
117	51
117	39
117	121
117	120
117	79
117	98
117	56
117	14
117	111
117	80
117	34
117	50
117	108
117	75
117	52
117	71
117	42
117	85
117	64
117	102
117	17
117	47
117	113
117	19
117	81
117	70
117	23
117	95
117	87
117	9
117	67
117	97
117	73
117	92
117	48
117	15
117	128
117	89
117	2
117	35
117	82
118	72
118	129
118	68
118	13
118	119
118	7
118	93
118	123
118	12
118	74
118	27
118	109
118	55
118	17
118	37
118	34
118	31
118	25
118	10
118	125
118	22
118	71
118	127
118	106
118	51
118	57
118	63
118	38
118	124
118	75
118	113
118	88
118	89
118	131
118	33
118	78
118	43
118	30
118	101
118	66
118	115
118	1
118	85
118	100
119	72
119	94
119	23
119	49
119	10
119	37
119	81
119	84
119	21
119	45
119	9
119	8
119	33
119	11
119	79
119	16
119	85
119	93
119	131
119	103
119	105
119	68
119	112
119	90
119	109
119	7
119	92
119	50
119	110
119	25
119	55
119	74
119	127
119	65
119	60
119	63
119	28
119	102
119	57
119	78
119	12
119	22
119	31
119	69
119	34
119	29
119	96
119	4
119	98
119	18
119	76
119	128
119	117
119	118
119	46
119	42
119	30
119	126
119	122
119	58
119	97
119	43
119	52
119	54
119	62
119	115
119	66
119	48
119	114
119	67
119	87
119	35
119	61
120	75
120	94
120	79
120	93
120	92
120	126
120	71
120	72
120	88
120	122
120	56
120	57
120	109
120	33
120	25
120	40
120	115
120	45
120	98
120	6
120	37
120	58
120	10
120	63
120	117
120	84
120	19
120	29
120	1
120	86
120	9
120	26
120	74
120	70
120	104
120	16
120	73
120	22
120	50
120	89
120	67
120	66
120	77
120	106
120	107
120	110
120	83
120	97
120	5
120	131
120	12
120	127
120	114
120	59
120	43
120	41
120	32
120	123
120	38
120	68
120	130
120	95
120	15
120	80
120	8
120	121
120	111
121	37
121	72
121	93
121	107
121	109
121	16
121	12
121	76
121	104
121	63
121	34
121	117
121	27
121	7
121	39
121	127
121	66
121	30
121	43
121	52
121	22
121	85
121	42
121	10
121	1
121	111
121	89
121	84
121	33
121	18
121	4
121	70
121	14
121	68
121	119
121	35
121	71
121	88
121	57
121	67
121	74
121	3
121	79
121	65
121	17
121	97
121	20
121	123
121	86
121	31
121	113
121	122
121	64
121	47
121	126
121	69
122	94
122	31
122	96
122	25
122	119
122	68
122	54
122	108
122	58
122	102
122	105
122	123
122	125
122	5
122	24
122	40
122	92
122	63
122	60
122	33
122	83
122	53
122	124
122	115
122	51
122	36
122	57
122	117
122	15
122	88
122	93
122	10
122	72
122	75
122	65
122	30
122	130
122	3
122	76
122	56
122	121
122	89
122	46
122	41
122	106
122	74
122	48
122	95
122	39
122	44
122	66
122	11
122	91
122	52
122	37
122	129
122	9
122	38
122	109
122	12
122	21
122	27
122	8
122	82
122	67
122	85
122	120
122	118
122	43
122	2
122	71
122	104
122	7
122	16
122	34
122	42
122	19
122	61
122	86
122	98
122	50
122	1
122	28
122	26
122	35
122	14
122	100
122	47
122	78
122	70
122	107
122	49
122	6
122	113
122	29
122	80
122	87
122	79
122	20
122	73
122	84
122	126
122	59
122	17
122	127
122	81
122	13
122	99
122	131
122	97
122	114
122	110
122	111
122	103
122	32
122	90
123	70
123	68
123	37
123	113
123	118
123	35
123	16
123	38
123	15
123	1
123	87
123	109
123	71
123	14
123	79
123	127
123	13
123	97
123	74
123	56
123	119
123	63
123	42
123	93
123	9
123	36
123	22
123	88
123	25
123	43
123	82
123	131
123	115
123	107
123	57
123	17
123	12
123	58
123	100
123	117
123	124
123	27
123	85
123	103
123	72
123	34
123	122
123	67
123	2
123	62
123	99
123	69
123	41
123	55
123	31
123	76
123	10
123	126
123	53
123	89
123	19
123	66
123	129
123	92
123	51
123	128
123	80
123	125
123	21
123	32
123	23
123	3
123	50
123	130
123	48
123	33
123	106
123	114
123	30
123	39
123	46
123	112
123	101
123	29
123	111
123	73
123	110
124	72
124	108
124	109
124	84
124	22
124	62
124	12
124	43
124	65
124	35
124	47
124	37
124	34
124	5
124	89
124	79
124	15
124	67
124	127
124	111
124	74
124	123
124	93
124	105
124	16
124	113
124	94
124	30
124	21
124	130
124	42
124	97
124	14
124	13
124	25
124	60
124	107
124	75
124	10
124	59
124	61
124	122
124	86
124	17
124	85
124	88
124	71
124	82
124	92
124	68
124	118
124	104
124	38
124	131
124	18
124	81
124	103
124	66
124	121
124	27
124	114
124	80
124	52
124	11
124	31
124	73
124	33
124	51
124	126
125	72
125	79
125	5
125	65
125	61
125	92
125	95
125	43
125	74
125	113
125	89
125	37
125	106
125	71
125	21
125	88
125	105
125	12
125	84
125	93
125	80
125	127
125	85
125	7
125	35
125	47
125	117
125	111
125	42
125	23
125	119
125	78
125	55
125	16
125	131
125	22
125	11
125	130
125	104
125	33
125	109
125	118
125	30
125	18
125	27
125	75
125	66
125	17
125	2
125	102
125	52
125	121
125	73
125	87
125	10
125	97
125	62
126	32
126	77
126	10
126	72
126	54
126	33
126	128
126	39
126	67
126	6
126	30
126	102
126	119
126	20
126	44
126	85
126	123
126	120
126	78
126	74
126	31
126	4
126	37
126	57
126	71
126	90
126	82
126	18
126	122
126	36
126	110
126	16
126	116
126	58
126	101
126	48
126	84
126	114
126	43
127	79
127	77
127	39
127	57
127	88
127	128
127	119
127	72
127	21
127	68
127	10
127	67
127	20
127	78
127	7
127	28
127	16
127	84
127	31
127	37
127	44
127	12
127	49
127	82
127	85
127	32
127	107
127	1
127	42
127	109
127	122
127	43
127	65
127	93
127	34
127	17
127	131
127	14
127	58
127	105
127	4
127	18
127	71
127	74
127	36
127	110
127	19
127	69
127	106
128	96
128	108
128	72
128	25
128	36
128	68
128	94
128	109
128	58
128	121
128	12
128	61
128	129
128	115
128	21
128	60
128	40
128	3
128	120
128	76
128	117
128	56
128	127
128	65
128	106
128	130
128	105
128	32
128	43
128	37
128	92
128	75
128	9
128	10
128	4
128	39
128	123
128	15
128	99
128	6
128	38
128	124
128	63
128	79
128	93
128	70
128	35
128	104
128	28
128	89
128	62
128	114
128	102
128	88
128	85
128	2
128	116
128	84
128	41
128	100
128	44
128	50
128	20
128	42
128	51
128	59
128	57
128	16
128	95
128	78
128	18
128	118
128	1
128	5
128	48
128	74
128	53
128	66
128	86
128	119
128	30
128	27
128	97
128	34
128	126
129	105
129	13
129	61
129	65
129	94
129	125
129	120
129	102
129	104
129	10
129	127
129	21
129	75
129	72
129	28
129	60
129	37
129	15
129	33
129	22
129	5
129	67
129	57
129	62
129	20
129	14
129	126
129	78
129	19
129	31
129	24
129	29
129	113
129	49
129	54
129	51
129	70
129	63
129	108
129	43
129	109
129	123
129	118
129	92
129	55
129	42
129	119
129	17
129	98
129	85
129	111
129	93
129	7
129	18
129	121
129	74
129	122
129	130
129	114
129	71
129	47
130	121
130	63
130	68
130	28
130	124
130	15
130	115
130	60
130	25
130	57
130	58
130	92
130	51
130	38
130	2
130	113
130	95
130	88
130	108
130	65
130	89
130	10
130	62
130	59
130	47
130	102
130	93
130	125
130	83
130	40
130	122
130	35
130	129
130	76
130	80
130	44
130	20
130	33
130	39
130	105
130	41
130	36
130	106
130	5
130	117
130	120
130	21
130	103
130	16
130	94
130	3
130	6
130	104
130	48
130	12
130	23
130	37
130	53
130	70
130	7
130	56
130	13
130	9
130	75
130	119
130	18
130	26
130	107
130	85
130	1
130	96
130	111
130	46
130	97
130	126
130	22
130	52
130	128
130	17
130	118
130	109
130	34
130	86
130	61
130	74
130	81
130	114
130	42
130	72
130	64
130	123
130	82
130	31
130	99
130	90
130	54
130	29
130	19
130	127
130	66
130	101
131	42
131	126
131	92
131	58
131	37
131	38
131	17
131	16
131	75
131	104
131	121
131	82
131	25
131	109
131	15
131	91
131	1
131	88
131	105
131	48
131	130
131	119
131	10
131	68
131	122
131	111
131	5
131	40
131	73
131	72
131	52
131	84
131	39
131	113
131	8
131	66
131	100
131	117
131	57
131	67
131	54
131	33
131	99
131	46
131	43
131	103
131	34
131	47
131	7
131	56
131	87
131	94
131	62
131	93
131	18
131	123
131	74
131	79
131	36
131	3
131	41
131	29
131	14
131	85
131	77
131	63
131	2
131	60
131	27
131	106
131	6
131	118
131	65
131	50
131	115
131	83
131	107
131	51
131	70
131	61
131	129
131	9
131	26
131	30
131	102
131	125
131	89
131	124
131	23
131	12
131	22
131	55
131	45
131	127
131	19
131	31
131	81
131	21
131	114
131	32
131	20
131	49
131	97
131	96
131	59
131	28
131	98
131	44
131	76
131	78
131	71
131	4
131	35
131	53
131	13
131	110
