1	49
1	61
1	113
1	108
1	45
1	86
1	18
1	7
1	119
1	144
1	97
1	33
1	51
1	79
1	27
1	124
1	39
1	72
1	30
1	23
1	31
1	38
1	6
1	129
1	43
1	149
1	98
1	37
1	25
1	107
1	64
1	78
1	130
1	13
1	121
1	70
1	12
1	111
1	91
1	131
1	128
1	46
1	148
1	85
1	16
1	141
1	58
1	94
1	5
1	56
1	74
1	100
1	122
1	82
1	47
1	75
1	44
2	39
2	32
2	38
2	148
2	27
2	142
2	55
2	128
2	97
2	56
2	52
2	108
2	50
2	61
2	17
2	127
2	12
2	35
2	48
2	29
2	23
2	16
2	133
2	99
2	122
2	113
2	83
2	139
2	82
2	5
2	8
2	47
2	112
2	86
2	107
2	31
2	36
2	73
2	130
2	37
2	72
2	11
2	150
2	134
2	144
2	34
2	141
2	26
2	43
2	105
2	120
2	71
2	81
2	138
2	101
2	13
2	118
2	64
2	136
2	18
2	62
2	25
2	103
2	131
2	102
2	57
2	10
2	95
2	22
2	53
2	49
2	60
2	149
2	106
2	1
2	117
2	70
2	4
2	20
2	65
2	98
2	24
2	89
2	75
3	91
3	82
3	144
3	96
3	5
3	108
3	18
3	51
3	72
3	39
3	142
3	41
3	17
3	70
3	113
3	29
3	53
3	128
3	61
3	79
3	78
3	151
3	13
3	45
3	47
3	43
3	27
3	139
3	145
3	56
3	141
3	129
3	42
3	86
3	121
3	130
3	25
3	131
3	127
3	37
3	8
3	107
3	74
3	106
3	149
3	28
3	62
3	98
3	133
3	148
3	46
3	109
3	33
3	16
3	31
3	7
3	75
3	111
4	113
4	70
4	29
4	46
4	6
4	121
4	63
4	15
4	128
4	37
4	43
4	60
4	45
4	139
4	134
4	142
4	25
4	136
4	28
4	2
4	39
4	133
4	56
4	18
4	5
4	10
4	129
4	78
4	116
4	144
4	47
4	8
4	96
4	61
4	1
4	44
4	21
4	103
4	13
4	98
4	86
4	27
4	75
4	83
4	148
4	79
4	108
4	135
4	11
4	91
4	117
4	85
4	50
4	17
4	71
4	31
4	141
4	143
4	101
4	114
5	12
5	72
5	96
5	119
5	109
5	133
5	17
5	13
5	43
5	6
5	31
5	37
5	39
5	46
5	91
5	116
5	137
5	149
5	44
5	108
5	47
5	151
5	35
5	23
5	142
5	113
5	40
5	148
5	1
5	8
5	101
5	128
5	70
5	61
5	150
5	84
5	102
5	126
5	58
5	60
5	29
5	67
5	11
5	19
5	55
5	25
5	73
5	68
5	85
5	143
5	27
5	141
5	69
5	3
5	131
5	86
5	74
5	53
5	63
5	16
5	124
5	130
5	140
5	104
5	50
5	26
5	117
5	28
5	2
5	98
5	56
5	94
5	139
5	111
5	34
5	106
5	15
5	138
5	71
5	97
5	118
5	107
5	4
5	90
5	9
5	103
5	100
5	129
5	42
5	120
5	51
5	66
5	87
5	122
5	83
5	38
5	105
5	36
5	82
5	146
6	39
6	67
6	147
6	35
6	13
6	148
6	108
6	47
6	128
6	125
6	12
6	127
6	144
6	66
6	43
6	69
6	82
6	106
6	59
6	81
6	29
6	64
6	90
6	56
6	142
6	17
6	139
6	15
6	98
6	42
6	122
6	83
6	27
6	72
6	116
6	151
6	145
6	135
6	49
6	63
6	124
6	33
6	118
6	23
6	74
6	19
6	71
6	5
6	146
6	141
6	31
6	58
6	61
6	37
6	52
6	134
6	110
6	38
6	46
6	78
6	30
6	16
6	109
6	1
6	113
6	9
6	91
6	53
6	114
6	40
6	111
6	44
6	10
6	86
6	100
6	93
6	104
6	50
7	108
7	50
7	39
7	144
7	130
7	96
7	121
7	37
7	23
7	103
7	57
7	128
7	118
7	70
7	94
7	53
7	25
7	67
7	151
7	147
7	61
7	38
7	12
7	27
7	125
7	64
7	122
7	85
7	131
7	113
7	148
7	35
7	60
7	81
7	43
7	3
7	106
7	75
7	143
7	100
7	141
7	29
7	47
7	111
7	132
7	66
7	31
7	42
7	13
7	124
7	149
7	142
7	123
7	86
7	16
8	144
8	97
8	108
8	145
8	74
8	142
8	47
8	39
8	119
8	73
8	128
8	46
8	103
8	113
8	32
8	28
8	148
8	58
8	118
8	68
8	127
8	50
8	130
8	23
8	43
8	98
8	26
8	129
8	122
8	120
8	116
8	101
8	61
8	29
8	150
8	11
8	96
8	89
8	139
8	30
8	112
8	133
8	31
8	124
8	126
8	16
8	10
8	94
8	115
8	82
8	151
8	53
8	15
8	25
8	5
8	3
8	86
8	37
8	57
8	36
8	19
8	146
8	83
8	78
8	64
8	141
8	17
8	59
8	60
8	72
8	147
8	106
8	67
8	69
8	111
8	70
8	134
8	143
8	54
8	45
8	27
8	13
8	52
8	71
8	9
8	81
8	135
8	44
8	95
8	56
8	109
8	131
8	66
8	140
8	138
8	38
8	121
8	100
8	2
8	35
8	18
8	7
8	75
8	114
8	137
8	12
8	123
8	4
8	1
8	90
8	136
9	87
9	132
9	61
9	65
9	43
9	14
9	88
9	117
9	108
9	2
9	39
9	23
9	116
9	128
9	83
9	79
9	55
9	151
9	135
9	18
9	148
9	105
9	70
9	45
9	113
9	80
9	97
9	85
9	71
9	27
9	41
9	69
9	143
9	96
9	64
9	17
9	16
9	115
9	131
9	50
9	137
9	36
9	29
9	133
9	21
10	108
10	128
10	39
10	74
10	5
10	119
10	113
10	109
10	148
10	150
10	141
10	47
10	137
10	122
10	145
10	146
10	133
10	30
10	139
10	27
10	31
10	23
10	43
10	35
10	28
10	13
10	140
10	16
10	78
10	72
10	142
10	83
10	86
10	59
10	68
10	62
10	40
10	46
10	71
10	25
10	96
10	112
10	118
10	151
10	37
10	64
10	114
10	95
10	19
10	58
10	92
10	144
10	50
10	130
10	93
10	8
10	65
10	138
10	98
10	90
10	125
10	38
11	39
11	61
11	142
11	97
11	144
11	138
11	34
11	120
11	96
11	148
11	29
11	41
11	31
11	4
11	133
11	9
11	91
11	128
11	150
11	113
11	42
11	27
11	13
11	82
11	145
11	50
11	86
11	151
11	149
11	65
11	106
11	33
11	15
11	111
11	147
11	22
11	69
11	94
11	105
11	108
12	119
12	113
12	148
12	69
12	85
12	18
12	39
12	133
12	130
12	108
12	29
12	86
12	75
12	127
12	90
12	51
12	140
12	13
12	8
12	59
12	91
12	128
12	34
12	25
12	79
12	57
12	96
12	67
12	46
12	144
12	129
12	5
12	16
12	31
12	42
12	112
12	35
12	64
12	6
12	30
12	145
12	7
12	70
12	61
12	47
12	82
12	27
12	2
12	21
12	122
12	15
12	142
12	132
12	20
12	95
12	36
12	52
12	40
12	62
12	118
12	151
12	33
12	56
12	14
12	43
12	106
12	74
12	19
12	23
12	37
12	58
12	121
12	71
12	72
12	32
12	98
12	103
12	60
12	139
12	124
12	84
12	114
12	110
12	65
12	1
12	50
12	44
12	105
12	150
12	9
12	45
12	53
12	101
12	38
12	141
12	143
12	54
12	77
12	99
12	92
12	123
12	107
13	108
13	39
13	2
13	127
13	43
13	77
13	142
13	23
13	87
13	35
13	47
13	26
13	143
13	151
13	128
13	113
13	27
13	106
13	144
13	103
13	29
13	96
13	31
13	80
13	83
13	148
13	61
13	132
13	9
13	11
13	119
13	50
13	14
13	86
13	40
13	34
13	71
13	115
13	63
13	79
13	81
13	25
13	95
13	122
13	138
13	102
13	70
13	129
13	1
13	118
13	17
13	72
13	133
13	37
13	32
13	97
13	19
13	121
13	21
13	48
13	41
13	150
13	140
13	137
13	111
13	18
13	51
13	145
13	55
13	65
13	107
13	130
13	10
13	38
14	37
14	113
14	147
14	39
14	61
14	128
14	118
14	27
14	43
14	29
14	148
14	44
14	86
14	23
14	119
14	106
14	133
14	130
14	108
14	47
14	9
14	127
14	31
14	32
14	50
14	53
14	22
14	123
14	139
14	71
14	144
14	122
14	40
14	69
14	52
14	129
14	13
14	59
14	114
14	97
14	51
14	112
14	18
14	121
14	131
14	64
14	138
14	105
14	25
14	101
14	111
14	60
14	81
14	17
14	2
14	150
14	134
14	82
14	107
14	98
14	83
14	120
14	68
14	46
14	8
15	5
15	144
15	4
15	19
15	2
15	103
15	119
15	28
15	39
15	118
15	86
15	61
15	43
15	130
15	70
15	17
15	134
15	129
15	139
15	122
15	126
15	23
15	46
15	141
15	94
15	76
15	11
15	44
15	121
15	26
15	102
15	148
15	128
15	31
15	113
15	56
15	98
15	142
15	104
15	87
15	117
15	116
15	13
15	83
15	84
15	150
15	58
15	10
15	133
15	82
16	78
16	110
16	24
16	43
16	1
16	27
16	12
16	148
16	128
16	103
16	112
16	29
16	80
16	17
16	13
16	37
16	76
16	52
16	57
16	142
16	40
16	106
16	129
16	122
16	108
16	151
16	5
16	39
16	98
16	8
16	9
16	85
16	47
16	144
16	72
16	11
16	73
16	62
16	145
16	96
16	2
16	65
16	61
16	10
16	33
16	149
16	126
16	113
16	70
16	44
16	137
16	71
16	42
16	136
16	133
16	118
16	26
16	64
16	31
16	46
16	104
16	121
16	132
16	28
16	123
16	30
16	101
16	60
16	36
16	89
16	53
16	49
16	86
16	81
16	84
16	141
16	93
16	90
17	51
17	130
17	82
17	147
17	37
17	151
17	47
17	108
17	59
17	85
17	8
17	129
17	7
17	50
17	120
17	104
17	60
17	86
17	97
17	43
17	9
17	13
17	34
17	128
17	48
17	96
17	31
17	116
17	146
17	142
17	127
17	39
17	44
17	63
17	1
17	95
17	113
17	49
17	24
17	90
17	56
17	19
17	93
17	46
17	91
17	145
17	117
17	2
17	118
17	125
17	27
17	121
17	98
17	69
17	111
17	26
17	64
17	72
17	18
17	71
17	58
17	65
17	106
17	144
17	83
17	105
17	92
17	124
17	148
17	75
17	141
17	103
17	4
18	108
18	12
18	147
18	151
18	69
18	98
18	64
18	104
18	148
18	96
18	63
18	127
18	130
18	86
18	128
18	29
18	5
18	40
18	43
18	17
18	120
18	28
18	31
18	116
18	39
18	125
18	47
18	139
18	13
18	106
18	91
18	67
18	144
18	11
18	27
18	90
18	142
18	82
18	74
18	122
18	145
18	30
18	135
18	72
18	21
18	35
18	23
18	2
18	121
18	71
18	9
18	146
18	1
18	56
18	83
18	78
18	59
18	37
18	61
18	42
18	3
18	53
18	75
18	81
18	133
18	76
18	58
18	85
18	141
18	52
18	124
18	38
18	102
18	118
18	109
18	134
18	7
18	16
18	4
18	97
18	110
18	8
18	50
18	95
18	103
18	24
18	89
18	26
18	136
18	117
18	131
18	107
18	22
18	6
18	93
18	46
18	92
18	137
19	108
19	18
19	144
19	94
19	16
19	125
19	113
19	121
19	86
19	5
19	145
19	25
19	129
19	6
19	45
19	90
19	128
19	33
19	46
19	97
19	68
19	58
19	8
19	36
19	148
19	50
19	4
19	70
19	98
19	69
19	116
19	9
19	131
19	130
19	17
19	23
19	53
19	147
19	43
19	120
19	11
19	72
19	55
19	111
19	30
19	7
19	75
19	51
19	13
19	44
20	113
20	137
20	128
20	52
20	39
20	150
20	108
20	127
20	1
20	25
20	33
20	145
20	61
20	82
20	13
20	95
20	83
20	118
20	70
20	96
20	54
20	12
20	106
20	60
20	91
20	148
20	27
20	64
20	86
20	19
20	30
20	23
20	35
20	29
20	65
20	7
20	149
20	53
20	140
20	3
20	43
20	143
20	56
20	144
20	132
20	72
20	122
20	151
20	44
20	139
20	119
20	8
20	40
20	46
20	93
20	98
20	142
20	71
20	31
20	141
20	136
20	32
20	36
20	97
20	89
20	48
20	103
20	18
20	90
20	38
20	123
20	49
20	121
20	92
21	39
21	127
21	113
21	61
21	8
21	1
21	122
21	86
21	98
21	43
21	47
21	9
21	56
21	73
21	148
21	106
21	23
21	52
21	22
21	102
21	29
21	37
21	128
21	55
21	142
21	18
21	83
21	140
21	108
21	32
21	71
21	27
21	101
21	48
21	40
21	25
21	60
21	96
21	28
21	91
21	118
21	13
21	126
21	82
21	135
21	114
21	112
21	150
21	129
21	110
21	130
21	2
21	149
21	103
21	31
21	50
21	3
21	133
21	144
21	139
21	115
21	123
21	53
21	72
21	34
21	145
21	75
21	147
21	125
21	93
21	70
21	90
21	97
21	141
21	64
21	12
21	36
21	62
21	81
21	138
21	121
21	143
21	151
21	16
21	6
21	134
21	35
21	49
21	107
21	104
21	26
21	95
21	119
21	85
21	44
21	51
21	111
21	10
21	136
21	80
22	96
22	86
22	1
22	12
22	141
22	46
22	31
22	44
22	139
22	140
22	106
22	137
22	118
22	39
22	130
22	27
22	8
22	23
22	72
22	34
22	90
22	81
22	113
22	98
22	122
22	19
22	148
22	35
22	56
22	128
22	69
22	149
22	107
22	93
22	33
22	43
22	11
22	47
22	21
22	32
22	108
22	74
22	64
22	68
22	142
22	13
22	105
22	25
22	129
22	100
22	109
22	5
22	50
23	69
23	47
23	113
23	39
23	145
23	131
23	12
23	6
23	86
23	46
23	31
23	148
23	17
23	94
23	52
23	37
23	16
23	72
23	151
23	5
23	25
23	50
23	121
23	147
23	128
23	43
23	13
23	18
23	98
23	95
23	27
23	65
23	110
23	129
23	106
23	8
23	64
23	11
23	133
23	91
23	30
23	108
23	118
23	42
23	85
23	81
23	36
23	1
23	51
23	28
23	126
23	7
23	132
23	58
23	45
23	116
23	144
23	35
23	82
23	19
23	78
23	70
23	150
23	48
23	103
23	142
23	2
23	49
23	96
23	83
23	68
23	141
23	40
23	99
23	101
23	112
23	79
23	117
23	55
23	137
23	76
23	134
23	73
23	105
23	56
23	38
23	10
24	118
24	86
24	148
24	39
24	89
24	43
24	32
24	23
24	61
24	16
24	142
24	54
24	27
24	92
24	120
24	98
24	146
24	113
24	144
24	109
24	18
24	13
24	72
24	82
24	29
24	128
24	151
24	11
24	37
24	99
24	130
24	74
24	135
24	108
24	97
24	121
24	71
24	101
24	40
24	8
24	73
24	114
24	91
24	112
24	46
24	50
24	47
24	96
24	58
24	36
24	65
24	95
24	56
24	139
24	21
24	31
24	150
24	83
24	145
24	25
24	59
24	35
24	5
24	141
24	68
25	6
25	46
25	8
25	124
25	39
25	113
25	74
25	73
25	112
25	66
25	12
25	59
25	58
25	18
25	145
25	108
25	45
25	117
25	78
25	129
25	121
25	70
25	144
25	136
25	43
25	133
25	47
25	143
25	29
25	27
25	106
25	120
25	13
25	40
25	90
25	86
25	98
25	36
25	7
25	23
25	96
25	56
25	101
25	141
25	54
25	109
25	126
25	85
25	148
25	128
25	37
25	28
25	10
25	17
25	83
25	5
25	76
25	67
25	26
25	142
25	116
25	3
25	31
25	44
25	33
25	91
25	105
25	104
25	2
25	72
25	130
25	48
25	60
25	64
25	55
25	107
25	103
25	137
25	82
25	93
25	79
25	61
25	99
25	53
25	102
25	84
25	20
25	34
25	151
25	1
25	122
25	150
25	87
25	81
25	21
25	125
25	41
25	38
25	95
25	69
25	71
25	75
25	24
25	149
25	97
25	146
25	51
25	132
26	39
26	2
26	128
26	108
26	77
26	21
26	9
26	73
26	101
26	25
26	89
26	19
26	61
26	86
26	112
26	148
26	71
26	122
26	18
26	99
26	118
26	83
26	4
26	151
26	127
26	12
26	106
26	94
26	58
26	142
26	113
26	82
26	96
26	103
26	24
26	46
26	36
26	50
26	30
26	144
26	47
26	140
26	98
26	137
26	43
27	12
27	129
27	108
27	50
27	25
27	113
27	86
27	148
27	68
27	6
27	97
27	13
27	145
27	36
27	98
27	133
27	4
27	43
27	58
27	134
27	35
27	94
27	69
27	37
27	151
27	95
27	85
27	121
27	128
27	81
27	119
27	23
27	82
27	64
27	15
27	39
27	46
27	30
27	116
27	103
27	96
27	62
27	137
27	144
27	2
27	83
27	72
27	77
27	126
27	3
27	111
27	106
27	31
27	112
27	45
27	48
27	101
27	1
27	14
27	18
27	141
27	130
27	142
27	61
27	29
27	53
27	47
27	52
27	33
27	88
27	16
27	49
27	70
27	138
27	76
27	20
27	135
27	73
27	118
27	99
27	91
27	56
27	80
27	75
27	11
27	125
27	149
27	117
27	5
27	40
27	87
27	120
27	114
27	21
27	123
27	28
27	122
27	44
27	132
28	148
28	39
28	61
28	35
28	31
28	128
28	46
28	139
28	54
28	27
28	118
28	23
28	37
28	133
28	71
28	150
28	116
28	22
28	55
28	101
28	145
28	43
28	140
28	126
28	96
28	86
28	142
28	83
28	75
28	47
28	106
28	1
28	91
28	85
28	119
28	108
28	45
28	122
28	130
28	143
28	13
28	50
28	81
28	141
28	25
28	113
28	98
28	103
28	29
28	40
28	60
28	82
28	19
28	127
28	2
28	114
28	8
28	52
28	36
28	97
28	134
28	11
28	90
28	93
28	89
28	12
28	151
28	64
28	104
28	144
28	44
28	137
28	123
28	17
28	48
29	36
29	88
29	41
29	65
29	31
29	39
29	115
29	13
29	84
29	81
29	2
29	104
29	61
29	108
29	14
29	128
29	118
29	9
29	99
29	132
29	142
29	97
29	113
29	127
29	144
29	122
29	133
29	21
29	96
29	148
29	45
29	43
29	116
29	33
29	62
29	51
29	149
29	47
29	86
29	60
29	11
29	27
29	129
29	50
29	40
29	94
29	87
29	34
29	106
29	56
29	19
29	23
29	105
29	131
29	68
29	32
29	130
29	55
30	128
30	67
30	119
30	39
30	19
30	66
30	86
30	108
30	64
30	8
30	53
30	12
30	6
30	43
30	147
30	72
30	121
30	69
30	16
30	50
30	124
30	131
30	47
30	148
30	32
30	96
30	18
30	97
30	27
30	144
30	56
30	82
30	116
30	10
30	120
30	35
30	130
30	145
30	59
30	142
30	63
30	61
30	48
30	78
30	111
30	113
30	24
30	76
30	44
30	133
30	95
30	15
30	74
30	29
30	37
30	141
30	106
30	150
30	90
30	5
30	135
30	26
30	71
30	65
30	114
30	25
30	140
30	1
30	137
30	136
30	31
30	117
30	13
30	46
30	75
30	143
30	42
30	146
30	139
31	97
31	108
31	13
31	16
31	144
31	36
31	113
31	129
31	18
31	42
31	50
31	25
31	46
31	64
31	140
31	70
31	52
31	125
31	121
31	5
31	86
31	130
31	6
31	131
31	1
31	45
31	4
31	94
31	68
31	132
31	98
31	147
31	101
31	145
31	30
31	69
31	8
31	23
31	128
31	148
31	39
31	72
31	76
31	43
31	38
31	17
31	58
31	73
31	75
31	33
31	47
31	95
31	3
31	133
31	107
31	81
31	106
31	90
31	10
31	48
31	120
31	142
31	37
31	27
31	49
31	14
31	111
31	100
31	7
31	136
31	96
31	146
31	151
32	118
32	119
32	140
32	108
32	97
32	113
32	4
32	51
32	145
32	70
32	50
32	121
32	68
32	46
32	23
32	129
32	11
32	45
32	120
32	148
32	28
32	30
32	131
32	6
32	98
32	142
32	143
32	86
32	25
32	18
32	132
32	72
32	37
32	111
32	130
32	16
32	36
32	122
32	64
32	13
32	147
32	69
32	117
32	27
32	79
32	2
32	35
32	29
32	48
32	141
32	39
32	138
32	15
32	94
32	31
32	144
32	103
32	75
32	53
32	137
32	96
32	58
32	95
32	19
33	61
33	130
33	6
33	131
33	39
33	35
33	118
33	13
33	113
33	31
33	22
33	144
33	58
33	142
33	18
33	128
33	103
33	29
33	47
33	86
33	122
33	119
33	139
33	16
33	106
33	23
33	34
33	8
33	115
33	133
33	150
33	134
33	43
33	108
33	51
33	96
33	25
33	27
33	148
33	56
33	151
33	48
33	121
33	1
33	145
33	97
33	71
33	63
33	135
33	38
33	50
33	70
33	46
33	127
33	114
33	137
33	19
34	39
34	127
34	151
34	56
34	128
34	21
34	97
34	108
34	82
34	92
34	148
34	129
34	62
34	79
34	120
34	113
34	118
34	8
34	60
34	84
34	121
34	122
34	96
34	41
34	144
34	46
34	98
34	50
34	43
34	72
34	23
34	44
34	13
34	86
34	69
34	71
34	65
34	30
34	61
34	9
34	27
34	142
34	32
34	83
34	76
34	133
34	22
34	25
34	52
34	91
34	150
35	140
35	13
35	103
35	43
35	50
35	12
35	61
35	144
35	148
35	110
35	149
35	29
35	47
35	39
35	36
35	74
35	121
35	8
35	145
35	147
35	72
35	132
35	48
35	86
35	30
35	128
35	98
35	18
35	133
35	113
35	116
35	37
35	5
35	62
35	27
35	118
35	129
35	141
35	23
35	94
35	142
35	17
35	7
35	53
35	106
35	85
35	59
35	31
35	66
35	84
35	76
35	139
35	150
35	60
35	95
35	10
35	6
35	111
35	14
35	88
35	91
35	123
35	67
35	83
35	90
35	15
35	135
35	104
35	137
35	109
35	108
35	75
35	114
35	44
35	122
35	143
35	151
35	92
35	100
36	39
36	97
36	147
36	14
36	128
36	55
36	106
36	84
36	82
36	149
36	126
36	47
36	108
36	13
36	61
36	91
36	64
36	35
36	44
36	86
36	43
36	142
36	90
36	23
36	124
36	5
36	113
36	144
36	72
36	121
36	19
36	69
36	54
36	148
36	116
36	42
36	102
36	146
36	17
36	78
36	56
36	24
36	151
36	120
36	32
36	122
36	2
36	118
36	133
36	141
36	109
36	71
36	21
36	37
36	29
36	99
36	27
36	16
36	127
36	119
36	96
36	83
36	67
36	107
36	139
36	95
36	85
36	60
36	62
36	103
36	74
36	136
36	70
36	130
36	123
36	93
36	117
36	46
36	134
36	20
37	113
37	96
37	86
37	62
37	29
37	47
37	128
37	50
37	145
37	52
37	87
37	13
37	108
37	91
37	65
37	35
37	140
37	133
37	39
37	14
37	1
37	117
37	2
37	46
37	11
37	58
37	136
37	43
37	130
37	8
37	129
37	101
37	81
37	31
37	23
37	137
37	132
37	25
37	63
37	60
37	15
37	118
37	17
37	126
37	110
37	103
37	138
37	149
37	66
37	40
37	121
37	106
37	41
37	134
37	67
37	98
37	18
37	120
37	148
37	94
37	144
37	124
37	64
37	146
37	88
37	3
37	48
37	141
37	53
37	56
37	12
37	7
37	142
37	151
37	55
37	32
37	107
37	131
37	97
37	20
37	38
37	143
37	116
37	9
37	61
37	82
37	84
37	34
37	93
37	85
37	115
37	139
37	104
37	36
37	102
37	33
37	10
37	72
37	19
37	27
37	30
37	114
37	100
37	45
37	105
37	21
37	69
37	83
37	74
37	54
37	122
37	150
37	44
37	71
37	111
37	92
37	95
38	115
38	117
38	106
38	86
38	13
38	39
38	61
38	119
38	47
38	97
38	29
38	27
38	143
38	113
38	44
38	129
38	1
38	140
38	142
38	108
38	43
38	148
38	105
38	19
38	79
38	72
38	58
38	128
38	101
38	83
38	48
38	133
38	14
38	138
38	96
38	10
38	8
38	2
38	114
38	150
38	144
38	46
38	151
38	52
38	89
38	75
38	65
38	26
38	37
38	78
38	123
38	130
38	17
39	51
39	109
39	124
39	146
39	113
39	108
39	23
39	69
39	12
39	148
39	133
39	140
39	56
39	121
39	74
39	130
39	128
39	10
39	112
39	72
39	106
39	6
39	25
39	129
39	82
39	103
39	62
39	142
39	52
39	94
39	42
39	37
39	96
39	43
39	139
39	59
39	13
39	81
39	97
39	35
39	11
39	102
39	50
39	150
39	126
39	151
39	17
39	86
39	95
39	31
39	8
39	9
39	145
39	2
39	98
39	77
39	29
39	36
39	138
39	117
39	104
39	143
39	60
39	131
39	53
39	144
39	61
39	101
39	18
39	127
39	134
39	48
39	66
39	7
39	135
39	147
39	120
39	64
39	40
39	76
39	46
39	27
39	91
39	33
39	47
39	137
39	44
39	67
39	1
39	107
39	4
39	71
39	118
39	70
39	21
39	73
39	125
39	58
39	85
39	65
39	132
39	34
39	84
39	90
39	63
39	99
39	119
39	32
39	141
39	79
39	105
39	45
39	16
39	80
39	19
39	24
39	68
39	14
39	87
39	149
39	30
39	49
39	89
39	110
39	38
39	54
39	55
39	115
39	114
39	88
39	26
39	15
39	111
39	136
39	93
39	57
39	3
39	41
39	92
39	116
39	22
39	83
39	122
39	78
39	20
39	75
39	100
39	5
39	28
39	123
40	39
40	102
40	88
40	101
40	62
40	132
40	36
40	11
40	49
40	99
40	133
40	113
40	45
40	97
40	21
40	14
40	32
40	92
40	61
40	83
40	1
40	128
40	108
40	144
40	2
40	50
40	8
40	121
40	147
40	64
40	126
40	142
40	149
40	79
40	26
40	148
40	80
40	37
40	115
40	77
40	38
41	142
41	128
41	39
41	50
41	106
41	145
41	17
41	140
41	148
41	68
41	23
41	139
41	11
41	150
41	144
41	43
41	61
41	86
41	103
41	151
41	133
41	64
41	69
41	18
41	96
41	29
41	127
41	83
41	113
41	130
41	27
41	120
41	37
41	47
41	118
41	123
41	34
41	25
41	108
41	80
41	105
41	135
41	22
41	9
41	2
41	122
41	70
41	28
41	12
41	97
41	125
41	121
41	126
41	24
41	90
41	56
41	137
41	73
41	33
41	71
41	1
41	31
41	60
41	87
41	95
41	13
41	4
41	82
41	132
41	141
41	36
41	100
42	108
42	131
42	91
42	121
42	39
42	128
42	113
42	27
42	133
42	148
42	97
42	3
42	53
42	86
42	63
42	18
42	50
42	45
42	29
42	59
42	36
42	125
42	16
42	144
42	4
42	25
42	46
42	21
42	30
42	81
42	43
42	101
42	22
42	51
42	74
42	95
42	47
42	66
42	132
42	111
42	72
42	8
42	13
42	35
42	140
42	96
43	73
43	113
43	2
43	85
43	92
43	21
43	115
43	39
43	112
43	45
43	62
43	103
43	137
43	88
43	133
43	49
43	144
43	38
43	41
43	61
43	13
43	23
43	132
43	150
43	84
43	108
43	1
43	60
43	148
43	126
43	122
43	142
43	128
43	8
43	80
43	110
43	65
43	9
43	83
43	118
43	48
43	14
43	101
43	52
43	93
43	3
43	77
43	117
43	20
43	36
43	81
43	79
43	55
43	46
43	70
43	105
43	27
43	10
43	145
43	64
43	143
43	111
43	29
43	26
43	140
43	47
43	139
43	32
43	82
43	87
43	96
43	86
43	71
43	34
43	99
43	134
43	127
43	91
43	44
43	97
43	56
43	123
43	17
43	59
44	25
44	108
44	129
44	46
44	50
44	113
44	145
44	94
44	23
44	119
44	56
44	16
44	58
44	9
44	30
44	68
44	65
44	128
44	122
44	2
44	38
44	43
44	150
44	41
44	142
44	83
44	121
44	97
44	103
44	151
44	111
44	148
44	15
44	39
44	8
44	12
44	144
44	74
44	60
44	52
44	5
44	96
44	110
44	98
44	36
44	64
44	24
44	29
44	95
44	17
44	149
44	141
44	147
44	143
44	137
44	125
44	45
44	31
44	13
44	71
44	4
44	75
44	87
44	51
44	70
44	133
44	1
44	47
44	6
44	86
44	40
44	106
44	69
44	27
44	120
45	128
45	64
45	72
45	145
45	144
45	118
45	86
45	108
45	39
45	13
45	130
45	29
45	23
45	122
45	7
45	47
45	27
45	82
45	148
45	127
45	71
45	32
45	106
45	142
45	43
45	37
45	114
45	5
45	83
45	141
45	46
45	139
45	63
45	44
45	56
45	12
45	124
45	42
45	136
45	55
45	79
45	25
45	26
45	76
45	31
45	9
45	134
45	133
45	97
45	61
45	17
45	4
45	107
45	100
45	75
45	94
45	48
45	138
46	6
46	108
46	64
46	8
46	119
46	66
46	86
46	121
46	148
46	51
46	116
46	39
46	72
46	125
46	118
46	44
46	130
46	76
46	137
46	67
46	74
46	145
46	142
46	26
46	134
46	56
46	68
46	129
46	75
46	27
46	17
46	43
46	18
46	101
46	136
46	131
46	128
46	144
46	22
46	47
46	24
46	16
46	151
46	37
46	5
46	106
46	98
46	55
46	34
46	14
46	120
46	146
46	50
46	124
46	69
46	78
46	141
46	53
46	63
46	90
46	42
46	36
46	19
46	117
46	113
46	35
46	126
46	65
46	122
46	139
46	84
46	70
46	150
46	96
46	48
46	13
46	32
46	97
46	85
46	38
46	149
46	58
46	111
46	31
46	143
46	95
46	61
46	23
46	15
46	30
46	104
46	107
46	123
46	132
46	9
46	83
46	140
47	77
47	102
47	144
47	148
47	8
47	65
47	79
47	39
47	150
47	108
47	1
47	10
47	26
47	2
47	21
47	105
47	101
47	128
47	11
47	132
47	23
47	133
47	14
47	38
47	29
47	82
47	80
47	56
47	73
47	126
47	139
47	31
47	61
47	103
47	36
47	96
47	115
47	97
47	45
47	62
47	27
47	106
47	43
47	83
47	127
47	86
47	137
47	44
47	71
47	81
47	85
47	91
47	151
47	112
47	40
47	49
47	99
47	52
47	107
47	87
47	138
47	89
47	25
47	113
47	69
47	48
47	122
47	50
47	7
47	142
47	55
47	24
47	135
47	92
47	84
47	117
47	118
47	12
47	129
47	123
47	114
48	21
48	80
48	108
48	39
48	129
48	113
48	128
48	148
48	25
48	37
48	40
48	86
48	34
48	62
48	133
48	47
48	35
48	84
48	91
48	145
48	146
48	59
48	33
48	27
48	31
48	139
48	144
48	65
48	2
48	43
48	46
48	24
48	137
48	15
48	130
48	119
48	13
48	61
48	30
48	44
48	122
48	54
48	23
48	64
48	121
48	98
48	32
48	29
48	118
48	95
48	8
48	117
48	97
48	127
49	83
49	39
49	96
49	31
49	113
49	108
49	51
49	148
49	46
49	130
49	61
49	8
49	22
49	64
49	16
49	21
49	65
49	30
49	29
49	50
49	128
49	23
49	97
49	139
49	86
49	6
49	144
49	43
49	115
49	81
49	121
49	142
49	137
49	119
49	25
49	47
49	145
49	82
49	131
49	15
49	2
49	33
49	91
49	143
49	71
49	101
49	13
49	9
49	40
49	36
49	141
49	98
49	138
49	151
49	118
49	89
49	27
49	37
49	75
49	133
49	3
49	123
49	45
49	84
49	70
49	10
49	69
49	95
49	140
49	126
49	20
49	99
49	135
49	28
49	72
49	18
49	60
49	150
49	146
49	124
49	26
49	68
49	106
49	5
49	79
49	122
49	129
50	67
50	113
50	145
50	78
50	121
50	18
50	109
50	39
50	74
50	30
50	6
50	144
50	108
50	72
50	36
50	128
50	12
50	140
50	25
50	35
50	149
50	5
50	79
50	106
50	90
50	27
50	96
50	129
50	75
50	32
50	148
50	142
50	133
50	124
50	1
50	17
50	31
50	65
50	13
50	91
50	139
50	114
50	116
50	37
50	61
50	70
50	132
50	136
50	48
50	60
50	29
50	8
50	141
50	66
50	98
50	59
50	57
50	14
50	85
50	82
50	43
50	103
50	86
50	56
50	76
50	47
50	118
50	134
50	83
50	127
50	23
50	117
50	135
50	71
50	122
50	151
50	150
50	33
50	101
50	26
50	42
50	7
50	44
50	143
50	102
50	28
50	104
50	115
50	21
50	2
50	119
50	55
50	19
50	99
50	123
50	95
50	110
50	112
50	107
50	40
50	62
50	100
50	73
51	12
51	144
51	72
51	118
51	44
51	5
51	53
51	1
51	56
51	35
51	140
51	125
51	86
51	90
51	151
51	141
51	37
51	129
51	137
51	98
51	149
51	145
51	128
51	107
51	122
51	117
51	147
51	43
51	91
51	31
51	148
51	113
51	23
51	108
51	8
51	41
51	58
51	119
51	74
51	139
51	109
51	28
51	82
51	47
51	143
51	39
51	130
51	19
51	36
51	142
51	29
51	96
51	25
51	138
51	10
51	63
51	27
51	13
51	50
51	84
51	85
51	106
51	112
51	133
51	101
51	65
51	3
51	131
51	46
51	70
51	16
51	95
51	116
51	150
51	33
51	6
51	75
51	11
51	73
51	9
51	110
51	100
51	78
51	60
51	32
51	30
51	71
51	7
51	15
51	97
51	126
51	20
51	17
51	79
51	52
51	42
52	145
52	144
52	108
52	39
52	61
52	16
52	129
52	130
52	51
52	86
52	113
52	106
52	13
52	7
52	18
52	23
52	46
52	17
52	128
52	64
52	95
52	139
52	112
52	110
52	131
52	27
52	98
52	149
52	6
52	121
52	94
52	57
52	36
52	127
52	74
52	58
52	111
52	132
52	70
52	43
52	124
52	53
52	85
52	72
52	40
52	82
52	148
52	38
52	65
52	25
52	1
52	133
52	12
52	45
52	96
52	30
52	66
52	100
52	34
52	8
52	29
52	122
52	5
52	141
52	75
52	67
52	68
53	39
53	29
53	128
53	61
53	98
53	58
53	108
53	91
53	23
53	72
53	86
53	145
53	40
53	47
53	46
53	148
53	51
53	127
53	55
53	10
53	3
53	121
53	1
53	144
53	6
53	43
53	66
53	130
53	139
53	129
53	27
53	140
53	13
53	113
53	45
53	124
53	34
53	25
53	56
53	18
53	5
53	57
53	65
53	114
53	12
53	131
53	120
53	150
53	68
53	142
53	119
53	133
53	8
53	67
53	106
53	42
53	103
53	20
53	90
53	141
53	151
53	149
53	60
53	122
53	64
53	17
53	44
53	118
53	41
53	50
53	35
53	75
53	96
54	150
54	17
54	106
54	46
54	98
54	47
54	137
54	128
54	86
54	148
54	23
54	8
54	151
54	96
54	13
54	2
54	91
54	39
54	33
54	85
54	18
54	25
54	43
54	121
54	108
54	93
54	29
54	60
54	87
54	52
54	107
54	82
54	10
54	97
54	88
54	21
54	142
54	64
54	132
54	145
54	12
54	35
54	14
54	30
54	61
54	123
54	7
55	148
55	113
55	97
55	106
55	65
55	79
55	84
55	61
55	99
55	22
55	71
55	105
55	21
55	29
55	108
55	128
55	36
55	39
55	62
55	33
55	131
55	118
55	60
55	144
55	145
55	25
55	50
55	139
55	83
55	27
55	141
55	138
55	69
55	142
55	137
55	86
55	82
55	130
55	107
55	18
55	32
55	96
55	122
55	23
55	150
56	135
56	97
56	108
56	129
56	27
56	18
56	148
56	16
56	122
56	72
56	46
56	113
56	121
56	128
56	127
56	66
56	111
56	147
56	69
56	5
56	39
56	125
56	11
56	6
56	82
56	119
56	23
56	43
56	59
56	13
56	30
56	31
56	25
56	98
56	137
56	52
56	133
56	144
56	68
56	48
56	28
56	86
56	74
56	50
56	26
56	139
56	64
56	124
56	123
56	71
56	95
56	53
56	54
56	37
56	47
56	12
56	126
56	38
56	94
56	4
56	83
56	142
56	90
56	36
56	138
56	42
56	131
56	145
56	140
56	73
56	132
56	141
56	76
56	58
56	15
56	130
56	103
56	55
56	51
56	112
56	75
56	101
56	70
57	50
57	52
57	108
57	74
57	148
57	142
57	113
57	20
57	39
57	16
57	64
57	22
57	61
57	12
57	86
57	141
57	60
57	151
57	33
57	36
57	106
57	128
57	149
57	82
57	145
57	37
57	119
57	10
57	44
57	72
57	56
57	85
57	17
57	1
57	91
57	23
57	3
57	43
57	58
57	130
57	79
57	133
57	32
57	47
57	70
57	78
57	13
57	96
57	144
57	71
57	53
57	27
57	55
57	29
57	110
57	49
57	97
57	103
57	121
57	34
57	40
57	131
57	104
57	122
57	88
57	109
58	119
58	121
58	148
58	74
58	47
58	108
58	86
58	39
58	23
58	122
58	85
58	64
58	16
58	8
58	72
58	6
58	67
58	128
58	130
58	146
58	131
58	133
58	106
58	56
58	18
58	71
58	139
58	90
58	5
58	63
58	27
58	76
58	142
58	43
58	141
58	53
58	118
58	40
58	12
58	10
58	69
58	78
58	24
58	124
58	107
58	103
58	114
58	25
58	150
58	34
58	144
58	97
58	82
58	116
58	61
58	126
58	1
58	52
58	111
58	31
58	113
58	2
58	37
58	13
59	108
59	145
59	39
59	85
59	72
59	150
59	2
59	148
59	125
59	128
59	22
59	133
59	144
59	13
59	43
59	91
59	106
59	54
59	36
59	29
59	98
59	142
59	47
59	32
59	147
59	141
59	3
59	94
59	25
59	28
59	130
59	8
59	56
59	23
59	17
59	60
59	71
59	127
59	31
59	55
59	27
59	35
59	50
59	12
59	107
59	119
59	96
59	114
59	120
59	139
59	113
59	118
59	30
59	140
59	111
59	131
59	64
59	90
59	100
59	83
59	121
59	97
59	151
59	18
59	86
59	7
59	122
59	44
59	37
59	149
60	133
60	14
60	87
60	88
60	105
60	79
60	45
60	84
60	132
60	101
60	65
60	56
60	21
60	73
60	39
60	1
60	8
60	61
60	62
60	151
60	128
60	2
60	90
60	115
60	77
60	95
60	148
60	112
60	36
60	86
61	97
61	113
61	58
61	121
61	94
61	18
61	108
61	25
61	50
61	23
61	120
61	131
61	6
61	16
61	129
61	145
61	88
61	130
61	70
61	86
61	46
61	68
61	4
61	64
61	13
61	98
61	36
61	43
61	125
61	128
61	30
61	132
61	69
61	45
61	144
61	8
61	39
61	142
61	103
61	148
61	122
61	91
61	119
61	60
61	17
61	9
61	40
61	29
61	104
61	47
61	133
61	87
61	10
61	96
61	37
61	81
61	49
61	7
61	2
61	95
61	101
61	79
61	56
61	105
61	38
61	73
61	151
61	82
61	106
61	27
61	136
61	118
61	111
61	76
61	55
61	141
61	54
61	134
61	150
61	99
61	84
61	112
61	116
61	117
61	62
61	1
61	5
61	143
62	39
62	27
62	128
62	31
62	148
62	119
62	47
62	64
62	149
62	11
62	16
62	135
62	120
62	52
62	123
62	108
62	106
62	34
62	101
62	13
62	69
62	54
62	48
62	32
62	94
62	72
62	61
62	86
62	19
62	9
62	96
62	126
62	46
62	142
62	97
62	23
62	122
62	145
62	118
62	139
62	44
62	130
62	131
62	40
62	82
62	110
62	112
62	73
62	43
62	60
62	50
62	68
62	36
62	113
62	107
62	12
62	147
62	56
62	67
62	141
62	70
62	26
62	25
62	89
62	144
62	81
62	71
62	150
62	83
62	117
62	29
62	134
62	95
62	90
62	127
62	98
62	133
62	15
62	137
62	114
63	43
63	128
63	13
63	50
63	11
63	134
63	151
63	39
63	148
63	94
63	136
63	5
63	82
63	97
63	29
63	81
63	47
63	106
63	96
63	40
63	28
63	103
63	85
63	27
63	104
63	26
63	37
63	56
63	133
63	44
63	2
63	22
63	142
63	91
63	61
63	150
63	135
63	86
63	68
63	31
63	144
63	145
63	17
63	110
63	84
63	4
63	75
63	87
63	141
63	79
63	122
63	8
63	101
63	126
64	39
64	10
64	60
64	113
64	78
64	13
64	128
64	148
64	101
64	109
64	86
64	96
64	59
64	150
64	26
64	144
64	47
64	142
64	65
64	23
64	29
64	106
64	76
64	129
64	8
64	43
64	107
64	17
64	9
64	135
64	2
64	149
64	42
64	98
64	139
64	74
64	141
64	31
64	49
64	72
64	57
64	103
64	44
64	133
64	82
64	24
64	145
64	62
64	27
64	52
64	37
64	53
64	40
64	67
64	126
64	48
64	151
64	132
64	122
64	70
64	137
64	71
64	121
64	18
64	105
64	36
64	12
64	112
64	99
64	21
64	81
64	138
64	102
64	33
64	90
64	1
64	5
64	85
64	104
64	108
64	118
64	80
64	55
64	143
64	19
64	114
64	30
64	75
64	87
64	73
64	35
64	77
64	61
64	56
65	86
65	148
65	19
65	99
65	32
65	113
65	39
65	123
65	50
65	150
65	47
65	9
65	43
65	23
65	144
65	108
65	130
65	64
65	61
65	139
65	118
65	128
65	27
65	106
65	37
65	74
65	127
65	90
65	121
65	53
65	105
65	147
65	114
65	149
65	40
65	97
65	141
65	122
65	31
65	71
65	145
65	95
65	69
65	24
65	119
65	16
65	8
65	120
65	103
65	68
65	25
65	51
65	142
65	38
65	10
65	17
65	5
65	18
66	12
66	47
66	7
66	1
66	39
66	28
66	72
66	144
66	108
66	150
66	36
66	98
66	25
66	58
66	50
66	19
66	140
66	35
66	8
66	85
66	90
66	15
66	103
66	78
66	141
66	128
66	86
66	37
66	94
66	62
66	49
66	31
66	118
66	117
66	99
66	122
66	23
66	3
66	113
66	139
66	53
66	148
66	84
66	54
66	43
66	46
66	112
66	110
66	145
66	149
66	59
66	101
66	32
66	107
66	44
66	27
66	60
66	56
66	95
66	130
66	109
66	142
66	127
66	100
66	65
66	26
66	29
66	82
67	50
67	148
67	112
67	133
67	8
67	129
67	108
67	72
67	96
67	37
67	93
67	128
67	27
67	98
67	12
67	39
67	43
67	29
67	110
67	14
67	58
67	61
67	4
67	145
67	73
67	30
67	144
67	25
67	142
67	18
67	2
67	99
67	56
67	139
67	34
67	88
67	106
67	116
67	53
67	47
67	33
67	77
67	113
67	3
67	102
67	26
67	118
67	20
67	44
67	150
67	71
67	111
67	35
67	23
67	147
67	97
67	80
67	32
67	94
67	1
67	114
67	75
67	92
67	21
68	145
68	91
68	11
68	129
68	63
68	144
68	121
68	28
68	8
68	35
68	18
68	128
68	104
68	27
68	37
68	6
68	39
68	31
68	143
68	60
68	113
68	14
68	25
68	5
68	116
68	107
68	29
68	98
68	96
68	142
68	105
68	151
68	72
68	118
68	17
68	43
68	24
68	148
68	9
68	3
68	79
68	78
68	76
68	62
68	47
68	141
68	36
68	136
68	101
68	86
68	103
68	30
68	46
68	61
68	82
68	150
68	134
68	75
68	117
68	122
68	56
68	52
69	23
69	47
69	39
69	128
69	29
69	134
69	133
69	13
69	104
69	57
69	144
69	150
69	11
69	106
69	122
69	91
69	148
69	82
69	110
69	2
69	103
69	27
69	28
69	43
69	40
69	5
69	56
69	8
69	142
69	62
69	85
69	31
69	36
69	145
69	151
69	118
69	78
69	34
69	75
69	16
69	101
69	24
69	21
69	113
69	55
69	121
69	99
69	79
69	141
69	61
69	72
69	37
69	135
69	88
69	42
69	86
69	96
69	73
69	90
69	17
69	60
69	71
69	93
69	18
69	25
69	98
69	95
69	46
69	84
69	97
69	126
69	54
69	132
69	83
69	87
69	112
69	105
69	1
69	65
69	111
69	20
69	19
69	139
69	123
69	108
70	108
70	116
70	86
70	69
70	127
70	91
70	118
70	148
70	96
70	37
70	5
70	64
70	39
70	124
70	71
70	82
70	81
70	151
70	76
70	120
70	16
70	125
70	144
70	142
70	134
70	130
70	136
70	149
70	106
70	128
70	79
70	29
70	15
70	56
70	122
70	7
70	78
70	1
70	72
70	13
70	74
70	47
70	117
70	141
70	60
70	12
70	24
70	27
70	42
70	63
70	103
70	113
70	94
70	43
70	20
70	48
70	90
70	31
70	139
70	143
70	2
70	146
70	102
70	133
70	107
70	83
70	97
70	35
70	32
70	101
70	95
70	40
70	66
70	54
70	9
70	145
70	109
70	17
71	72
71	51
71	133
71	31
71	149
71	117
71	110
71	70
71	86
71	109
71	54
71	25
71	107
71	150
71	97
71	50
71	35
71	13
71	8
71	46
71	130
71	52
71	44
71	116
71	12
71	32
71	19
71	128
71	108
71	142
71	56
71	10
71	18
71	1
71	90
71	47
71	121
71	63
71	67
71	96
71	39
71	2
71	120
71	146
71	140
71	48
71	124
71	143
71	101
71	15
71	145
71	106
71	113
71	3
71	59
71	53
71	43
71	62
71	34
71	27
71	85
71	9
71	74
71	26
71	151
71	11
71	137
71	68
71	33
71	135
71	134
71	66
71	17
71	129
71	91
71	88
71	60
71	82
71	138
71	65
71	37
71	95
71	29
71	81
71	49
71	132
71	87
71	57
71	136
71	103
71	84
71	131
71	141
71	64
71	55
71	30
71	79
71	104
71	69
71	126
71	112
71	93
71	122
71	100
71	148
71	73
71	83
71	98
71	118
72	58
72	12
72	43
72	139
72	32
72	108
72	148
72	85
72	128
72	131
72	140
72	133
72	39
72	113
72	13
72	51
72	61
72	70
72	23
72	151
72	20
72	122
72	19
72	31
72	121
72	27
72	118
72	144
72	129
72	82
72	127
72	17
72	106
72	119
72	103
72	56
72	35
72	135
72	59
72	142
72	8
72	38
72	75
72	29
72	18
72	52
72	90
72	47
72	64
72	57
72	126
72	67
72	66
72	40
72	74
72	86
72	2
72	7
72	22
72	36
72	30
72	91
72	50
72	130
72	1
72	46
72	145
72	132
72	45
72	25
72	96
72	141
72	60
72	110
72	80
72	98
72	44
72	6
72	83
72	10
72	71
72	42
72	116
72	5
72	117
72	84
72	150
72	147
72	15
72	16
72	125
72	53
72	9
72	94
72	37
72	49
72	81
72	97
72	124
72	62
72	101
72	48
72	112
72	134
72	76
72	99
72	14
72	68
72	34
72	69
72	143
72	138
72	111
72	65
72	123
72	55
72	137
72	77
72	95
72	102
72	149
72	104
72	114
72	28
72	136
72	100
72	93
72	92
73	80
73	39
73	142
73	122
73	8
73	9
73	127
73	32
73	61
73	43
73	128
73	148
73	113
73	108
73	134
73	144
73	126
73	139
73	121
73	27
73	1
73	47
73	13
73	99
73	21
73	118
73	135
73	19
73	23
73	71
73	91
73	29
73	86
73	96
73	56
73	60
73	81
73	131
73	133
73	130
73	141
73	16
73	64
73	84
73	40
73	140
73	28
73	46
73	30
73	85
73	50
73	26
73	123
73	36
73	98
73	31
74	39
74	36
74	139
74	127
74	8
74	122
74	60
74	108
74	72
74	50
74	148
74	116
74	128
74	12
74	33
74	147
74	27
74	56
74	142
74	133
74	143
74	13
74	103
74	44
74	106
74	59
74	47
74	30
74	81
74	117
74	58
74	102
74	118
74	85
74	150
74	1
74	3
74	140
74	53
74	145
74	28
74	26
74	23
74	130
74	82
74	31
74	65
74	112
74	25
74	71
74	35
74	151
74	86
74	89
74	10
74	110
74	113
74	52
74	129
74	93
74	98
74	64
74	37
74	92
74	100
74	107
74	114
74	19
75	108
75	39
75	23
75	128
75	117
75	97
75	32
75	127
75	31
75	148
75	130
75	137
75	64
75	69
75	25
75	12
75	47
75	61
75	72
75	80
75	37
75	2
75	146
75	63
75	53
75	43
75	11
75	42
75	141
75	92
75	86
75	74
75	150
75	65
75	67
75	149
75	133
75	96
75	27
75	13
75	90
75	106
75	85
75	107
75	15
75	66
75	113
75	131
75	34
75	103
75	29
75	82
75	81
75	111
75	99
75	138
75	17
75	38
75	120
75	7
75	115
75	118
75	59
75	1
75	24
75	129
75	100
75	142
75	50
75	68
75	45
75	52
75	33
75	124
75	30
75	10
75	95
75	102
75	101
75	14
75	56
75	46
75	4
75	119
75	145
75	104
76	145
76	50
76	20
76	64
76	106
76	108
76	23
76	128
76	86
76	142
76	113
76	144
76	130
76	44
76	26
76	39
76	4
76	48
76	124
76	107
76	25
76	12
76	55
76	97
76	52
76	120
76	118
76	72
76	129
76	148
76	147
76	46
76	36
76	2
76	131
76	43
76	18
76	96
76	70
76	103
76	13
76	21
76	141
76	87
76	126
76	94
76	47
76	121
76	1
76	69
76	30
76	35
76	140
76	85
76	95
76	16
76	6
76	150
76	132
76	17
76	32
76	82
76	31
77	39
77	43
77	121
77	50
77	31
77	128
77	103
77	144
77	61
77	71
77	32
77	127
77	148
77	47
77	140
77	82
77	91
77	6
77	40
77	118
77	1
77	106
77	28
77	108
77	13
77	119
77	81
77	151
77	114
77	139
77	86
77	29
77	27
77	142
77	83
77	120
77	37
77	51
77	60
77	8
77	25
77	3
77	96
77	122
77	46
77	72
77	98
77	102
77	107
77	129
77	12
77	146
77	113
77	36
77	138
77	137
77	70
77	111
77	64
77	101
77	26
77	16
77	130
77	76
77	141
77	56
77	93
77	110
77	95
77	97
77	66
77	17
77	135
77	22
77	9
77	18
77	23
77	38
78	145
78	35
78	136
78	28
78	37
78	143
78	46
78	128
78	149
78	113
78	17
78	150
78	1
78	70
78	142
78	10
78	122
78	58
78	108
78	40
78	5
78	30
78	52
78	32
78	8
78	90
78	45
78	36
78	15
78	132
78	39
78	25
78	130
78	23
78	56
78	57
78	148
78	110
78	69
78	86
78	124
78	104
78	82
78	75
78	103
78	72
78	12
78	107
78	13
78	66
78	105
78	144
78	44
78	62
78	134
78	125
78	88
78	42
78	55
78	29
78	34
78	47
78	64
78	43
78	65
78	33
78	151
78	129
78	67
78	26
78	106
78	133
78	27
78	141
78	60
78	77
78	121
78	31
78	85
78	139
78	18
78	49
78	89
78	118
78	50
78	2
78	137
78	109
78	92
78	117
79	105
79	61
79	13
79	115
79	39
79	108
79	47
79	50
79	22
79	37
79	148
79	16
79	71
79	119
79	151
79	91
79	11
79	4
79	145
79	126
79	128
79	27
79	142
79	96
79	85
79	82
79	133
79	54
79	117
79	127
79	86
79	144
79	139
79	90
79	40
79	17
79	23
79	118
79	106
79	121
79	83
79	129
79	147
79	130
79	32
79	97
79	113
79	31
79	52
79	41
79	123
79	122
79	143
79	29
79	56
79	1
79	8
79	134
79	14
79	69
79	72
79	112
79	138
79	36
79	38
79	149
79	43
79	131
79	64
79	2
79	58
79	81
79	25
79	107
79	137
79	44
79	68
79	150
80	113
80	83
80	61
80	118
80	39
80	122
80	106
80	32
80	22
80	142
80	43
80	16
80	104
80	71
80	44
80	148
80	54
80	13
80	108
80	128
80	127
80	126
80	29
80	28
80	23
80	130
80	135
80	82
80	97
80	6
80	96
80	143
80	112
80	48
80	25
80	144
80	1
80	123
80	52
80	40
80	101
80	73
80	103
80	139
80	98
80	133
80	86
80	81
80	64
80	50
80	89
80	31
80	131
80	141
80	68
80	147
80	129
80	27
80	90
80	137
80	95
80	9
80	119
80	94
80	100
80	150
80	69
80	65
80	30
80	75
80	138
81	61
81	70
81	2
81	86
81	127
81	39
81	92
81	128
81	144
81	108
81	97
81	79
81	44
81	14
81	27
81	31
81	110
81	103
81	69
81	43
81	151
81	148
81	62
82	102
82	11
82	34
82	2
82	103
82	105
82	79
82	128
82	144
82	39
82	148
82	132
82	61
82	77
82	62
82	133
82	73
82	43
82	56
82	88
82	81
82	14
82	31
82	29
82	122
82	57
82	115
82	92
82	80
82	8
82	71
82	84
82	27
82	23
82	87
82	108
82	97
82	101
82	26
82	106
82	47
82	22
83	108
83	96
83	47
83	130
83	43
83	145
83	113
83	37
83	140
83	12
83	86
83	36
83	18
83	44
83	11
83	124
83	72
83	42
83	120
83	48
83	118
83	134
83	151
83	49
83	137
83	2
83	128
83	30
83	142
83	13
83	65
83	34
83	76
83	35
83	97
83	110
83	23
83	150
83	101
83	15
83	117
83	133
83	1
83	93
83	33
83	8
83	52
83	3
83	17
83	116
83	53
83	79
83	121
83	7
83	90
83	39
83	103
83	63
83	26
83	107
83	46
83	25
83	14
83	91
83	24
83	138
83	27
83	109
83	40
83	81
83	64
83	146
83	21
83	54
83	148
83	31
83	149
83	10
83	55
83	100
83	126
83	92
83	85
83	82
83	70
83	87
83	131
83	95
83	9
83	143
83	112
84	26
84	39
84	54
84	31
84	71
84	32
84	47
84	61
84	44
84	83
84	29
84	122
84	101
84	112
84	128
84	148
84	142
84	68
84	140
84	119
84	36
84	106
84	127
84	56
84	40
84	137
84	50
84	55
84	108
84	11
84	93
84	13
84	113
84	145
84	82
84	34
84	86
84	69
84	27
84	23
84	48
84	16
84	22
84	35
84	139
84	37
84	97
84	46
84	70
84	141
84	120
84	96
84	64
84	72
84	25
84	43
84	67
84	151
84	130
84	74
84	91
84	95
84	76
84	118
84	38
84	19
84	135
84	143
84	89
84	111
84	144
84	87
84	15
84	60
84	2
84	103
84	4
84	81
84	6
85	49
85	33
85	47
85	61
85	72
85	144
85	29
85	23
85	108
85	39
85	149
85	151
85	53
85	150
85	50
85	134
85	141
85	97
85	43
85	12
85	44
85	11
85	138
86	96
86	148
86	16
86	64
86	49
86	119
86	142
86	69
86	147
86	56
86	123
86	31
86	46
86	145
86	70
86	144
86	124
86	131
86	121
86	139
86	71
86	67
86	47
86	72
86	27
86	39
86	63
86	23
86	113
86	125
86	137
86	35
86	143
86	116
86	99
86	13
86	128
86	146
86	60
86	106
86	149
86	95
86	94
86	17
86	29
86	78
86	33
86	38
86	25
86	11
86	108
86	150
86	118
86	81
86	127
86	37
86	91
86	65
86	10
86	103
86	15
86	36
86	43
86	24
86	117
86	51
86	79
86	48
86	129
86	18
86	52
86	62
86	41
86	61
86	114
86	50
86	151
86	105
86	32
86	2
86	40
86	45
86	21
86	54
86	132
86	140
86	115
86	44
86	26
86	98
86	93
86	55
86	141
86	88
86	84
86	133
86	82
86	1
86	90
86	111
86	19
86	102
86	66
86	20
86	109
86	58
86	83
86	138
86	135
86	101
86	97
86	12
86	122
86	59
86	74
86	30
86	9
86	85
86	134
86	6
86	126
86	87
86	75
86	92
86	130
86	42
86	5
87	137
87	32
87	108
87	27
87	43
87	70
87	128
87	39
87	151
87	83
87	139
87	14
87	133
87	107
87	144
87	35
87	50
87	72
87	97
87	148
87	116
87	82
87	122
87	145
87	71
87	23
87	118
87	127
87	150
87	141
87	86
87	61
87	37
87	36
87	78
87	134
87	17
87	2
87	12
87	84
87	113
87	13
87	38
87	130
87	138
87	95
87	69
87	111
87	140
87	31
87	101
87	60
87	143
87	103
87	4
87	106
87	18
87	55
87	47
87	1
87	41
87	102
87	121
87	94
87	89
87	109
87	64
87	114
87	7
87	105
88	39
88	106
88	50
88	144
88	148
88	127
88	37
88	118
88	86
88	133
88	71
88	69
88	27
88	128
88	52
88	25
88	54
88	73
88	122
88	96
88	29
88	83
88	81
88	130
88	114
88	123
88	72
88	22
88	75
88	142
88	65
88	47
88	5
88	31
88	113
88	94
88	35
88	140
88	141
88	61
88	108
88	13
88	1
88	145
88	97
88	20
88	45
88	147
88	43
88	12
88	19
88	8
88	135
88	18
88	82
88	62
88	149
88	78
88	111
88	46
88	89
88	95
88	131
88	53
88	44
89	133
89	108
89	128
89	25
89	99
89	97
89	2
89	103
89	35
89	87
89	145
89	134
89	46
89	18
89	15
89	33
89	121
89	62
89	57
89	39
89	101
89	7
89	8
89	54
89	138
89	105
89	52
89	31
89	26
89	13
89	148
89	47
89	61
89	143
89	49
89	71
89	113
89	111
89	40
89	27
89	36
89	117
89	1
89	73
89	110
89	150
89	30
89	38
89	85
89	132
89	96
89	122
89	144
89	23
89	126
89	83
89	151
90	144
90	94
90	108
90	25
90	97
90	113
90	36
90	50
90	109
90	96
90	107
90	29
90	39
90	13
90	148
90	58
90	103
90	44
90	121
90	64
90	128
90	145
90	4
90	131
90	66
90	23
90	86
90	45
90	67
90	46
90	61
90	101
90	122
90	30
90	129
90	6
90	105
90	43
90	18
90	8
90	31
90	70
90	56
90	81
90	151
90	27
90	133
90	78
90	17
90	132
90	51
90	76
90	89
90	91
90	75
90	80
90	142
90	93
90	47
90	111
90	95
90	137
90	24
90	37
90	52
90	42
90	55
91	110
91	39
91	58
91	102
91	30
91	93
91	127
91	2
91	13
91	144
91	96
91	86
91	148
91	41
91	61
91	21
91	47
91	128
91	138
91	92
91	139
91	151
91	22
91	36
91	70
91	133
91	141
91	48
91	115
91	56
91	122
91	124
92	148
92	61
92	30
92	58
92	108
92	97
92	8
92	39
92	106
92	150
92	82
92	144
92	86
92	35
92	119
92	17
92	23
92	133
92	128
92	135
92	94
92	53
92	113
92	139
92	121
92	67
92	131
92	25
92	95
92	27
92	122
92	31
92	71
92	50
92	51
92	130
92	46
92	145
92	13
92	29
92	47
92	68
92	32
92	111
92	5
92	138
92	98
92	36
92	149
92	24
92	37
92	141
93	39
93	31
93	17
93	71
93	148
93	128
93	85
93	86
93	133
93	74
93	113
93	43
93	47
93	138
93	118
93	75
93	144
93	97
93	96
93	134
93	54
93	108
93	56
93	35
93	61
93	13
93	70
93	139
93	53
93	125
93	72
93	119
93	59
93	37
93	136
93	9
93	23
93	126
93	22
93	42
93	106
93	142
93	29
93	27
93	130
93	135
93	48
93	141
93	127
93	64
93	69
93	95
93	83
93	149
93	122
93	19
93	12
93	8
93	137
93	25
93	67
93	114
93	11
93	36
93	30
93	90
93	123
94	121
94	109
94	18
94	6
94	23
94	44
94	133
94	113
94	124
94	86
94	70
94	144
94	36
94	46
94	128
94	74
94	8
94	5
94	67
94	63
94	35
94	59
94	11
94	145
94	129
94	96
94	47
94	146
94	98
94	101
94	132
94	90
94	2
94	25
94	33
94	37
94	112
94	30
94	82
94	141
94	88
94	72
94	58
94	21
94	45
94	66
94	60
94	19
94	115
94	31
94	28
94	104
94	65
94	116
94	3
94	78
94	43
94	151
94	24
94	142
94	39
94	56
94	15
94	143
94	52
94	76
94	55
94	54
94	106
94	91
94	48
94	134
94	110
94	10
94	148
94	40
94	64
94	42
94	136
94	81
94	149
94	139
94	34
94	13
94	29
94	108
94	122
94	103
94	17
94	27
94	71
94	85
94	105
94	138
94	75
94	126
94	87
94	150
94	107
94	12
94	1
95	12
95	9
95	72
95	35
95	23
95	55
95	91
95	13
95	39
95	29
95	78
95	141
95	8
95	101
95	60
95	106
95	128
95	1
95	140
95	27
95	44
95	33
95	58
95	97
95	43
95	82
95	117
95	142
95	61
95	130
95	129
95	86
95	148
95	26
95	120
95	37
95	22
95	17
95	24
95	56
95	53
95	98
95	99
95	149
95	76
95	100
95	105
95	92
95	90
95	131
95	7
95	52
95	126
95	118
95	65
95	75
95	150
96	65
96	14
96	2
96	133
96	128
96	21
96	87
96	105
96	79
96	9
96	36
96	45
96	88
96	104
96	115
96	61
96	108
96	99
96	122
96	39
96	62
96	86
96	23
96	91
96	41
96	43
96	132
96	142
96	151
96	38
96	127
96	84
96	47
96	33
96	118
96	97
96	29
96	148
96	113
96	56
96	70
96	150
96	60
96	46
96	81
96	35
96	54
96	143
96	44
96	145
96	144
96	117
97	40
97	18
97	113
97	25
97	63
97	98
97	85
97	134
97	91
97	133
97	78
97	106
97	30
97	11
97	121
97	39
97	128
97	6
97	151
97	145
97	144
97	129
97	13
97	2
97	104
97	110
97	61
97	5
97	103
97	36
97	29
97	148
97	37
97	82
97	47
97	17
97	99
97	43
97	108
97	101
97	96
97	8
97	56
97	55
97	105
97	46
97	150
97	142
97	81
97	118
97	93
97	1
97	112
97	9
97	70
97	31
97	76
97	62
97	45
97	132
97	126
97	58
97	34
97	143
97	60
97	79
97	27
97	42
97	73
97	24
97	49
97	75
97	140
97	28
97	141
97	21
97	48
97	127
97	54
97	52
97	136
97	26
97	89
97	14
97	86
97	84
97	83
97	95
97	38
97	57
97	102
97	122
97	77
97	32
97	80
97	135
97	50
97	23
97	71
97	87
97	10
97	88
97	92
97	44
97	65
98	51
98	11
98	108
98	86
98	104
98	12
98	148
98	39
98	48
98	37
98	130
98	18
98	121
98	64
98	139
98	144
98	133
98	128
98	119
98	66
98	8
98	69
98	124
98	16
98	6
98	27
98	67
98	131
98	52
98	142
98	63
98	17
98	5
98	59
98	95
98	147
98	44
98	2
98	146
98	96
98	56
98	23
98	10
98	90
98	53
98	22
98	55
98	127
98	141
98	43
98	74
98	151
98	150
98	72
98	125
98	61
98	14
98	65
98	47
98	34
98	60
98	35
98	118
98	50
98	13
98	76
98	83
98	100
98	4
98	15
98	75
98	1
98	149
98	113
98	145
98	78
98	42
98	112
98	32
98	71
98	111
99	115
99	13
99	39
99	61
99	128
99	148
99	130
99	83
99	82
99	28
99	43
99	142
99	113
99	14
99	118
99	103
99	139
99	96
99	134
99	22
99	27
99	72
99	137
99	18
99	50
99	29
99	85
99	108
99	131
99	89
99	144
99	71
99	75
99	97
99	150
99	47
99	25
99	69
99	58
99	141
99	64
99	80
99	127
99	81
99	86
99	106
99	23
99	19
99	95
99	60
99	122
99	84
99	151
99	56
100	61
100	139
100	29
100	144
100	31
100	42
100	148
100	39
100	108
100	36
100	140
100	129
100	8
100	43
100	149
100	2
100	113
100	128
100	142
100	91
100	98
100	106
100	127
100	22
100	5
100	18
100	131
100	133
100	134
100	53
100	13
100	86
100	44
100	51
100	122
100	107
100	121
100	90
100	11
100	27
100	7
100	143
100	35
100	137
100	66
100	85
100	34
100	74
100	17
100	130
100	20
100	26
100	141
100	75
100	138
100	111
100	117
100	118
100	19
100	23
100	50
101	108
101	29
101	61
101	19
101	84
101	91
101	144
101	16
101	21
101	38
101	142
101	39
101	148
101	62
101	80
101	86
101	113
101	79
101	13
101	131
101	23
101	8
101	32
101	103
101	24
101	11
101	36
101	107
101	6
101	122
101	106
101	128
101	82
101	27
101	60
101	1
101	140
101	118
101	26
101	28
101	25
101	97
101	96
101	31
101	127
101	130
101	18
101	133
101	150
101	83
101	43
101	126
101	51
101	121
101	37
101	22
101	5
101	95
101	129
101	136
101	134
101	35
101	145
101	119
101	17
101	47
101	34
101	105
101	72
101	138
101	76
101	64
101	2
101	46
101	65
101	56
101	143
101	85
101	40
101	70
101	45
101	89
101	104
101	117
102	128
102	22
102	127
102	142
102	148
102	39
102	12
102	31
102	82
102	113
102	71
102	13
102	52
102	95
102	112
102	86
102	144
102	97
102	121
102	133
102	85
102	23
102	43
102	108
102	93
102	61
102	135
102	27
102	6
102	129
102	83
102	26
102	134
102	106
102	36
102	150
102	18
102	139
102	91
102	59
102	92
102	131
102	54
102	56
102	63
102	141
102	96
102	137
102	81
102	107
102	114
102	37
102	130
102	72
102	29
102	47
102	24
102	21
102	69
102	119
102	2
102	126
102	90
102	51
102	25
102	46
102	103
102	75
102	50
102	64
102	100
102	9
102	122
102	1
102	118
102	8
102	58
102	34
103	88
103	39
103	11
103	122
103	128
103	101
103	135
103	86
103	35
103	132
103	83
103	2
103	148
103	144
103	21
103	99
103	108
103	27
103	29
103	77
103	9
103	36
103	47
103	45
103	133
103	113
103	13
103	89
103	50
103	149
103	31
103	64
103	151
103	68
103	85
103	117
103	102
103	106
103	61
103	97
103	92
103	22
103	142
104	108
104	2
104	72
104	39
104	112
104	128
104	113
104	127
104	139
104	43
104	13
104	118
104	97
104	50
104	70
104	86
104	151
104	101
104	81
104	37
104	125
104	23
104	69
104	9
104	106
104	130
104	121
104	16
104	17
104	140
104	52
104	58
104	82
104	68
104	25
104	31
104	145
104	96
104	148
104	83
104	71
104	55
104	8
104	135
104	40
104	147
104	46
104	18
104	33
104	129
104	27
104	95
104	36
104	64
104	144
104	5
104	63
104	75
104	122
105	148
105	103
105	118
105	61
105	50
105	46
105	113
105	39
105	139
105	86
105	115
105	29
105	60
105	96
105	31
105	108
105	80
105	114
105	133
105	25
105	27
105	43
105	47
105	74
105	41
105	83
105	128
105	122
105	36
105	64
105	13
105	8
105	140
105	142
105	35
105	40
105	32
105	79
105	22
105	56
105	15
105	143
105	97
105	129
105	71
105	144
105	106
105	151
105	33
105	130
105	127
105	23
105	44
105	126
105	1
105	65
105	145
105	37
105	121
105	135
105	58
105	82
105	19
105	17
105	107
105	68
105	138
105	45
106	65
106	39
106	92
106	148
106	127
106	88
106	77
106	11
106	115
106	61
106	82
106	122
106	144
106	113
106	29
106	71
106	67
106	8
106	150
106	47
106	70
106	83
106	128
106	108
106	98
106	9
106	86
106	107
106	43
106	41
106	151
106	13
106	27
106	32
106	116
106	133
106	129
106	97
106	141
106	36
106	50
106	23
106	110
106	18
106	89
106	38
106	31
106	68
106	56
106	14
106	118
106	76
106	132
106	81
106	105
106	4
106	94
106	142
106	21
106	63
106	123
106	79
107	16
107	25
107	108
107	50
107	113
107	94
107	68
107	23
107	70
107	18
107	122
107	34
107	97
107	144
107	36
107	129
107	145
107	148
107	73
107	46
107	86
107	121
107	61
107	12
107	10
107	5
107	39
107	64
107	98
107	30
107	58
107	13
107	136
107	69
107	128
107	1
107	31
107	4
107	142
107	9
107	47
108	40
108	12
108	56
108	10
108	128
108	43
108	124
108	146
108	1
108	72
108	29
108	112
108	104
108	39
108	117
108	144
108	66
108	8
108	5
108	37
108	67
108	73
108	127
108	148
108	109
108	96
108	142
108	13
108	103
108	47
108	54
108	75
108	52
108	59
108	106
108	123
108	78
108	26
108	32
108	20
108	86
108	31
108	33
108	140
108	17
108	113
108	74
108	27
108	85
108	136
108	118
108	9
108	149
108	151
108	82
108	61
108	119
108	84
108	62
108	2
108	93
108	65
108	133
108	7
108	91
108	60
108	101
108	48
108	116
108	121
108	42
108	44
108	150
108	81
108	90
108	28
108	111
108	97
108	110
108	143
108	23
108	51
108	71
108	105
108	141
108	80
108	76
108	69
108	122
108	14
108	49
108	24
108	22
108	107
108	77
108	132
108	120
108	30
108	130
108	145
108	57
108	139
108	115
108	25
108	45
108	99
108	89
108	83
108	88
108	3
108	36
108	21
108	53
108	126
108	58
108	19
108	79
108	35
108	63
108	98
108	125
108	138
108	102
108	87
108	137
108	34
108	92
108	135
108	95
108	129
108	131
108	55
108	100
108	64
108	94
108	114
109	108
109	107
109	72
109	97
109	147
109	39
109	148
109	128
109	50
109	13
109	6
109	104
109	142
109	9
109	121
109	44
109	8
109	101
109	70
109	122
109	133
109	54
109	37
109	125
109	24
109	145
109	25
109	139
109	106
109	33
109	140
109	35
109	65
109	64
109	103
109	86
109	47
109	79
109	23
109	75
109	99
109	21
109	36
109	27
109	151
109	149
109	31
109	81
109	56
109	53
109	2
109	96
109	26
109	118
109	150
109	89
109	20
109	83
109	113
109	68
109	141
109	137
109	105
110	108
110	148
110	39
110	133
110	31
110	89
110	93
110	5
110	139
110	7
110	118
110	52
110	29
110	82
110	128
110	47
110	106
110	9
110	122
110	28
110	10
110	86
110	142
110	113
110	144
110	96
110	23
110	64
110	54
110	8
110	130
110	57
110	92
110	94
110	43
110	127
110	75
110	145
110	22
110	120
110	71
110	20
110	119
110	37
110	141
110	83
110	44
110	97
110	25
110	50
110	72
110	134
110	147
110	61
110	35
110	105
110	102
110	136
110	34
110	60
110	27
110	11
110	68
110	131
110	13
110	81
110	18
110	53
110	138
110	1
110	114
110	32
110	77
110	69
111	128
111	149
111	72
111	27
111	33
111	61
111	140
111	113
111	130
111	59
111	53
111	1
111	56
111	12
111	148
111	138
111	8
111	131
111	83
111	85
111	29
111	52
111	106
111	118
111	39
111	73
111	49
111	7
111	144
111	137
111	35
111	141
111	150
111	66
111	37
111	23
111	133
111	116
111	145
111	108
111	105
112	1
112	39
112	80
112	148
112	62
112	79
112	108
112	65
112	21
112	6
112	84
112	47
112	105
112	23
112	144
112	142
112	29
112	135
112	115
112	13
112	9
112	49
112	129
112	25
112	22
112	27
112	61
112	31
112	103
112	122
112	16
112	128
112	113
112	118
112	119
112	96
112	94
112	106
112	72
112	86
112	12
112	95
112	76
112	26
112	100
112	8
112	127
112	52
112	130
113	108
113	23
113	39
113	61
113	127
113	16
113	64
113	121
113	144
113	86
113	72
113	125
113	46
113	138
113	98
113	11
113	134
113	12
113	31
113	120
113	128
113	24
113	142
113	37
113	129
113	131
113	47
113	145
113	118
113	18
113	151
113	30
113	43
113	139
113	91
113	95
113	148
113	33
113	103
113	13
113	5
113	69
113	96
113	143
113	29
113	106
113	27
113	104
113	40
113	87
113	130
113	55
113	63
113	10
113	51
113	97
113	60
113	71
113	19
113	92
113	50
113	116
113	137
113	17
113	1
113	82
113	65
113	81
113	28
113	9
113	111
113	149
113	2
113	147
113	126
113	90
113	8
113	52
113	44
113	122
113	85
113	105
113	115
113	7
113	135
113	107
113	141
113	58
113	35
113	78
113	36
113	14
113	136
113	132
113	54
113	70
113	79
113	41
113	15
113	80
113	150
113	42
113	146
113	75
113	56
113	83
113	48
113	49
113	101
113	99
113	53
113	124
113	20
113	3
113	112
113	32
113	133
113	117
113	140
113	110
113	76
113	34
113	25
113	93
113	88
113	45
113	38
113	67
113	26
113	84
113	114
113	123
113	100
113	22
113	102
113	77
113	74
113	6
113	21
113	73
114	112
114	148
114	121
114	12
114	43
114	2
114	128
114	113
114	81
114	106
114	126
114	129
114	6
114	39
114	30
114	28
114	97
114	23
114	31
114	48
114	142
114	25
114	18
114	50
114	119
114	145
114	108
114	149
114	47
114	34
114	74
114	46
114	59
114	60
114	91
114	27
114	63
114	4
114	16
114	134
114	13
114	7
114	69
114	140
114	64
114	96
114	137
114	150
114	118
114	52
114	35
114	8
114	133
114	95
114	55
114	19
114	37
114	61
114	15
114	33
114	21
114	92
114	138
114	132
114	70
114	56
115	61
115	39
115	127
115	147
115	128
115	13
115	81
115	31
115	148
115	82
115	106
115	47
115	140
115	55
115	125
115	142
115	135
115	32
115	79
115	22
115	43
115	113
115	144
115	145
115	133
115	27
115	105
115	86
115	122
115	38
115	23
115	99
115	35
115	123
115	108
115	52
115	139
115	64
115	114
115	129
115	119
115	4
115	37
115	58
115	29
115	17
115	96
115	51
115	71
115	72
115	18
115	118
115	8
115	19
115	141
115	103
115	130
115	54
115	150
115	91
115	110
115	50
115	2
115	83
115	95
115	70
115	40
115	89
115	14
115	36
115	46
115	138
115	30
115	73
115	56
115	25
115	97
115	10
115	1
115	137
115	143
116	106
116	39
116	91
116	21
116	32
116	132
116	56
116	27
116	139
116	71
116	108
116	86
116	28
116	113
116	122
116	134
116	68
116	148
116	5
116	8
116	145
116	25
116	43
116	130
116	96
116	31
116	36
116	50
116	142
116	52
116	1
116	97
116	93
116	67
116	124
116	82
116	136
116	46
116	110
116	42
116	53
116	72
116	2
116	69
116	17
116	137
116	128
116	135
116	64
116	125
116	47
116	150
117	144
117	140
117	34
117	72
117	50
117	5
117	58
117	39
117	70
117	113
117	151
117	31
117	46
117	125
117	137
117	141
117	136
117	148
117	4
117	45
117	35
117	44
117	54
117	130
117	111
117	121
117	79
117	69
117	17
117	86
117	28
117	6
117	12
117	94
117	40
117	108
117	128
117	118
117	36
117	25
117	95
117	11
117	147
117	37
117	1
117	2
117	97
117	145
117	18
117	53
117	16
117	71
117	106
117	15
117	138
117	68
117	30
117	132
117	20
117	21
117	120
117	92
117	42
118	108
118	130
118	50
118	25
118	121
118	52
118	97
118	35
118	113
118	129
118	46
118	70
118	6
118	37
118	145
118	18
118	8
118	86
118	17
118	98
118	1
118	5
118	96
118	30
118	4
118	15
118	28
118	94
118	144
118	120
118	132
118	36
118	133
118	45
118	139
118	80
118	68
118	104
118	72
118	44
118	20
118	53
118	2
118	13
118	107
118	12
118	126
118	31
118	128
118	34
118	90
118	88
118	60
118	142
118	66
118	110
118	43
118	81
118	91
118	125
118	140
118	85
118	9
118	74
118	151
118	14
118	106
118	47
118	56
118	71
118	64
118	69
118	49
118	55
118	58
118	101
118	111
118	134
118	95
118	73
118	26
118	62
118	122
118	136
118	32
118	100
118	150
118	137
118	105
118	65
118	75
118	138
118	19
118	27
118	7
119	128
119	39
119	112
119	13
119	82
119	117
119	30
119	133
119	24
119	9
119	12
119	126
119	65
119	47
119	72
119	151
119	27
119	10
119	43
119	29
119	5
119	142
119	56
119	52
119	99
119	85
119	129
119	37
119	106
119	8
119	84
119	148
119	61
119	1
119	40
119	118
119	31
119	150
119	71
119	33
119	149
119	80
119	62
119	96
119	101
119	2
119	145
119	57
119	138
119	132
119	36
119	58
119	103
119	20
119	60
119	110
119	3
119	46
119	127
119	86
119	116
119	141
119	81
119	18
119	139
119	113
119	98
119	26
119	53
119	123
119	25
119	100
119	144
119	121
119	17
120	29
120	133
120	63
120	144
120	129
120	27
120	75
120	36
120	12
120	101
120	24
120	18
120	56
120	96
120	78
120	113
120	39
120	122
120	86
120	150
120	11
120	121
120	108
120	115
120	145
120	106
120	8
120	47
120	82
120	142
120	17
120	46
120	2
120	13
120	83
120	70
120	71
120	128
120	65
120	98
120	148
120	134
120	141
120	58
120	93
120	54
120	43
120	123
120	37
121	108
121	39
121	86
121	146
121	43
121	144
121	47
121	64
121	106
121	63
121	104
121	127
121	110
121	67
121	148
121	96
121	52
121	120
121	17
121	85
121	128
121	58
121	23
121	93
121	137
121	5
121	109
121	147
121	11
121	130
121	29
121	69
121	124
121	91
121	90
121	13
121	122
121	119
121	98
121	118
121	27
121	31
121	139
121	44
121	116
121	46
121	72
121	37
121	81
121	134
121	24
121	61
121	78
121	49
121	103
121	42
121	151
121	97
121	71
121	35
121	50
121	135
121	74
121	53
121	83
121	82
121	126
121	142
121	12
121	136
121	133
121	56
121	15
121	145
121	60
121	125
121	16
121	76
121	141
121	20
121	68
121	40
121	75
121	150
121	95
121	140
121	100
121	22
121	26
121	129
121	113
121	101
121	51
121	30
121	38
121	9
121	143
121	45
121	1
121	117
121	79
122	47
122	25
122	72
122	13
122	94
122	97
122	125
122	118
122	113
122	131
122	44
122	37
122	23
122	108
122	86
122	31
122	43
122	50
122	103
122	130
122	12
122	128
122	150
122	42
122	30
122	17
122	107
122	117
122	142
122	48
122	45
122	144
122	8
122	11
122	64
122	121
122	119
122	91
122	137
122	77
122	16
122	138
122	10
122	67
122	129
122	19
122	96
122	61
122	106
122	151
122	33
122	14
122	149
122	39
122	27
122	29
122	148
122	24
122	145
122	140
122	133
122	4
122	85
122	57
122	115
122	56
122	69
122	53
122	60
122	101
122	52
122	58
122	76
122	36
122	3
122	1
122	46
122	35
122	68
122	55
122	139
122	9
122	126
122	120
122	2
122	81
122	90
122	70
122	136
122	15
122	141
122	84
122	38
122	18
122	73
122	6
122	62
122	21
122	98
122	99
122	124
122	132
122	104
122	100
122	134
122	59
122	5
122	54
122	32
122	78
122	71
123	25
123	43
123	148
123	39
123	130
123	12
123	60
123	128
123	8
123	143
123	121
123	106
123	113
123	98
123	11
123	87
123	53
123	37
123	33
123	29
123	20
123	57
123	63
123	108
123	97
123	79
123	47
123	58
123	6
123	27
123	46
123	69
123	54
123	145
123	134
123	104
123	50
123	142
123	17
123	138
123	137
123	129
123	150
123	101
123	65
123	96
123	1
123	118
123	31
123	19
123	105
123	56
123	2
123	72
123	13
123	68
123	133
123	149
123	126
123	86
123	92
123	119
123	40
123	30
123	140
124	108
124	74
124	12
124	72
124	33
124	85
124	39
124	104
124	96
124	136
124	66
124	59
124	13
124	40
124	151
124	106
124	117
124	128
124	81
124	17
124	129
124	29
124	49
124	103
124	140
124	43
124	52
124	91
124	149
124	142
124	82
124	47
124	27
124	144
124	53
124	31
124	26
124	9
124	67
124	75
124	3
124	145
124	24
124	35
124	148
124	89
124	101
124	7
124	122
124	20
124	109
124	61
124	65
124	21
124	1
124	79
124	50
124	2
124	90
124	86
124	83
124	25
124	141
124	133
124	37
124	60
124	130
124	95
124	113
124	8
124	100
124	126
124	36
124	5
124	139
124	30
124	58
124	110
124	121
124	19
124	92
124	28
124	76
124	56
124	93
124	32
124	118
124	46
125	39
125	128
125	78
125	76
125	19
125	56
125	67
125	66
125	109
125	59
125	144
125	82
125	43
125	96
125	101
125	31
125	83
125	86
125	113
125	25
125	121
125	44
125	145
125	53
125	10
125	40
125	133
125	104
125	107
125	85
125	106
125	46
125	26
125	37
125	27
125	91
125	21
125	13
125	65
125	73
125	8
125	74
125	108
125	24
125	47
125	81
125	17
125	71
125	70
125	9
125	151
125	148
126	119
126	49
126	108
126	77
126	43
126	21
126	23
126	115
126	81
126	138
126	33
126	96
126	142
126	61
126	29
126	113
126	2
126	151
126	64
126	128
126	25
126	13
126	40
126	91
126	129
126	62
126	144
126	60
126	106
126	70
126	47
126	5
126	75
126	132
126	10
126	37
127	148
127	25
127	121
127	18
127	86
127	98
127	113
127	39
127	97
127	51
127	131
127	129
127	111
127	128
127	108
127	70
127	91
127	6
127	46
127	133
127	66
127	47
127	74
127	29
127	130
127	112
127	132
127	30
127	69
127	40
127	94
127	95
127	101
127	58
127	23
127	141
127	13
127	45
127	59
127	43
127	50
127	106
127	107
127	67
127	2
127	73
127	26
127	120
127	82
127	140
127	16
127	142
127	38
127	36
127	64
127	49
127	150
127	151
128	48
128	92
128	2
128	41
128	110
128	39
128	148
128	34
128	49
128	8
128	73
128	31
128	61
128	85
128	151
128	52
128	81
128	80
128	77
128	79
128	101
128	86
128	10
128	43
128	105
128	62
128	142
128	83
128	144
128	122
128	129
128	13
128	135
128	119
128	97
128	98
128	1
128	96
128	70
128	113
128	127
128	133
128	108
128	21
128	104
128	25
128	112
128	106
128	23
128	24
128	53
128	115
128	28
128	20
128	57
128	114
128	76
128	47
128	51
128	103
128	9
128	36
128	71
128	146
128	91
128	33
128	93
128	139
128	56
128	121
128	140
128	107
128	26
128	130
128	145
128	12
128	37
128	45
128	27
128	150
128	44
128	88
128	82
128	69
128	118
128	149
128	14
128	89
128	138
128	141
128	19
128	6
128	136
128	46
128	87
128	29
128	32
128	132
128	60
128	111
128	126
128	22
128	35
128	99
128	64
128	95
128	30
128	5
128	84
128	65
128	123
128	137
128	63
128	68
128	50
128	4
128	54
128	58
129	119
129	51
129	72
129	108
129	69
129	130
129	144
129	121
129	86
129	148
129	17
129	16
129	141
129	34
129	147
129	74
129	95
129	10
129	27
129	131
129	6
129	128
129	5
129	67
129	29
129	142
129	9
129	133
129	146
129	96
129	135
129	18
129	66
129	118
129	37
129	44
129	43
129	143
129	64
129	42
129	8
129	106
129	97
129	63
129	125
129	23
129	19
129	13
129	39
129	120
129	22
129	112
129	50
129	47
129	124
129	151
129	53
129	11
129	138
129	85
129	55
129	126
129	139
129	56
129	24
129	12
129	35
129	78
129	103
129	134
129	76
129	31
129	61
129	132
129	82
129	48
129	71
129	100
129	1
129	137
129	127
129	36
129	145
129	111
129	40
129	52
129	107
129	75
129	49
129	114
130	146
130	124
130	10
130	113
130	121
130	78
130	39
130	17
130	109
130	103
130	9
130	67
130	108
130	148
130	96
130	24
130	129
130	93
130	83
130	47
130	128
130	81
130	89
130	43
130	21
130	151
130	142
130	29
130	60
130	36
130	27
130	57
130	59
130	46
130	12
130	75
130	105
130	106
130	2
130	18
130	13
130	98
130	61
130	56
130	72
130	49
130	65
130	74
130	66
130	3
130	86
130	25
130	58
130	133
130	53
130	30
130	33
130	80
130	40
130	37
130	150
130	102
130	110
130	145
130	82
130	122
130	70
130	91
130	52
130	8
130	143
130	79
130	31
130	118
130	115
130	44
130	87
130	1
130	7
130	144
130	48
130	20
130	117
130	101
130	132
130	123
130	5
130	126
130	114
131	91
131	47
131	128
131	39
131	53
131	29
131	1
131	12
131	140
131	5
131	106
131	144
131	43
131	31
131	50
131	72
131	40
131	103
131	133
131	85
131	42
131	82
131	23
131	149
131	24
131	101
131	126
131	58
131	118
131	49
131	96
131	127
131	9
131	52
131	33
131	150
131	13
131	81
131	17
131	71
131	78
131	3
131	135
131	148
131	129
131	95
131	143
131	37
131	80
131	27
131	102
131	98
131	57
131	132
131	111
131	117
131	60
131	18
131	142
131	46
131	8
131	113
131	100
131	137
131	61
131	7
131	86
131	121
131	65
131	64
131	75
132	39
132	148
132	108
132	137
132	144
132	29
132	86
132	5
132	17
132	23
132	13
132	35
132	71
132	82
132	47
132	18
132	128
132	90
132	147
132	64
132	122
132	12
132	69
132	27
132	143
132	56
132	24
132	72
132	116
132	74
132	134
132	139
132	59
132	114
132	127
132	79
132	85
132	53
132	19
132	133
132	91
132	61
132	141
132	78
132	98
132	130
132	83
132	16
132	119
132	50
132	96
132	142
132	95
132	115
132	31
132	140
132	135
132	67
132	75
132	106
132	101
132	11
132	49
132	111
132	8
132	43
132	44
132	138
132	121
132	118
132	70
132	117
132	150
132	151
132	109
132	113
132	52
132	37
132	107
132	103
132	68
132	120
132	4
132	10
132	1
132	20
132	123
132	45
132	81
132	9
132	66
132	51
132	6
132	7
132	30
132	89
133	150
133	27
133	8
133	39
133	73
133	101
133	36
133	103
133	43
133	61
133	86
133	84
133	2
133	21
133	142
133	108
133	55
133	9
133	119
133	151
133	23
133	128
133	106
133	144
133	58
133	62
133	113
133	26
133	10
133	48
133	145
133	30
133	47
133	80
133	96
133	29
133	18
133	146
133	143
133	50
133	25
133	99
133	17
133	112
133	74
133	12
133	105
133	56
133	13
133	148
133	69
133	122
133	5
133	37
133	46
133	121
133	60
133	64
133	115
133	118
133	129
133	44
133	97
133	98
133	127
133	132
133	107
133	83
133	38
133	31
134	39
134	11
134	145
134	61
134	68
134	150
134	128
134	81
134	5
134	47
134	97
134	85
134	2
134	82
134	29
134	96
134	52
134	60
134	113
134	148
134	144
134	27
134	79
134	63
134	142
134	43
134	86
134	69
134	106
134	120
134	26
134	25
134	89
134	15
134	40
134	129
134	36
134	127
134	132
134	35
134	51
134	56
134	22
134	46
134	13
134	121
134	4
134	9
134	72
134	137
135	72
135	51
135	113
135	97
135	128
135	129
135	46
135	144
135	30
135	121
135	25
135	11
135	108
135	133
135	86
135	69
135	23
135	131
135	70
135	68
135	4
135	18
135	85
135	119
135	39
135	8
135	125
135	98
135	145
135	12
135	6
135	50
135	3
135	95
135	148
135	64
135	94
135	36
135	31
135	132
135	34
135	16
135	137
135	134
135	90
135	47
135	103
135	1
135	117
136	29
136	71
136	31
136	108
136	99
136	128
136	103
136	39
136	148
136	86
136	23
136	37
136	116
136	18
136	97
136	63
136	150
136	12
136	117
136	40
136	14
136	121
136	13
136	9
136	96
136	81
136	124
136	146
136	133
136	56
136	74
136	52
136	122
136	2
136	118
136	44
136	130
136	43
136	61
136	139
136	66
136	142
136	82
136	24
136	4
136	8
136	83
136	113
136	46
137	10
137	144
137	5
137	18
137	50
137	132
137	145
137	108
137	86
137	46
137	25
137	70
137	113
137	4
137	14
137	16
137	13
137	97
137	121
137	36
137	1
137	90
137	129
137	64
137	125
137	94
137	6
137	44
137	8
137	85
137	33
137	56
137	98
137	45
137	130
137	69
137	131
137	47
137	52
137	133
137	88
137	39
137	120
137	17
137	38
137	104
137	142
137	30
137	54
137	149
137	35
137	37
137	51
137	136
137	128
137	75
137	12
137	15
137	65
137	68
137	28
137	72
137	148
137	42
137	107
137	93
138	121
138	36
138	113
138	25
138	108
138	96
138	94
138	64
138	112
138	144
138	5
138	86
138	115
138	106
138	148
138	93
138	18
138	56
138	128
138	38
138	95
138	145
138	87
138	142
138	13
138	37
138	6
138	34
138	44
138	111
138	55
138	8
138	29
138	132
138	43
138	47
138	98
138	46
138	130
138	75
138	51
138	70
138	7
138	105
138	10
139	85
139	25
139	108
139	88
139	17
139	142
139	46
139	47
139	113
139	128
139	12
139	35
139	4
139	94
139	143
139	150
139	105
139	8
139	95
139	73
139	56
139	137
139	126
139	13
139	106
139	91
139	72
139	84
139	62
139	141
139	23
139	116
139	27
139	1
139	133
139	49
139	145
139	68
139	45
139	86
139	48
139	30
139	52
139	2
139	96
139	34
139	14
139	135
139	18
139	11
139	134
139	67
139	28
139	97
139	20
139	144
139	9
139	93
139	66
139	39
139	65
139	120
139	101
139	103
139	124
139	130
139	138
139	31
139	5
139	53
139	70
139	121
139	151
139	104
139	146
139	132
139	24
139	26
139	29
139	118
139	90
139	43
139	148
139	136
139	19
139	80
139	109
139	50
139	140
139	37
139	10
139	40
139	98
139	54
139	60
139	57
139	15
139	32
139	149
139	129
139	63
139	100
139	33
139	7
139	81
140	10
140	70
140	108
140	35
140	101
140	93
140	20
140	117
140	145
140	128
140	148
140	67
140	8
140	151
140	1
140	47
140	79
140	144
140	119
140	130
140	12
140	37
140	142
140	61
140	72
140	50
140	29
140	131
140	126
140	46
140	149
140	31
140	11
140	52
140	143
140	116
140	113
140	43
140	86
140	39
140	68
140	97
140	2
140	84
140	33
140	25
140	49
140	133
140	137
140	82
140	103
140	109
140	53
140	3
140	27
140	63
140	5
140	19
140	134
140	74
140	17
140	104
140	44
140	76
140	7
140	36
140	55
140	136
140	32
140	120
140	150
140	105
140	141
140	94
140	56
140	107
140	121
140	112
140	40
140	85
140	106
140	91
140	98
140	18
140	81
140	146
140	124
140	13
140	34
140	62
140	138
140	100
140	111
141	39
141	148
141	92
141	72
141	12
141	2
141	110
141	128
141	101
141	61
141	53
141	93
141	140
141	149
141	41
141	96
141	108
141	33
141	150
141	28
141	107
141	31
141	73
141	145
141	86
141	99
141	122
141	91
141	142
141	11
141	15
141	113
141	10
141	137
141	90
141	45
141	95
141	132
141	49
141	83
141	118
141	43
141	144
142	2
142	39
142	41
142	139
142	92
142	50
142	102
142	45
142	150
142	14
142	23
142	17
142	61
142	106
142	6
142	128
142	148
142	97
142	115
142	79
142	28
142	93
142	84
142	113
142	44
142	86
142	85
142	27
142	99
142	110
142	40
142	47
142	43
142	120
142	105
142	72
142	54
142	103
142	65
142	118
142	98
142	90
142	71
142	81
142	132
142	129
142	108
142	144
142	29
142	69
142	83
142	21
142	114
142	96
142	36
142	13
142	145
142	35
143	56
143	1
143	85
143	9
143	47
143	142
143	27
143	25
143	128
143	97
143	32
143	132
143	60
143	43
143	148
143	31
143	108
143	13
143	151
143	122
143	133
143	135
143	20
143	141
143	39
143	29
143	14
143	145
143	83
143	103
143	66
143	74
143	110
143	88
143	8
143	111
143	82
143	10
143	106
143	114
144	108
144	43
144	72
144	51
144	32
144	12
144	145
144	129
144	148
144	86
144	31
144	25
144	37
144	61
144	142
144	97
144	113
144	49
144	135
144	47
144	53
144	130
144	149
144	39
144	6
144	128
144	11
144	17
144	70
144	66
144	50
144	96
144	33
144	131
144	35
144	109
144	56
144	118
144	121
144	45
144	29
144	104
144	141
144	98
144	137
144	82
144	68
144	23
144	34
144	85
144	69
144	13
144	63
144	132
144	140
144	48
144	151
144	120
144	27
144	64
144	90
144	106
144	119
144	150
144	18
144	95
144	44
144	8
144	122
144	16
144	107
144	133
144	125
144	24
144	91
144	26
144	46
144	139
144	57
144	36
144	19
144	52
144	73
144	9
144	4
144	116
144	42
144	58
144	3
144	76
144	110
144	94
144	1
144	87
144	20
144	127
144	124
144	147
144	105
144	65
144	21
144	134
144	117
144	101
144	80
144	79
144	10
144	143
144	102
144	2
144	38
144	7
144	14
144	111
144	41
144	40
144	103
144	81
144	138
144	100
144	136
144	28
144	83
144	30
144	92
144	15
144	93
144	54
144	60
144	74
144	126
145	108
145	144
145	137
145	129
145	5
145	39
145	97
145	6
145	91
145	25
145	35
145	121
145	119
145	64
145	46
145	103
145	86
145	149
145	99
145	147
145	75
145	38
145	94
145	11
145	2
145	9
145	57
145	12
145	69
145	8
145	37
145	148
145	125
145	128
145	13
145	73
145	59
145	95
145	116
145	54
145	16
145	23
145	85
145	72
145	67
145	126
145	130
145	61
145	131
145	18
145	10
145	146
145	28
145	133
145	32
145	141
145	124
145	66
145	98
145	113
145	78
145	70
145	63
145	43
145	47
145	34
145	122
145	50
145	82
145	1
145	44
145	65
145	24
145	26
145	7
145	48
145	33
145	74
145	117
145	101
145	142
145	20
145	40
145	27
145	96
145	53
145	134
145	89
145	106
145	29
145	139
145	19
145	45
145	58
145	21
145	120
145	110
145	118
145	76
145	140
145	143
145	71
145	127
145	151
145	42
145	90
145	115
145	60
145	31
145	111
145	14
145	100
145	51
145	52
145	123
145	150
146	108
146	17
146	112
146	1
146	24
146	43
146	96
146	142
146	144
146	39
146	128
146	9
146	94
146	148
146	65
146	61
146	32
146	118
146	97
146	23
146	27
146	28
146	29
146	122
146	10
146	82
146	80
146	31
146	73
146	26
146	149
146	133
146	8
146	89
146	136
146	151
146	55
146	81
146	18
146	86
146	103
146	47
146	106
146	104
146	101
146	46
146	116
146	143
146	13
146	110
146	48
146	40
146	139
146	91
146	127
146	2
146	126
146	135
146	49
146	98
146	16
146	150
146	99
146	58
146	121
146	87
146	56
146	75
146	42
146	84
146	45
146	37
146	25
147	13
147	37
147	128
147	35
147	39
147	148
147	122
147	59
147	54
147	27
147	96
147	1
147	42
147	104
147	142
147	109
147	74
147	44
147	24
147	101
147	79
147	28
147	47
147	43
147	112
147	103
147	17
147	21
147	29
147	106
147	8
147	18
147	113
147	72
147	2
147	31
147	36
147	141
147	91
147	60
147	110
147	82
147	118
147	55
147	40
147	133
147	132
147	67
147	66
147	121
147	86
147	48
147	10
147	30
147	98
147	56
147	105
147	76
147	85
147	150
147	151
147	5
147	26
147	95
147	92
148	108
148	64
148	94
148	86
148	85
148	25
148	119
148	23
148	113
148	97
148	50
148	18
148	16
148	131
148	70
148	46
148	147
148	6
148	145
148	69
148	121
148	129
148	128
148	29
148	125
148	103
148	36
148	33
148	43
148	130
148	58
148	47
148	112
148	51
148	37
148	151
148	120
148	133
148	45
148	4
148	30
148	134
148	17
148	88
148	98
148	104
148	56
148	72
148	68
148	132
148	60
148	13
148	28
148	24
148	39
148	126
148	44
148	127
148	142
148	34
148	96
148	101
148	40
148	61
148	52
148	84
148	12
148	8
148	90
148	21
148	48
148	35
148	106
148	26
148	82
148	116
148	42
148	140
148	3
148	10
148	53
148	2
148	138
148	9
148	1
148	55
148	38
148	79
148	7
148	11
148	110
148	136
148	91
148	73
148	77
148	81
148	89
148	27
148	141
148	99
148	143
148	31
148	118
148	83
148	123
148	150
148	95
148	22
148	144
148	65
148	78
148	100
148	149
148	117
148	111
148	15
148	107
148	122
148	92
148	32
148	87
148	71
148	137
148	19
149	39
149	36
149	20
149	57
149	29
149	61
149	108
149	121
149	8
149	25
149	122
149	11
149	130
149	13
149	43
149	85
149	118
149	131
149	51
149	50
149	91
149	52
149	148
149	64
149	96
149	42
149	24
149	142
149	128
149	113
149	40
149	53
149	144
149	65
149	145
149	98
149	141
149	60
149	119
149	151
149	138
149	58
149	107
149	55
149	126
149	135
149	86
149	71
149	139
149	105
149	44
149	27
149	133
149	129
149	38
149	115
149	100
149	19
150	108
150	18
150	113
150	97
150	129
150	145
150	25
150	50
150	46
150	58
150	52
150	23
150	30
150	16
150	68
150	35
150	39
150	4
150	38
150	142
150	43
150	98
150	125
150	147
150	144
150	90
150	128
150	54
150	132
150	91
150	69
150	64
150	86
150	111
150	130
150	131
150	37
150	94
150	12
150	121
150	135
150	31
150	36
150	106
150	96
150	49
150	81
150	6
150	2
150	13
150	8
150	70
150	87
150	104
150	15
150	29
150	7
150	5
150	45
150	136
150	75
151	127
151	110
151	132
151	28
151	45
151	93
151	2
151	65
151	39
151	108
151	92
151	122
151	41
151	128
151	139
151	81
151	61
151	142
151	43
151	56
151	144
151	37
151	36
151	31
151	105
151	97
151	148
151	113
151	123
151	9
151	17
151	107
151	32
151	111
