1	18
1	148
1	55
1	129
1	70
1	75
1	145
1	25
1	93
1	27
1	139
1	103
1	89
1	136
1	108
1	64
1	88
1	54
1	77
1	33
1	99
1	2
1	115
1	132
1	32
1	56
1	63
1	152
1	80
1	3
1	49
1	83
1	90
1	87
1	111
1	122
1	69
1	46
1	147
1	35
1	137
1	66
1	68
1	14
1	156
1	153
1	106
1	72
1	155
1	142
1	130
2	79
2	123
2	45
2	114
2	81
2	93
2	98
2	30
2	78
2	22
2	61
2	94
2	7
2	63
2	83
2	70
2	106
2	65
2	53
2	47
2	133
2	135
2	138
2	64
2	49
2	128
2	126
2	155
2	34
2	91
2	57
2	152
2	73
2	134
2	87
2	147
2	77
2	102
2	6
2	145
3	92
3	54
3	83
3	108
3	106
3	47
3	119
3	148
3	37
3	25
3	40
3	65
3	89
3	52
3	13
3	69
3	140
3	142
3	152
3	77
3	32
3	34
3	156
3	134
3	113
3	87
3	72
3	97
3	157
3	51
3	109
3	153
3	75
3	64
3	145
3	85
3	100
3	22
3	125
3	24
3	96
3	121
3	35
3	99
3	130
3	70
3	38
3	139
3	111
3	112
3	30
3	136
3	129
3	88
3	82
3	122
3	146
3	101
3	7
3	48
3	135
3	58
3	53
3	91
3	76
3	29
3	6
3	28
3	62
3	56
3	137
3	149
3	132
3	128
3	12
3	41
3	55
3	16
3	118
3	93
3	124
3	2
3	133
3	143
3	33
3	21
3	90
3	49
3	103
3	15
3	17
3	57
4	145
4	52
4	54
4	56
4	104
4	136
4	27
4	90
4	93
4	156
4	128
4	32
4	103
4	155
4	77
4	43
4	113
4	33
4	28
4	111
4	15
4	139
4	46
4	146
4	49
4	64
4	76
4	55
4	34
4	127
4	25
4	134
4	13
4	72
4	132
4	122
4	108
4	84
4	51
4	110
4	142
4	18
4	88
4	40
4	115
4	143
4	42
4	41
4	2
4	121
4	109
4	147
4	16
4	82
4	39
4	19
5	29
5	7
5	54
5	114
5	142
5	2
5	55
5	41
5	111
5	8
5	124
5	115
5	109
5	69
5	153
5	47
5	65
5	76
5	94
5	58
5	22
5	53
5	52
5	13
5	139
5	49
5	77
5	40
5	14
5	88
5	72
5	127
5	24
5	102
5	122
5	82
5	136
5	57
5	33
5	133
5	151
5	34
5	157
5	130
5	152
5	36
5	25
5	16
5	44
5	145
5	118
5	107
5	116
5	150
5	46
5	39
5	42
6	139
6	142
6	54
6	56
6	52
6	7
6	65
6	135
6	153
6	146
6	109
6	130
6	55
6	34
6	40
6	151
6	29
6	145
6	47
6	133
6	124
6	41
6	2
6	92
6	50
6	110
6	49
6	77
6	111
6	4
6	62
6	38
6	104
6	149
6	36
6	113
6	89
6	136
6	93
6	121
6	51
6	143
6	14
6	152
6	137
6	70
6	60
6	8
6	157
6	68
6	100
6	30
6	69
7	93
7	120
7	54
7	156
7	56
7	29
7	139
7	33
7	88
7	90
7	155
7	148
7	77
7	115
7	124
7	132
7	44
7	149
7	32
7	25
7	106
7	65
7	21
7	69
7	103
7	122
7	34
7	27
7	49
7	109
7	13
7	37
7	136
7	55
7	2
7	61
7	91
7	94
7	28
7	121
7	87
7	8
7	89
7	108
7	137
7	96
7	101
7	100
7	46
7	145
7	134
7	57
7	130
7	86
7	43
7	153
7	82
7	14
7	75
7	53
7	79
7	38
7	19
7	114
7	3
7	52
7	6
7	64
7	41
7	66
7	98
7	99
7	40
7	83
7	47
7	31
7	59
7	63
7	133
7	15
7	117
7	45
7	104
7	146
7	142
7	10
7	48
7	68
7	62
7	129
7	151
7	70
7	74
7	131
7	67
7	18
7	72
7	76
7	118
7	22
7	30
7	36
8	70
8	133
8	73
8	142
8	78
8	17
8	144
8	53
8	93
8	126
8	22
8	94
8	63
8	82
8	65
8	61
8	54
8	138
8	16
8	47
8	83
8	91
8	114
8	81
8	152
8	130
8	108
8	106
8	77
8	120
8	146
8	5
8	34
8	58
8	155
8	111
8	74
8	43
8	32
8	40
8	145
8	109
8	100
8	92
8	69
8	89
9	93
9	64
9	56
9	134
9	37
9	49
9	108
9	128
9	33
9	142
9	88
9	65
9	155
9	132
9	145
9	34
9	6
9	156
9	91
9	28
9	46
9	136
9	125
9	2
9	43
9	104
9	11
9	21
9	116
9	35
9	54
9	139
9	40
9	25
9	47
9	18
9	58
9	41
9	122
9	143
9	55
9	32
9	115
9	141
9	146
9	7
9	57
9	111
9	90
9	124
9	89
9	52
9	103
9	17
9	82
9	110
9	100
9	99
10	83
10	142
10	65
10	34
10	150
10	54
10	86
10	108
10	112
10	40
10	47
10	115
10	21
10	77
10	69
10	152
10	145
10	58
10	8
10	111
10	90
10	155
10	49
10	139
10	87
10	137
10	136
10	101
10	33
10	7
10	109
10	70
10	91
10	143
10	132
10	15
10	18
10	64
10	156
10	124
10	93
10	6
10	52
10	72
10	128
10	135
10	57
10	32
10	103
10	24
10	157
10	68
10	151
10	35
10	148
10	37
10	127
10	147
10	25
10	28
10	44
10	42
10	62
10	88
10	149
10	82
10	60
10	118
10	107
10	76
11	152
11	145
11	40
11	47
11	34
11	104
11	35
11	37
11	14
11	52
11	55
11	27
11	142
11	13
11	108
11	77
11	97
11	155
11	132
11	136
11	56
11	69
11	57
11	72
11	65
11	137
11	91
11	139
11	107
11	146
11	8
11	28
11	89
11	88
11	46
11	103
11	2
11	20
11	39
11	121
11	60
11	54
11	50
11	86
11	87
11	7
11	96
11	66
11	151
11	109
11	15
11	29
11	122
11	111
11	90
11	115
11	62
11	25
11	32
11	43
11	101
11	134
11	140
11	148
11	83
11	12
11	19
11	16
11	112
11	130
11	150
11	1
11	98
11	24
11	147
11	120
11	124
11	44
11	149
11	82
11	38
11	21
11	49
11	100
11	106
11	156
11	93
11	141
11	58
11	125
11	76
11	33
11	74
11	6
11	42
11	64
11	51
11	118
11	3
11	92
11	129
11	26
11	135
11	128
11	119
11	127
11	157
11	48
11	41
11	153
11	85
12	139
12	142
12	49
12	40
12	27
12	107
12	32
12	122
12	20
12	19
12	136
12	54
12	25
12	46
12	103
12	88
12	82
12	47
12	153
12	106
12	80
12	115
12	3
12	148
12	43
12	65
12	129
12	89
12	2
12	34
12	28
12	121
12	108
12	150
12	64
12	41
12	29
12	11
12	58
12	68
12	44
12	42
12	144
12	120
13	155
13	99
13	54
13	128
13	108
13	83
13	32
13	47
13	37
13	142
13	145
13	34
13	64
13	65
13	101
13	124
13	148
13	6
13	106
13	89
13	139
13	134
13	129
13	140
13	88
13	103
13	132
13	3
13	77
13	84
13	130
13	28
13	29
13	7
13	76
13	151
13	16
13	26
13	96
13	111
13	2
13	8
13	93
13	68
13	118
13	135
13	69
13	136
13	152
14	88
14	87
14	154
14	2
14	96
14	136
14	93
14	25
14	46
14	44
14	115
14	26
14	103
14	122
14	66
14	41
14	54
14	86
14	120
14	82
14	34
14	77
14	69
14	89
14	109
14	55
14	49
14	50
14	29
14	56
14	48
14	139
14	43
14	11
14	23
14	107
14	3
14	47
14	153
14	133
14	52
14	105
14	73
15	88
15	115
15	109
15	65
15	96
15	116
15	49
15	7
15	47
15	91
15	8
15	62
15	54
15	55
15	149
15	48
15	86
15	122
15	58
15	2
15	124
15	29
15	16
15	93
15	72
15	87
15	143
15	103
15	112
15	157
15	52
15	77
15	34
15	40
15	41
15	69
15	139
15	118
15	66
15	145
15	74
15	121
15	67
15	137
15	43
15	130
15	12
15	60
16	142
16	54
16	115
16	139
16	104
16	23
16	38
16	122
16	41
16	34
16	99
16	88
16	77
16	1
16	29
16	131
16	145
16	47
16	72
16	2
16	5
16	146
16	58
16	65
16	120
16	112
16	44
16	52
16	55
16	59
16	103
16	3
16	89
16	124
16	111
16	49
16	127
16	28
16	132
16	96
16	82
16	153
16	154
16	105
16	109
16	19
16	46
16	69
17	73
17	57
17	142
17	152
17	133
17	114
17	44
17	40
17	33
17	19
17	49
17	144
17	47
17	111
17	101
17	52
17	136
17	65
17	109
17	34
17	63
17	99
17	108
17	54
17	134
17	69
17	132
17	89
17	77
17	53
17	148
17	139
17	126
17	32
17	64
17	135
17	156
17	87
17	7
17	130
17	61
17	62
17	97
17	143
17	145
17	55
17	91
17	129
17	88
17	140
17	75
17	58
17	46
17	21
17	37
17	16
17	85
17	150
17	141
17	3
17	68
17	118
17	117
17	41
17	2
17	90
17	151
17	22
17	112
17	25
17	5
17	50
17	128
17	93
17	12
17	155
17	36
17	124
17	96
17	29
17	157
17	35
17	18
18	42
18	34
18	14
18	144
18	100
18	121
18	29
18	124
18	51
18	62
18	58
18	7
18	103
18	67
18	93
18	133
18	142
18	31
18	131
18	50
18	53
18	25
18	48
18	70
18	109
18	8
18	135
18	126
18	157
18	47
18	43
18	65
18	55
18	52
18	137
18	149
18	66
18	120
18	130
18	61
18	54
18	21
18	118
18	146
18	138
19	97
19	148
19	72
19	108
19	115
19	47
19	37
19	136
19	111
19	34
19	140
19	91
19	49
19	104
19	77
19	119
19	88
19	54
19	156
19	89
19	52
19	32
19	65
19	106
19	101
19	56
19	28
19	118
19	38
19	16
19	130
19	20
19	55
19	50
19	74
19	82
19	48
19	134
19	66
19	69
19	8
19	145
19	142
19	43
19	35
19	7
19	127
19	109
19	40
19	132
19	100
19	21
19	86
19	146
19	133
19	99
19	30
19	33
19	90
19	87
19	29
19	64
19	157
19	1
19	152
19	137
19	85
19	139
19	84
19	125
19	75
20	54
20	96
20	35
20	52
20	142
20	47
20	140
20	128
20	2
20	97
20	69
20	108
20	65
20	34
20	111
20	13
20	125
20	89
20	72
20	109
20	14
20	91
20	115
20	40
20	121
20	39
20	28
20	150
20	119
20	7
20	88
20	147
20	77
20	32
20	113
20	151
20	101
20	37
20	43
20	132
20	135
20	129
20	50
20	25
20	156
20	145
20	122
20	148
20	134
20	19
20	8
20	107
21	145
21	115
21	25
21	156
21	147
21	139
21	56
21	46
21	155
21	71
21	93
21	64
21	49
21	54
21	108
21	33
21	32
21	84
21	136
21	103
21	88
21	34
21	65
21	124
21	55
21	153
21	120
21	132
21	29
21	89
21	77
21	2
21	43
21	60
21	18
21	40
21	90
21	112
21	111
21	15
21	28
21	13
21	113
21	87
21	52
21	157
21	122
21	75
21	14
21	107
21	146
21	99
21	11
21	135
21	80
21	86
21	41
21	91
21	57
21	69
21	44
21	5
21	62
21	70
21	109
21	142
21	24
21	104
21	137
21	150
21	148
21	47
21	7
21	66
21	117
21	3
21	149
21	106
21	76
21	82
21	144
21	37
21	8
21	38
21	22
21	130
22	47
22	34
22	77
22	65
22	8
22	142
22	26
22	135
22	40
22	49
22	2
22	124
22	71
22	85
22	109
22	155
22	52
22	72
22	69
22	27
22	41
22	97
22	137
22	151
22	145
22	55
22	33
22	44
22	111
22	139
22	56
22	121
22	104
22	32
22	16
22	80
22	14
22	3
22	117
22	132
22	91
22	87
22	7
22	156
22	54
22	89
22	75
22	153
22	148
22	53
22	134
22	100
22	136
22	12
22	21
22	31
22	99
22	15
22	86
22	108
22	118
22	88
22	152
22	62
22	129
22	25
22	84
22	90
22	64
22	17
22	130
22	60
22	57
22	36
22	68
23	74
23	34
23	47
23	52
23	21
23	145
23	49
23	137
23	17
23	51
23	46
23	64
23	124
23	114
23	152
23	89
23	109
23	69
23	54
23	93
23	15
23	25
23	136
23	130
23	29
23	87
23	4
23	40
23	77
23	121
23	7
23	118
23	88
23	65
23	97
23	115
23	72
23	142
23	104
23	9
23	135
23	16
23	2
23	22
23	66
23	82
23	147
23	122
23	143
23	33
23	139
23	146
23	155
23	55
23	86
23	10
23	117
23	24
23	41
23	112
23	108
23	56
23	132
23	91
23	141
23	62
23	60
23	120
23	75
23	103
23	13
23	57
23	157
23	43
23	156
23	107
23	90
23	134
23	12
23	14
23	6
23	58
23	61
23	128
23	127
23	84
23	31
23	150
23	50
23	111
23	116
23	113
24	33
24	32
24	155
24	135
24	15
24	89
24	132
24	117
24	7
24	99
24	139
24	108
24	146
24	65
24	148
24	52
24	128
24	156
24	64
24	14
24	18
24	90
24	47
24	77
24	75
24	58
24	145
24	34
24	69
24	39
24	88
24	115
24	62
24	50
24	54
24	57
24	106
24	5
25	32
25	86
25	47
25	2
25	64
25	145
25	40
25	108
25	49
25	136
25	89
25	77
25	121
25	65
25	137
25	99
25	143
25	88
25	139
25	149
25	54
25	29
25	20
25	33
25	122
25	103
25	130
25	109
25	115
25	72
25	52
25	135
25	111
25	7
25	142
25	131
25	92
25	34
25	4
25	124
25	17
25	38
25	100
25	41
25	14
25	21
25	144
25	104
25	74
25	93
25	152
25	28
25	51
25	62
25	85
25	91
25	69
25	82
25	55
25	96
25	24
25	87
25	22
25	43
25	146
25	48
25	26
25	16
25	150
25	113
25	58
25	61
25	118
26	66
26	54
26	43
26	136
26	97
26	33
26	89
26	129
26	52
26	47
26	29
26	77
26	101
26	109
26	17
26	18
26	34
26	65
26	135
26	82
26	115
26	1
26	139
26	7
26	113
26	42
26	155
26	72
26	88
26	124
26	147
26	121
26	117
26	56
26	41
26	64
26	58
26	15
26	142
26	28
26	108
26	75
26	128
26	13
26	21
26	61
26	90
26	114
26	118
26	69
26	24
26	37
26	32
26	134
26	132
26	116
26	57
27	97
27	71
27	47
27	58
27	86
27	134
27	65
27	77
27	42
27	132
27	106
27	73
27	16
27	108
27	32
27	89
27	129
27	83
27	28
27	130
27	119
27	118
27	156
27	34
27	136
27	66
27	148
27	152
27	76
27	69
27	37
27	100
27	93
27	147
27	41
27	142
27	109
27	101
27	104
27	82
27	54
27	43
27	88
27	155
27	121
27	122
27	99
27	2
27	52
27	60
27	84
27	125
27	22
27	145
27	7
27	139
27	128
27	55
27	140
28	37
28	119
28	101
28	125
28	148
28	54
28	155
28	47
28	139
28	31
28	137
28	132
28	128
28	149
28	156
28	134
28	40
28	34
28	77
28	75
28	129
28	115
28	136
28	24
28	124
28	106
28	72
28	122
28	52
28	65
28	109
28	97
28	88
28	117
28	35
28	121
28	25
28	57
28	141
28	2
28	82
28	147
28	87
28	21
28	8
28	55
28	39
28	6
28	58
28	96
28	152
28	42
28	7
28	145
29	5
29	126
29	133
29	22
29	81
29	93
29	138
29	65
29	30
29	94
29	47
29	73
29	17
29	114
29	89
29	53
29	34
29	63
29	52
29	115
29	111
29	40
29	77
29	152
29	109
29	107
29	142
29	41
29	83
29	78
29	151
29	54
29	155
29	7
29	62
29	120
29	121
29	70
29	14
29	33
29	157
29	118
29	8
29	69
29	32
29	68
29	108
29	149
29	26
29	145
30	65
30	103
30	132
30	32
30	140
30	109
30	24
30	148
30	71
30	40
30	136
30	124
30	41
30	152
30	19
30	137
30	52
30	62
30	2
30	47
30	142
30	89
30	3
30	76
30	34
30	145
30	84
30	8
30	150
30	21
30	110
30	74
30	108
30	143
30	97
30	77
30	128
30	155
30	101
30	7
30	54
30	64
30	51
30	14
30	53
30	75
30	29
30	117
30	69
30	129
30	106
30	91
30	118
30	67
30	135
30	38
30	151
30	25
30	22
30	60
30	139
30	58
30	72
30	57
30	61
30	68
30	93
31	28
31	65
31	77
31	152
31	72
31	156
31	132
31	108
31	137
31	142
31	8
31	58
31	135
31	33
31	16
31	139
31	32
31	34
31	112
31	12
31	128
31	106
31	49
31	109
31	15
31	18
31	64
31	41
31	50
31	47
31	145
31	42
31	155
31	90
31	147
31	141
31	118
31	150
31	52
31	115
31	54
31	111
31	143
31	14
31	7
31	62
31	91
31	40
31	157
32	34
32	119
32	148
32	37
32	134
32	132
32	156
32	125
32	29
32	77
32	47
32	7
32	12
32	101
32	139
32	145
32	52
32	55
32	115
32	35
32	54
32	155
32	6
32	40
32	152
32	147
32	69
32	128
32	151
32	2
32	15
32	65
32	137
32	89
32	84
32	124
32	109
32	142
32	129
32	49
32	112
32	87
32	122
32	88
32	66
32	72
32	106
32	70
32	135
32	83
32	56
32	21
32	97
32	140
32	75
32	39
32	117
32	82
32	57
32	96
32	136
32	63
32	118
32	113
32	127
32	141
32	91
32	44
33	37
33	121
33	72
33	139
33	156
33	65
33	142
33	89
33	34
33	22
33	8
33	132
33	47
33	77
33	101
33	69
33	62
33	25
33	40
33	134
33	128
33	51
33	137
33	39
33	115
33	96
33	130
33	91
33	38
33	57
33	127
33	6
33	117
33	50
33	7
33	2
33	148
33	58
33	111
33	152
33	88
33	149
33	70
33	35
33	155
33	49
33	80
33	147
33	52
33	97
33	86
33	151
33	42
33	56
33	15
33	104
33	54
33	135
33	74
33	109
33	143
33	41
33	145
33	157
33	43
33	141
33	16
33	64
33	85
33	55
33	119
33	10
33	14
33	75
33	113
33	118
33	29
34	54
34	29
34	49
34	55
34	139
34	43
34	142
34	63
34	66
34	146
34	122
34	87
34	96
34	82
34	153
34	115
34	154
34	95
34	88
34	77
34	103
34	86
34	41
34	124
34	2
34	114
34	98
34	150
34	113
34	89
34	26
34	45
34	11
34	91
34	123
34	27
34	23
34	100
34	46
34	71
34	83
34	31
34	1
34	128
34	65
34	73
34	121
34	144
34	81
34	108
34	152
34	62
34	59
34	47
34	40
34	105
34	56
34	93
34	80
34	18
34	52
34	107
34	3
34	112
34	126
34	13
34	16
34	145
34	24
34	109
34	102
34	138
34	44
34	120
34	22
34	21
34	69
34	8
34	68
34	72
34	35
34	118
34	32
34	19
34	7
34	157
35	88
35	47
35	48
35	115
35	67
35	16
35	77
35	40
35	62
35	135
35	122
35	109
35	65
35	27
35	66
35	69
35	19
35	34
35	52
35	50
35	70
35	58
35	51
35	120
35	60
35	145
35	157
35	92
35	87
35	139
35	55
35	20
35	54
35	8
35	86
35	103
35	152
35	41
35	7
35	74
35	29
35	130
35	99
35	72
35	124
35	111
36	47
36	37
36	113
36	139
36	69
36	55
36	42
36	34
36	110
36	58
36	70
36	89
36	112
36	64
36	131
36	65
36	93
36	107
36	145
36	122
36	77
36	40
36	29
36	146
36	7
36	38
36	142
36	54
36	132
36	109
36	33
36	52
36	11
36	124
36	111
36	96
36	136
36	62
36	153
36	49
36	82
36	137
36	80
36	150
36	156
36	12
36	72
36	53
36	121
36	98
36	2
36	31
36	88
36	19
36	130
36	143
36	135
36	14
36	134
36	10
36	56
36	9
36	74
36	8
36	152
36	41
36	60
36	44
36	28
36	57
36	91
36	157
36	151
36	128
36	13
36	68
36	61
36	46
36	43
36	155
36	118
36	50
37	93
37	54
37	77
37	142
37	139
37	152
37	156
37	145
37	56
37	52
37	136
37	130
37	25
37	65
37	61
37	4
37	49
37	34
37	96
37	150
37	143
37	21
37	66
37	71
37	22
37	114
37	55
37	24
37	2
37	75
37	104
37	112
37	70
37	146
37	13
37	41
37	109
37	69
37	58
37	9
37	46
37	11
37	27
37	6
37	105
37	89
37	47
37	19
37	155
37	113
37	100
37	111
37	38
37	74
37	57
37	51
37	135
37	115
37	131
37	91
37	8
37	85
37	31
37	127
37	80
37	141
37	82
37	3
37	148
37	33
37	44
37	90
37	124
37	16
37	88
37	86
37	29
37	132
37	108
37	83
37	26
37	40
37	129
37	133
37	43
37	72
37	92
37	30
37	68
37	87
37	64
37	7
37	157
37	144
37	28
37	120
37	79
37	1
37	137
37	32
37	107
37	147
37	48
37	116
37	53
38	65
38	34
38	69
38	77
38	54
38	40
38	90
38	142
38	7
38	19
38	47
38	152
38	145
38	156
38	155
38	55
38	52
38	50
38	109
38	87
38	33
38	62
38	131
38	51
38	130
38	137
38	96
38	56
38	110
38	112
38	111
38	72
38	118
38	46
38	115
38	14
38	124
38	108
38	17
38	29
38	132
38	91
38	8
38	146
38	88
38	103
38	18
38	64
38	41
38	139
38	58
38	107
38	2
38	147
38	100
38	128
38	135
38	44
38	75
38	157
38	127
38	151
39	124
39	58
39	7
39	2
39	111
39	65
39	15
39	109
39	10
39	115
39	47
39	54
39	34
39	136
39	152
39	60
39	86
39	122
39	52
39	69
39	139
39	72
39	87
39	88
39	77
39	127
39	141
39	51
39	137
39	121
39	29
39	41
39	145
39	96
39	66
39	135
39	40
39	14
39	55
39	94
40	153
40	54
40	55
40	93
40	115
40	139
40	49
40	103
40	46
40	82
40	122
40	2
40	41
40	87
40	88
40	44
40	146
40	142
40	96
40	47
40	107
40	100
40	149
40	71
40	29
40	27
40	150
40	86
40	19
40	124
40	123
40	43
40	79
40	20
40	56
40	89
40	113
40	11
40	45
40	69
40	138
40	65
40	144
40	51
40	52
40	120
40	105
40	77
40	66
40	24
40	80
40	3
40	70
40	95
40	78
40	83
40	152
40	98
40	59
40	34
40	64
40	48
40	8
40	109
40	128
40	10
40	68
40	31
40	9
40	32
40	13
40	58
40	145
40	137
40	16
41	98
41	61
41	114
41	78
41	79
41	45
41	22
41	123
41	94
41	30
41	93
41	63
41	104
41	34
41	138
41	81
41	83
41	102
41	126
41	47
41	62
41	70
41	142
41	53
41	82
41	155
41	5
41	156
41	14
41	55
41	139
41	109
41	106
41	73
41	74
41	8
41	89
41	75
42	69
42	108
42	47
42	55
42	121
42	54
42	88
42	29
42	135
42	52
42	77
42	1
42	34
42	124
42	134
42	40
42	66
42	79
42	139
42	87
42	91
42	27
42	109
42	136
42	35
42	64
42	89
42	62
42	50
42	65
42	110
42	51
42	82
42	112
42	33
42	90
42	7
42	129
42	16
42	152
42	118
42	142
42	130
42	17
42	75
42	58
42	119
42	80
42	115
42	145
42	3
42	32
42	122
42	49
42	137
42	53
42	147
42	41
42	156
42	148
42	25
42	56
42	72
42	133
42	128
42	83
42	14
42	43
42	13
42	28
42	37
42	157
42	76
42	39
42	18
43	139
43	55
43	65
43	2
43	45
43	41
43	153
43	121
43	79
43	102
43	54
43	59
43	47
43	98
43	7
43	72
43	108
43	142
44	33
44	47
44	152
44	14
44	145
44	66
44	71
44	135
44	139
44	9
44	69
44	115
44	142
44	65
44	111
44	83
44	29
44	32
44	137
44	25
44	109
44	34
44	7
44	54
44	118
44	77
44	151
44	141
44	91
44	99
44	75
44	130
44	48
44	88
44	56
44	87
44	89
44	38
44	16
44	85
44	28
44	72
44	153
44	52
44	82
44	21
44	2
44	103
44	150
44	24
44	104
44	112
44	97
44	41
44	12
44	132
44	40
44	147
44	55
44	122
44	18
44	143
44	60
44	94
44	26
44	49
44	96
44	6
44	4
44	121
44	22
44	155
44	68
44	156
44	93
44	140
44	157
44	146
44	51
44	108
44	74
44	116
45	129
45	47
45	74
45	34
45	60
45	77
45	91
45	137
45	29
45	43
45	65
45	155
45	87
45	52
45	135
45	124
45	142
45	153
45	28
45	88
45	75
45	109
45	82
45	115
45	107
45	112
45	145
45	54
45	127
45	16
45	21
45	130
45	152
45	7
45	8
45	97
45	156
45	49
45	50
45	136
45	33
45	14
45	1
45	51
45	99
45	76
45	83
45	106
45	108
45	72
45	79
45	12
45	96
45	132
45	134
45	90
45	89
45	6
45	128
45	25
45	104
45	40
45	2
45	56
45	139
45	42
45	146
45	121
45	103
45	118
45	100
45	120
45	92
45	85
45	140
45	4
45	151
45	69
45	5
45	41
45	15
45	111
45	24
45	157
45	122
45	55
45	117
45	147
45	143
45	18
45	62
45	57
45	39
45	13
45	131
45	37
45	32
45	101
46	40
46	87
46	47
46	52
46	142
46	128
46	77
46	124
46	66
46	103
46	115
46	64
46	135
46	54
46	145
46	109
46	21
46	13
46	28
46	88
46	90
46	121
46	156
46	6
46	29
46	136
46	34
46	69
46	89
46	152
46	50
46	107
46	41
46	7
46	113
46	139
46	65
46	108
46	151
46	111
46	143
46	131
46	73
46	112
46	49
46	56
46	72
46	26
46	62
46	137
46	133
46	146
46	132
46	91
46	42
46	16
46	55
46	43
46	118
46	127
46	97
46	32
46	74
46	130
46	100
46	8
46	67
46	24
46	147
46	150
46	51
46	122
46	31
46	57
46	96
46	60
46	4
46	155
46	48
46	58
46	84
46	12
46	75
46	25
46	104
46	93
46	157
46	82
46	14
46	38
46	76
46	141
46	116
46	18
46	114
46	30
46	149
46	1
47	139
47	54
47	134
47	77
47	109
47	88
47	34
47	142
47	43
47	115
47	121
47	79
47	28
47	87
47	82
47	156
47	65
47	8
47	89
47	56
47	96
47	12
47	108
47	39
47	55
47	145
47	130
47	49
47	35
47	32
47	136
47	14
47	25
47	69
47	124
47	33
47	119
47	64
47	153
47	37
47	40
47	52
47	120
47	127
47	46
47	6
47	122
47	125
47	104
47	42
47	74
47	2
47	41
47	86
47	21
47	29
47	93
47	113
47	90
47	140
47	13
47	155
47	91
47	7
47	66
47	63
47	141
47	71
47	44
47	103
47	22
47	83
47	51
47	128
47	85
47	132
47	152
47	76
47	99
47	27
47	105
47	75
47	62
47	31
47	129
47	50
47	157
47	111
47	149
47	4
47	80
47	144
47	19
47	20
47	106
47	38
47	92
47	60
47	72
47	97
47	147
47	117
47	112
47	18
47	84
47	15
47	58
47	131
47	48
47	110
47	148
47	16
47	61
47	70
47	57
47	146
47	114
47	150
47	45
47	24
47	3
47	10
47	133
47	67
47	5
47	135
47	107
47	116
47	94
47	59
47	73
47	151
47	100
47	53
47	1
47	126
47	137
47	143
47	9
47	95
47	98
47	68
47	118
48	47
48	65
48	40
48	142
48	108
48	152
48	125
48	8
48	112
48	15
48	109
48	77
48	82
48	91
48	7
48	121
48	137
48	50
48	28
48	120
48	145
48	151
48	147
48	72
48	88
48	115
48	32
48	74
48	103
48	16
48	35
48	54
48	34
48	87
48	69
48	52
48	89
48	76
48	56
48	134
48	58
48	13
48	157
48	86
48	97
48	139
48	49
48	21
48	111
48	14
48	143
48	85
48	128
48	122
48	136
48	83
48	113
48	135
48	155
48	118
48	90
48	130
48	33
48	131
48	124
48	29
48	132
49	121
49	4
49	137
49	119
49	108
49	6
49	155
49	122
49	34
49	69
49	101
49	97
49	134
49	47
49	40
49	54
49	140
49	128
49	7
49	87
49	129
49	37
49	147
49	142
49	28
49	89
49	145
49	72
49	153
49	124
49	82
49	139
49	88
49	32
49	130
49	33
49	106
49	76
49	64
49	16
49	148
49	17
49	77
49	8
49	109
49	152
49	115
49	99
49	90
49	21
49	132
49	91
49	35
49	60
49	83
49	135
49	29
49	111
49	74
49	52
49	50
49	14
49	96
49	9
49	75
49	65
49	92
49	103
49	125
49	18
49	43
49	55
49	117
49	107
49	62
49	2
49	41
49	84
49	100
49	46
49	112
49	136
49	15
49	157
49	58
49	57
49	12
49	80
49	42
49	114
49	3
49	13
49	149
49	66
49	120
49	56
49	118
49	156
49	11
49	48
49	22
49	86
49	151
49	25
49	1
49	127
49	39
49	150
49	24
49	94
49	59
49	85
49	113
49	93
49	26
50	65
50	127
50	8
50	72
50	47
50	109
50	88
50	89
50	64
50	32
50	157
51	88
51	49
51	86
51	54
51	154
51	122
51	139
51	23
51	27
51	41
51	103
51	56
51	20
51	144
51	115
51	46
51	87
51	19
51	44
51	11
51	80
51	2
51	82
51	55
51	3
51	43
51	96
51	93
51	124
51	29
51	146
51	68
51	26
52	9
52	107
52	150
52	2
52	139
52	133
52	115
52	89
52	79
52	34
52	122
52	146
52	154
52	54
52	93
52	23
52	55
52	56
52	124
52	120
52	49
52	29
52	61
52	41
52	153
52	5
52	86
52	1
52	44
52	70
52	88
52	81
52	26
52	46
52	43
52	113
52	103
52	123
52	50
52	87
52	82
52	145
52	144
52	19
52	157
52	47
52	20
52	96
52	11
52	92
52	22
52	67
52	53
52	95
52	66
52	42
52	24
52	80
52	21
52	3
52	45
52	65
52	14
52	73
52	109
52	40
52	59
52	51
52	30
52	138
52	31
52	58
52	105
52	156
52	102
52	83
52	114
52	104
52	100
52	98
52	68
52	142
52	77
52	130
52	137
52	118
52	111
52	108
53	65
53	47
53	34
53	157
53	16
53	128
53	121
53	77
53	142
53	7
53	89
53	139
53	111
53	99
53	109
53	152
53	32
53	37
53	80
53	33
53	145
53	72
53	62
53	108
53	64
53	97
53	91
53	2
53	115
53	49
53	3
53	146
53	54
53	156
53	40
53	87
53	130
53	52
53	134
53	119
53	149
53	8
53	147
53	143
53	6
53	57
53	4
53	112
53	135
53	132
53	42
53	136
53	88
53	28
53	90
53	25
53	75
53	12
53	13
53	41
53	155
53	92
53	151
53	74
53	148
53	124
53	106
53	69
53	127
53	100
53	101
53	55
53	141
53	82
53	118
53	129
53	85
53	18
53	140
53	66
53	35
53	122
53	21
53	24
53	56
53	137
53	84
53	96
53	29
53	150
53	68
53	50
54	73
54	133
54	81
54	58
54	70
54	65
54	138
54	114
54	111
54	8
54	142
54	83
54	30
54	93
54	17
54	63
54	120
54	146
54	53
54	22
54	94
54	126
54	47
54	144
54	11
54	36
54	78
54	61
54	152
54	60
54	139
54	121
54	5
54	90
54	72
54	155
54	34
54	62
54	55
54	100
54	140
54	77
54	109
54	106
54	88
54	129
54	128
54	52
54	117
54	1
54	115
54	108
54	24
54	69
54	137
54	143
54	25
54	82
54	40
54	145
54	84
54	113
54	39
54	157
54	16
54	147
54	127
54	7
54	92
54	33
54	132
54	32
54	68
54	148
54	87
54	6
54	134
55	81
55	63
55	114
55	79
55	123
55	22
55	78
55	30
55	98
55	93
55	94
55	102
55	61
55	16
55	45
55	138
55	47
55	73
55	144
55	65
55	108
55	126
55	39
55	53
55	145
55	121
55	83
55	139
55	137
55	58
55	109
55	62
55	17
55	77
55	70
55	155
55	54
55	52
55	115
55	15
55	7
55	142
55	72
55	157
55	24
55	5
55	136
55	57
55	106
55	89
55	152
55	128
55	75
55	118
56	93
56	37
56	32
56	47
56	54
56	34
56	52
56	156
56	65
56	42
56	77
56	100
56	7
56	150
56	83
56	142
56	85
56	101
56	64
56	139
56	132
56	108
56	21
56	99
56	109
56	121
56	148
56	128
56	89
56	75
56	2
56	129
56	33
56	14
56	4
56	130
56	143
56	11
56	137
56	90
56	119
56	145
56	136
56	97
56	91
56	28
56	60
56	155
56	55
56	40
56	135
56	16
56	117
56	82
56	103
56	152
56	38
56	115
56	25
56	72
56	111
56	29
56	124
56	87
56	69
56	13
56	74
56	140
56	50
56	84
56	6
56	113
56	112
56	19
56	88
56	104
56	62
56	92
56	49
56	96
56	39
56	41
56	118
56	66
56	134
56	127
56	44
56	120
56	8
56	51
56	86
56	78
56	94
56	122
56	61
56	12
56	153
56	131
56	57
56	151
56	17
56	76
56	15
56	24
56	1
56	146
56	43
56	110
56	106
56	58
56	157
56	141
56	107
56	46
56	73
56	35
56	26
56	147
56	18
56	53
56	102
57	55
57	16
57	56
57	2
57	41
57	111
57	113
57	34
57	54
57	145
57	77
57	75
57	137
57	52
57	87
57	135
57	142
57	40
57	153
57	69
57	93
57	65
57	131
57	141
57	21
57	152
57	136
57	88
57	157
57	143
57	139
57	8
57	61
57	32
57	156
57	47
57	89
57	29
57	130
57	82
57	96
57	25
57	49
57	38
57	5
57	26
58	77
58	29
58	2
58	70
58	40
58	65
58	142
58	41
58	50
58	88
58	108
58	126
58	47
58	121
58	132
58	137
58	7
58	52
58	60
58	64
58	69
58	92
58	128
58	145
58	127
58	51
58	62
58	149
58	139
58	67
58	34
58	21
58	104
58	109
58	8
58	155
58	32
58	15
58	96
58	143
58	22
58	124
58	115
58	54
58	91
58	57
58	93
58	33
58	147
58	63
58	6
58	90
58	152
58	35
58	131
58	135
58	111
58	16
58	25
58	39
58	44
58	28
58	134
58	87
58	84
58	18
58	85
58	89
58	46
58	72
58	66
58	136
58	14
58	53
58	103
58	76
58	118
58	99
58	55
59	54
59	120
59	92
59	111
59	16
59	1
59	139
59	40
59	72
59	62
59	47
59	152
59	136
59	142
59	69
59	140
59	109
59	77
59	108
59	34
59	7
59	121
59	156
59	74
59	49
59	50
59	65
59	145
59	88
59	130
59	149
59	52
59	3
59	101
59	32
59	87
59	135
59	75
59	97
59	118
59	106
59	124
59	147
59	84
59	132
59	128
59	25
59	6
59	102
59	107
59	29
59	24
59	99
59	82
59	42
59	134
59	46
59	83
59	2
59	33
59	129
59	103
59	43
59	35
59	127
59	64
59	12
60	55
60	54
60	122
60	115
60	28
60	49
60	139
60	89
60	88
60	25
60	101
60	6
60	96
60	82
60	33
60	56
60	19
60	108
60	120
60	87
60	35
60	129
60	75
60	86
60	2
60	103
60	41
60	32
60	34
60	93
60	133
61	56
61	21
61	77
61	47
61	55
61	100
61	64
61	109
61	7
61	112
61	65
61	152
61	50
61	34
61	54
61	156
61	97
61	150
61	107
61	145
61	142
61	31
61	136
61	52
61	25
61	129
61	33
61	32
61	16
61	146
61	75
61	108
61	82
61	155
61	3
61	89
61	131
61	139
61	72
61	14
61	132
61	148
61	49
61	111
61	80
61	122
61	18
61	73
61	37
61	46
61	69
61	93
61	40
61	90
61	117
61	121
61	57
61	96
61	143
61	8
61	2
61	86
61	41
61	22
61	88
61	135
61	85
61	119
61	99
61	130
61	120
61	68
61	29
61	91
61	28
61	24
61	15
61	76
61	137
61	128
61	103
61	147
61	151
61	118
61	141
61	157
61	6
61	42
61	17
61	124
61	44
61	134
61	26
61	83
62	55
62	56
62	53
62	103
62	87
62	49
62	54
62	23
62	154
62	29
62	139
62	93
62	122
62	44
62	2
62	19
62	41
62	46
62	88
62	11
62	153
62	20
62	43
62	71
62	89
62	86
62	65
62	59
62	47
62	105
62	124
62	100
62	144
62	3
62	115
62	24
62	80
62	137
62	96
62	146
62	156
62	82
62	26
62	102
62	95
62	123
62	68
62	8
62	66
63	65
63	1
63	8
63	52
63	34
63	152
63	47
63	142
63	56
63	109
63	32
63	64
63	139
63	145
63	121
63	77
63	54
63	80
63	97
63	125
63	69
63	14
63	128
63	113
63	46
63	74
63	136
63	28
63	111
63	16
63	88
63	96
63	150
63	134
63	157
63	4
63	49
63	7
63	40
63	72
63	89
63	13
63	155
63	50
63	82
63	42
63	90
63	51
63	87
63	147
63	29
63	39
63	57
63	91
63	108
63	132
63	25
63	55
63	21
64	132
64	142
64	156
64	37
64	101
64	137
64	89
64	139
64	140
64	119
64	47
64	41
64	77
64	124
64	34
64	125
64	147
64	57
64	88
64	148
64	115
64	7
64	152
64	97
64	65
64	40
64	72
64	21
64	52
64	51
64	117
64	56
64	49
64	31
64	104
64	42
64	6
64	134
64	2
64	120
64	46
64	54
64	8
64	135
64	62
64	145
64	109
64	87
64	29
64	128
64	16
64	84
64	5
64	83
64	91
64	15
64	121
64	108
64	155
64	69
64	86
64	106
64	136
64	130
64	143
64	12
64	96
64	157
64	58
64	70
64	50
64	82
64	90
64	75
65	93
65	115
65	139
65	88
65	43
65	42
65	87
65	49
65	122
65	41
65	55
65	142
65	56
65	2
65	154
65	153
65	44
65	29
65	50
65	69
65	5
65	103
65	86
65	82
65	23
65	66
65	46
65	133
65	89
65	34
65	95
65	7
65	53
65	124
65	113
65	14
65	1
65	26
65	146
65	47
65	10
65	24
65	150
65	45
65	38
65	54
65	71
65	83
65	121
65	77
65	96
65	73
65	11
65	131
65	27
65	105
65	123
65	31
65	109
65	152
65	100
65	74
65	19
65	20
65	13
65	157
65	144
65	78
65	145
65	52
65	48
65	9
65	138
65	62
65	80
65	120
65	79
65	8
65	63
65	72
65	102
65	59
65	40
65	22
65	36
65	137
65	108
65	3
65	58
65	21
65	16
65	67
65	155
65	85
65	70
65	104
65	129
65	130
65	32
65	98
65	134
65	35
65	114
65	60
65	126
65	106
65	127
65	94
65	107
65	132
65	33
65	51
65	143
65	64
65	91
65	81
65	97
65	136
65	18
65	68
65	112
65	151
65	28
65	76
65	116
65	30
65	118
66	65
66	34
66	116
66	67
66	111
66	109
66	47
66	48
66	108
66	151
66	77
66	29
66	16
66	139
66	21
66	8
66	152
66	10
66	142
66	52
66	69
66	124
66	118
66	101
66	130
66	28
66	62
66	120
66	39
66	127
67	2
67	65
67	103
67	110
67	55
67	52
67	40
67	47
67	127
67	77
67	54
67	72
67	135
67	137
67	108
67	151
67	104
67	121
67	15
67	142
67	14
67	50
67	71
67	32
67	152
67	88
67	27
67	21
67	86
67	89
67	111
67	109
67	150
67	35
67	39
67	145
67	115
67	8
67	155
67	157
67	6
67	7
67	139
67	132
67	130
67	118
67	28
67	34
67	90
67	97
67	122
67	49
67	58
67	147
67	64
67	51
67	56
67	91
67	16
67	57
67	156
67	82
67	69
67	9
67	128
67	136
67	143
67	62
67	116
67	93
67	120
67	22
68	152
68	83
68	32
68	134
68	37
68	34
68	47
68	139
68	122
68	28
68	108
68	119
68	89
68	77
68	140
68	61
68	17
68	97
68	21
68	88
68	54
68	52
68	12
68	40
68	109
68	65
68	142
68	69
68	74
68	112
68	100
68	76
68	129
68	22
68	145
68	148
68	157
68	125
68	51
68	72
68	127
68	81
68	43
68	24
68	82
68	70
68	106
68	137
68	136
68	101
68	118
68	29
68	104
68	146
68	41
68	7
68	141
68	155
68	8
68	121
68	64
68	6
68	130
68	147
68	99
68	46
68	49
68	39
68	132
68	156
69	133
69	47
69	127
69	8
69	146
69	53
69	142
69	126
69	54
69	63
69	115
69	73
69	22
69	30
69	144
69	145
69	78
69	114
69	87
69	103
69	93
69	94
69	61
69	17
69	58
69	29
69	65
69	15
69	81
69	28
69	1
69	70
69	5
69	138
69	101
69	139
69	122
69	77
69	41
69	121
69	34
69	33
69	52
69	83
69	57
69	143
69	134
69	120
69	7
69	109
69	32
69	68
69	49
69	124
69	40
69	156
69	108
69	51
69	97
69	37
69	25
69	11
69	89
70	47
70	52
70	7
70	33
70	142
70	103
70	77
70	88
70	69
70	49
70	109
70	156
70	93
70	89
70	152
70	110
70	34
70	82
70	87
70	115
70	65
70	16
70	149
70	50
70	145
70	111
70	139
70	91
70	40
70	72
70	54
70	141
70	124
70	108
70	92
70	3
70	112
70	21
70	86
70	2
70	136
70	135
70	5
70	143
70	43
70	41
70	118
70	32
70	38
70	121
70	130
70	64
70	24
70	155
70	84
70	8
70	137
70	10
70	151
70	134
70	28
70	126
70	35
70	4
70	57
70	147
70	90
70	30
70	122
70	128
70	150
70	132
70	44
70	113
70	116
70	36
70	85
70	6
70	75
70	18
70	46
70	60
70	14
70	55
70	29
70	96
70	15
71	52
71	119
71	104
71	55
71	97
71	37
71	108
71	72
71	47
71	65
71	135
71	89
71	100
71	148
71	130
71	77
71	22
71	142
71	62
71	140
71	132
71	139
71	136
71	40
71	150
71	145
71	34
71	115
71	156
71	93
71	155
71	101
71	32
71	118
71	122
71	87
71	88
71	127
71	2
71	134
71	27
71	35
71	96
71	112
71	64
71	7
71	24
71	137
71	86
71	152
71	54
71	33
71	46
71	69
71	16
71	109
71	128
71	30
71	57
71	4
71	91
72	8
72	109
72	56
72	145
72	21
72	25
72	65
72	139
72	34
72	120
72	91
72	136
72	153
72	69
72	54
72	49
72	103
72	77
72	93
72	130
72	115
72	71
72	108
72	40
72	55
72	88
72	89
72	142
72	13
72	101
72	156
72	127
72	86
72	27
72	19
72	104
72	52
72	87
72	14
72	82
72	41
72	157
72	20
72	46
72	11
72	149
72	44
72	29
72	85
72	33
72	131
72	2
72	16
72	146
72	43
72	147
72	35
72	124
72	64
72	122
72	47
72	7
72	3
72	80
72	31
72	150
72	28
72	113
72	140
72	155
72	32
72	24
72	83
72	74
72	143
72	148
72	15
72	111
72	128
72	92
72	121
72	18
72	137
72	75
72	141
72	84
72	42
72	134
72	112
72	125
72	90
72	99
72	105
72	59
72	68
72	6
72	12
72	106
72	58
72	37
72	76
72	1
72	60
72	96
72	48
72	70
72	132
72	50
72	100
73	47
73	65
73	93
73	152
73	142
73	54
73	35
73	8
73	56
73	7
73	71
73	32
73	64
73	91
73	72
73	34
73	134
73	27
73	97
73	136
73	89
73	16
73	128
73	108
73	77
73	111
73	155
73	90
73	69
73	52
73	109
73	49
73	121
73	19
73	9
73	124
73	139
73	137
73	151
73	145
73	127
73	13
73	66
73	130
73	112
73	46
73	4
73	87
73	14
73	88
73	140
73	125
73	76
73	148
73	21
73	12
73	40
73	80
73	129
73	3
73	85
73	156
73	82
73	37
73	115
73	83
73	55
73	157
73	147
73	122
73	106
73	103
73	41
73	141
73	33
73	153
73	29
73	11
73	57
73	86
73	135
73	132
73	107
73	28
73	75
73	51
73	120
73	117
73	99
73	38
73	61
73	68
73	74
73	144
74	139
74	54
74	55
74	42
74	88
74	86
74	142
74	29
74	34
74	115
74	95
74	16
74	2
74	146
74	47
74	122
74	44
74	41
74	89
74	82
74	112
74	1
74	104
74	117
74	96
74	52
74	59
74	58
74	3
74	19
74	92
74	46
75	34
75	121
75	77
75	2
75	40
75	50
75	69
75	14
75	110
75	54
75	70
75	139
75	38
75	52
75	56
75	58
75	47
75	65
75	29
75	131
75	149
75	135
75	80
75	3
75	115
75	151
75	82
75	42
75	51
75	41
75	112
75	124
75	49
75	93
75	36
75	55
75	7
75	62
75	16
75	60
75	8
75	143
75	145
75	152
75	72
75	120
75	97
75	142
76	145
76	65
76	139
76	142
76	148
76	64
76	108
76	7
76	54
76	147
76	155
76	129
76	115
76	6
76	75
76	15
76	132
76	106
76	34
76	2
76	143
76	32
76	156
76	101
76	134
76	55
76	77
76	152
76	40
76	117
76	83
76	84
76	88
76	90
76	89
76	46
76	82
76	43
76	109
76	52
76	18
76	157
77	139
77	115
77	55
77	82
77	43
77	5
77	88
77	87
77	2
77	56
77	23
77	47
77	100
77	122
77	29
77	121
77	120
77	154
77	103
77	49
77	95
77	89
77	34
77	86
77	41
77	93
77	45
77	1
77	146
77	153
77	67
77	66
77	46
77	70
77	71
77	65
77	144
77	27
77	123
77	124
77	96
77	105
77	26
77	98
77	145
77	11
77	13
77	44
77	19
77	20
77	9
77	48
77	6
77	54
77	112
77	24
77	10
77	135
77	22
77	91
77	40
77	14
77	51
77	32
77	142
77	118
77	63
77	53
77	92
77	59
77	58
77	37
77	52
77	25
77	72
77	150
77	80
77	64
77	152
77	3
77	7
77	69
77	8
77	114
77	155
77	151
77	113
77	81
77	126
77	97
77	143
77	157
77	137
77	109
77	79
77	68
77	21
77	33
77	138
77	85
77	99
77	130
77	156
77	108
77	42
77	107
77	90
77	111
77	133
77	116
78	106
78	145
78	8
78	77
78	47
78	156
78	108
78	65
78	32
78	109
78	34
78	40
78	28
78	139
78	56
78	142
78	41
78	52
78	137
78	121
78	85
78	97
78	75
78	112
78	129
78	149
78	7
78	127
78	90
78	104
78	152
78	155
78	54
78	101
78	136
78	91
78	86
78	33
78	111
78	50
78	72
78	69
78	12
78	132
78	89
78	93
78	16
78	64
78	26
78	49
78	18
78	88
78	128
78	62
78	113
78	107
78	143
78	24
78	118
78	135
78	60
78	157
78	58
78	51
78	96
78	57
78	134
78	42
78	13
78	19
78	100
78	99
79	88
79	47
79	152
79	65
79	119
79	4
79	108
79	142
79	52
79	37
79	139
79	86
79	77
79	156
79	106
79	134
79	104
79	140
79	145
79	33
79	49
79	153
79	34
79	109
79	8
79	135
79	72
79	85
79	97
79	64
79	42
79	112
79	54
79	32
79	9
79	100
79	69
79	40
79	56
79	128
79	117
79	151
79	111
79	127
79	58
79	89
79	91
79	14
79	92
79	29
79	83
79	55
79	157
79	129
79	132
79	155
79	28
79	130
79	24
79	150
79	39
79	137
79	122
79	136
79	2
79	67
79	116
79	61
79	76
79	118
79	7
79	66
80	65
80	47
80	22
80	54
80	108
80	52
80	37
80	119
80	56
80	97
80	34
80	142
80	14
80	28
80	130
80	125
80	121
80	50
80	101
80	132
80	129
80	32
80	55
80	148
80	91
80	134
80	7
80	145
80	72
80	136
80	3
80	146
80	77
80	109
80	100
80	2
80	89
80	24
80	139
80	152
80	41
80	29
80	140
80	157
80	92
80	31
80	85
80	156
80	53
80	122
80	40
80	35
80	69
80	83
80	137
80	49
81	8
81	65
81	145
81	47
81	128
81	106
81	71
81	105
81	27
81	54
81	155
81	11
81	97
81	19
81	150
81	109
81	40
81	49
81	56
81	34
81	75
81	77
81	135
81	120
81	88
81	121
81	16
81	96
81	112
81	33
81	136
81	124
81	6
81	152
81	108
81	111
81	137
81	72
81	139
81	52
81	35
81	21
81	7
81	143
81	64
81	2
81	142
81	69
81	25
81	41
81	147
81	57
81	4
81	156
81	91
81	89
81	90
81	14
81	68
81	115
81	42
81	148
81	28
81	9
81	51
81	43
81	157
81	50
81	107
81	29
81	53
82	89
82	54
82	5
82	47
82	2
82	55
82	49
82	113
82	41
82	95
82	99
82	133
82	63
82	139
82	25
82	126
82	146
82	11
82	94
82	128
82	106
82	144
82	65
82	29
82	74
82	70
82	145
82	52
82	33
82	108
82	115
82	77
82	157
82	143
82	105
82	9
82	34
82	155
82	152
82	16
82	78
82	53
82	134
82	40
82	56
82	136
82	84
82	8
82	7
82	142
82	72
82	109
82	91
82	93
82	71
82	44
82	39
82	137
82	138
82	75
82	32
82	130
82	83
82	90
82	12
82	64
82	103
82	21
82	88
82	81
82	6
82	69
82	116
83	54
83	108
83	139
83	77
83	131
83	130
83	47
83	34
83	40
83	150
83	69
83	55
83	124
83	137
83	52
83	7
83	121
83	152
83	155
83	65
83	22
83	109
83	56
83	62
83	8
83	51
83	29
83	45
83	142
83	50
83	157
83	117
83	91
83	111
83	75
83	88
83	72
83	156
83	82
83	147
83	103
83	12
83	42
83	25
83	135
83	122
83	120
83	13
83	144
83	16
83	148
83	68
83	112
83	145
83	14
83	2
84	142
84	40
84	89
84	139
84	115
84	34
84	100
84	29
84	54
84	22
84	116
84	66
84	145
84	2
84	55
84	38
84	153
84	77
84	65
84	52
84	67
84	47
84	75
84	132
84	81
84	109
84	121
84	122
84	137
84	13
84	78
84	41
84	62
84	32
84	31
84	113
84	135
84	93
84	124
84	69
84	130
84	88
85	88
85	155
85	156
85	132
85	87
85	33
85	135
85	56
85	90
85	15
85	115
85	101
85	139
85	34
85	134
85	108
85	99
85	147
85	80
85	145
85	148
85	13
85	49
85	146
85	32
85	89
85	128
85	64
85	65
85	44
85	40
85	91
85	75
85	54
85	151
85	123
85	131
85	93
85	157
85	106
85	29
86	67
86	66
86	116
86	65
86	74
86	48
86	40
86	10
86	123
86	152
86	96
86	47
86	41
86	143
86	15
86	7
86	58
86	130
86	88
86	139
86	34
86	87
86	142
87	88
87	122
87	47
87	103
87	44
87	65
87	86
87	52
87	108
87	46
87	77
87	48
87	34
87	69
87	152
87	109
87	74
87	55
87	91
87	15
87	124
87	155
87	28
87	117
87	39
87	7
87	64
87	139
87	62
87	54
87	29
87	111
87	97
87	125
87	33
87	32
87	142
87	147
87	90
87	72
87	21
87	112
87	8
87	35
87	40
87	67
87	89
87	51
87	18
87	156
87	145
87	128
87	100
87	107
88	65
88	89
88	67
88	142
88	48
88	77
88	34
88	47
88	66
88	116
88	148
88	58
88	140
88	101
88	69
88	40
88	132
88	8
88	156
88	137
88	16
88	54
88	109
88	115
88	60
88	52
88	50
88	111
88	151
88	108
88	152
88	112
88	42
88	7
88	147
88	114
88	1
88	51
88	72
88	135
88	126
88	155
88	18
88	117
88	145
88	49
88	64
88	122
88	15
88	121
88	62
88	128
88	94
88	150
88	139
88	103
88	57
88	14
88	43
88	70
88	97
88	28
88	129
88	127
88	99
88	84
88	76
88	73
88	134
89	142
89	47
89	128
89	101
89	148
89	58
89	156
89	17
89	65
89	132
89	140
89	6
89	49
89	147
89	52
89	72
89	37
89	40
89	118
89	151
89	7
89	111
89	16
89	103
89	32
89	69
89	54
89	108
89	21
89	34
89	77
89	75
89	70
89	19
89	82
89	15
89	125
89	121
89	149
89	46
89	117
89	152
89	42
89	41
89	153
89	106
89	145
89	155
89	74
89	97
89	109
89	57
89	35
89	51
89	157
89	88
89	91
89	64
89	87
89	8
89	115
89	39
89	120
89	144
89	110
89	112
89	55
89	24
89	4
89	14
89	94
89	107
89	92
89	12
89	62
89	127
89	43
89	137
89	139
89	93
89	134
89	104
90	156
90	132
90	89
90	115
90	134
90	54
90	65
90	139
90	58
90	128
90	77
90	104
90	39
90	47
90	40
90	52
90	55
90	6
90	34
90	51
90	46
90	88
90	109
90	142
90	69
90	148
90	8
90	117
90	137
90	38
90	135
90	118
90	127
90	121
90	151
90	72
90	124
90	145
90	147
90	37
90	101
90	21
90	62
90	157
90	14
90	155
90	143
90	136
90	152
90	57
90	91
90	70
90	7
90	130
90	75
90	87
90	50
90	63
90	16
90	29
90	116
90	111
90	74
91	35
91	56
91	139
91	93
91	88
91	108
91	83
91	136
91	54
91	129
91	134
91	49
91	153
91	32
91	115
91	140
91	89
91	71
91	99
91	103
91	65
91	27
91	105
91	106
91	55
91	33
91	77
91	19
91	28
91	90
91	13
91	11
91	29
91	6
91	20
91	14
91	124
91	145
91	34
91	46
91	74
91	64
91	2
91	120
91	82
91	41
91	43
91	87
91	53
91	52
91	47
91	24
91	76
91	122
91	80
91	3
91	25
91	148
91	86
91	51
91	125
91	147
91	75
91	40
91	15
91	84
91	18
91	130
91	155
91	121
91	142
91	146
91	60
91	59
91	113
91	68
91	135
91	37
91	96
91	132
91	137
91	57
91	138
91	69
92	56
92	142
92	134
92	32
92	108
92	37
92	13
92	153
92	89
92	28
92	140
92	11
92	27
92	54
92	29
92	19
92	88
92	77
92	40
92	20
92	43
92	103
92	93
92	115
92	25
92	64
92	139
92	105
92	86
92	125
92	80
92	3
92	65
92	35
92	120
92	49
92	83
92	33
92	62
92	34
92	127
92	122
92	99
92	136
92	148
92	84
92	2
92	7
92	41
92	101
92	12
92	91
92	68
92	155
92	46
92	44
92	52
93	88
93	108
93	6
93	139
93	115
93	77
93	142
93	97
93	69
93	89
93	37
93	148
93	101
93	145
93	29
93	135
93	140
93	90
93	14
93	24
93	64
93	47
93	40
93	129
93	32
93	49
93	65
93	119
93	83
93	34
93	132
93	75
93	17
93	76
93	33
93	155
93	91
93	2
93	136
93	54
93	50
93	4
93	46
93	109
93	72
93	20
93	48
93	111
93	152
93	121
93	52
93	128
93	113
93	99
93	100
93	28
93	18
93	87
93	43
93	92
93	25
93	56
93	62
93	7
93	130
93	15
93	55
93	118
93	107
93	82
93	137
93	117
93	127
93	16
93	21
93	74
93	134
93	150
93	1
93	106
93	131
93	112
93	103
93	156
93	153
93	8
93	122
93	35
93	41
93	58
93	60
93	85
93	149
93	151
93	66
93	143
93	61
93	44
93	51
93	86
93	124
93	57
93	96
93	13
93	68
93	3
93	147
93	120
93	114
93	157
93	84
94	75
94	152
94	65
94	33
94	128
94	40
94	97
94	142
94	77
94	156
94	47
94	7
94	108
94	109
94	88
94	139
94	51
94	46
94	146
94	93
94	137
94	145
94	143
94	54
94	11
94	37
94	52
94	50
94	34
94	119
94	8
94	1
94	96
94	132
94	69
94	72
94	49
94	140
94	89
94	111
94	58
94	121
94	115
94	16
94	60
94	135
94	62
94	134
94	155
94	86
94	71
94	122
94	112
94	42
94	55
94	92
94	21
94	130
94	101
94	84
94	106
94	56
94	148
94	32
94	129
94	64
94	136
94	74
94	103
94	149
94	12
94	13
94	85
94	151
94	6
94	2
94	99
94	91
94	147
94	29
94	157
94	57
94	41
94	87
94	67
94	28
94	125
94	82
94	118
94	153
94	15
94	39
94	48
94	127
94	36
94	124
95	109
95	37
95	88
95	7
95	16
95	34
95	77
95	142
95	47
95	54
95	111
95	148
95	18
95	28
95	128
95	72
95	152
95	71
95	122
95	35
95	75
95	83
95	39
95	40
95	101
95	69
95	145
95	19
95	60
95	96
95	121
95	139
95	65
95	74
95	82
95	115
95	153
95	127
95	107
95	97
95	136
95	52
95	134
95	87
95	33
95	91
95	108
95	56
95	155
95	51
95	135
95	62
95	104
95	11
95	112
95	100
95	8
95	1
95	89
95	156
95	31
95	41
95	55
95	105
95	90
95	86
95	49
95	157
95	118
95	57
95	144
96	115
96	122
96	121
96	47
96	86
96	50
96	108
96	152
96	139
96	15
96	65
96	72
96	64
97	145
97	152
97	13
97	77
97	34
97	127
97	93
97	156
97	21
97	58
97	65
97	54
97	56
97	111
97	91
97	150
97	2
97	52
97	104
97	27
97	41
97	11
97	136
97	4
97	142
97	113
97	69
97	75
97	143
97	88
97	20
97	64
97	24
97	47
97	44
97	51
97	139
97	46
97	40
97	146
97	86
97	18
97	29
97	25
97	61
97	153
97	109
97	147
97	16
97	26
97	155
97	80
97	3
97	132
97	117
97	148
97	7
97	131
97	114
97	33
97	108
97	124
97	74
97	157
97	85
97	15
97	90
97	135
97	32
97	112
97	6
97	43
97	70
97	82
97	14
97	68
97	115
97	79
97	137
97	48
97	5
97	116
97	76
98	65
98	47
98	128
98	7
98	107
98	127
98	49
98	40
98	88
98	18
98	109
98	122
98	8
98	132
98	129
98	103
98	97
98	16
98	1
98	145
98	108
98	142
98	77
98	52
98	155
98	152
98	151
98	139
98	34
98	153
98	21
98	89
98	55
98	110
98	112
98	72
98	140
98	137
98	80
98	3
98	135
98	29
98	12
98	74
98	51
98	35
98	58
98	69
98	136
98	149
98	118
98	54
98	32
98	143
98	91
98	156
98	92
98	31
98	141
98	70
98	6
98	41
98	28
98	115
98	64
98	86
98	75
98	130
98	15
98	157
98	57
98	121
98	68
98	90
98	79
98	148
98	99
98	117
98	85
98	84
99	65
99	121
99	132
99	54
99	147
99	89
99	155
99	140
99	37
99	97
99	93
99	82
99	34
99	52
99	148
99	115
99	139
99	47
99	77
99	109
99	137
99	50
99	8
99	134
99	29
99	59
99	125
99	142
99	117
99	101
99	10
99	113
99	7
99	40
99	15
99	150
99	152
99	57
99	42
99	88
99	124
99	58
99	70
99	44
99	118
99	135
99	106
99	108
100	108
100	106
100	136
100	32
100	134
100	148
100	88
100	156
100	99
100	64
100	33
100	28
100	13
100	139
100	55
100	90
100	49
100	155
100	6
100	56
100	25
100	129
100	93
100	40
100	145
100	34
100	54
100	157
100	89
100	147
100	37
100	62
100	65
100	47
100	77
100	35
100	101
100	69
100	149
100	132
100	117
100	82
100	29
100	84
100	57
100	128
100	52
100	112
100	115
100	44
100	109
100	137
100	18
100	51
100	122
100	46
100	75
100	153
100	91
100	130
100	103
100	19
100	68
100	141
100	60
100	96
100	5
101	93
101	130
101	47
101	139
101	142
101	124
101	77
101	29
101	69
101	40
101	88
101	111
101	109
101	7
101	135
101	115
101	113
101	82
101	34
101	66
101	65
101	122
101	54
101	87
101	52
101	121
101	146
101	51
101	42
101	89
101	55
101	3
101	2
101	43
101	41
101	145
101	156
101	60
101	58
101	56
101	107
101	49
101	96
101	152
101	10
101	68
101	13
101	85
101	72
101	92
101	138
101	120
102	77
102	47
102	134
102	139
102	32
102	88
102	65
102	72
102	75
102	97
102	155
102	106
102	142
102	152
102	115
102	19
102	34
102	52
102	109
102	82
102	58
102	69
102	146
102	89
102	145
102	46
102	124
102	108
102	54
102	128
102	48
102	16
102	135
102	111
102	1
102	103
102	40
102	156
102	125
102	62
102	112
102	148
102	129
102	7
102	74
102	18
102	49
102	42
102	12
102	87
102	127
102	153
102	57
102	91
102	140
102	43
102	50
102	39
102	8
102	122
102	64
102	25
102	86
102	143
102	132
102	6
102	96
102	141
102	59
102	92
102	130
102	55
102	2
102	121
102	157
102	151
102	118
102	90
103	90
103	133
103	156
103	47
103	134
103	145
103	65
103	34
103	12
103	26
103	7
103	125
103	32
103	109
103	108
103	77
103	132
103	97
103	29
103	130
103	15
103	35
103	89
103	87
103	52
103	55
103	122
103	54
103	37
103	127
103	28
103	48
103	111
103	27
103	39
103	64
103	2
103	88
103	155
103	152
103	124
103	112
103	40
103	62
103	137
103	69
103	33
103	91
103	136
103	139
103	147
103	142
103	121
103	135
103	60
103	14
103	92
103	115
103	66
103	13
103	153
103	72
103	41
103	56
103	151
103	157
103	82
103	129
103	16
103	50
103	99
103	74
103	138
103	49
103	96
103	148
103	118
103	3
103	21
103	18
103	58
103	143
103	83
103	128
103	117
103	43
103	100
103	57
103	31
103	44
103	149
103	59
103	25
103	106
103	4
103	76
103	8
103	68
103	119
103	140
103	75
103	141
103	42
103	146
103	51
103	93
104	135
104	31
104	145
104	33
104	49
104	56
104	2
104	130
104	64
104	115
104	157
104	70
104	40
104	90
104	76
104	142
104	89
104	86
104	156
104	47
104	136
104	21
104	52
104	17
104	108
104	77
104	143
104	112
104	41
104	88
104	91
104	34
104	99
104	113
104	57
104	29
104	139
104	109
104	30
104	120
104	132
104	58
104	54
104	25
104	7
104	152
104	24
104	46
104	103
104	62
104	50
104	93
104	71
104	55
104	111
104	114
104	122
104	75
104	147
104	12
104	32
104	87
104	128
104	44
104	137
104	65
104	155
104	72
104	61
104	15
104	116
104	69
104	6
104	16
104	68
105	47
105	37
105	140
105	106
105	77
105	91
105	108
105	97
105	88
105	32
105	83
105	150
105	50
105	86
105	137
105	101
105	87
105	60
105	128
105	15
105	35
105	16
105	134
105	34
105	145
105	13
105	152
105	65
105	62
105	142
105	40
105	130
105	28
105	109
105	52
105	127
105	151
105	54
105	56
105	64
105	38
105	74
105	7
105	72
105	80
105	11
105	148
105	157
105	149
105	115
105	110
105	132
105	93
105	69
105	49
105	90
105	129
105	136
105	100
105	125
105	104
105	22
105	121
105	155
105	143
105	139
105	113
105	39
105	156
105	147
105	57
105	75
105	82
105	89
105	111
105	29
105	55
105	42
106	13
106	142
106	54
106	77
106	65
106	29
106	2
106	43
106	76
106	139
106	133
106	22
106	109
106	124
106	55
106	153
106	58
106	112
106	7
106	34
106	88
106	47
106	111
106	151
106	74
106	21
106	72
106	100
106	8
106	118
106	120
106	130
106	41
106	52
106	108
106	69
106	135
106	157
106	136
106	11
106	149
106	129
106	89
106	121
106	68
106	126
106	60
106	40
106	93
106	49
106	3
106	32
106	91
106	53
107	54
107	121
107	115
107	86
107	88
107	65
107	34
107	44
107	103
107	139
107	58
107	49
107	77
107	55
107	109
107	48
107	156
107	39
107	89
107	132
107	69
107	62
107	136
107	25
107	57
107	46
107	56
107	80
107	64
107	52
107	7
107	142
107	122
107	111
107	37
107	47
107	145
107	32
107	43
107	108
107	8
107	96
107	130
107	93
107	33
107	74
107	157
107	41
107	28
107	90
107	42
107	152
107	76
107	143
107	104
107	155
107	82
107	21
107	91
107	126
107	35
107	68
107	134
107	116
107	87
107	12
107	141
107	106
108	121
108	34
108	107
108	52
108	47
108	125
108	134
108	32
108	54
108	148
108	35
108	139
108	97
108	89
108	132
108	88
108	124
108	77
108	115
108	57
108	50
108	51
108	33
108	92
108	82
108	147
108	65
108	101
108	28
108	90
108	64
108	117
108	40
108	7
108	87
108	62
108	151
108	8
108	141
108	109
108	98
108	55
108	60
108	20
108	2
108	69
108	29
108	24
108	96
108	153
108	112
108	16
108	58
108	152
108	122
108	99
108	4
108	157
108	129
108	72
108	48
108	156
108	75
108	137
108	37
108	142
108	49
108	135
108	145
108	41
108	136
108	74
108	86
108	110
108	56
108	25
108	118
108	155
108	84
108	120
108	43
108	111
108	31
108	130
108	14
108	66
108	42
108	113
108	21
108	106
108	91
109	142
109	115
109	88
109	54
109	55
109	5
109	26
109	139
109	8
109	23
109	154
109	113
109	56
109	40
109	87
109	49
109	41
109	2
109	86
109	122
109	47
109	150
109	71
109	103
109	65
109	72
109	145
109	44
109	95
109	70
109	153
109	77
109	46
109	52
109	66
109	21
109	20
109	128
109	34
109	50
109	82
109	43
109	29
109	124
109	14
109	7
109	51
109	96
109	13
109	121
109	11
109	155
109	91
109	97
109	110
109	69
109	111
109	152
109	24
109	80
109	3
109	157
109	31
109	53
109	62
109	16
109	133
109	151
109	105
109	89
109	38
109	144
109	25
109	138
109	137
109	75
109	57
109	127
109	156
109	27
109	100
109	1
109	146
109	118
109	76
109	19
109	93
109	9
109	42
109	130
110	39
110	43
110	115
110	25
110	124
110	34
110	47
110	136
110	77
110	113
110	31
110	54
110	145
110	65
110	109
110	128
110	137
110	7
110	108
110	151
110	139
110	75
110	118
110	16
110	49
110	55
110	149
110	143
110	155
110	72
110	44
110	89
110	130
110	152
110	21
110	52
110	135
110	2
110	88
110	74
110	41
110	97
110	29
110	64
110	150
110	91
110	99
110	8
110	157
110	121
110	57
110	40
110	33
110	87
110	13
110	120
110	79
110	69
110	17
111	35
111	89
111	134
111	77
111	88
111	108
111	128
111	7
111	142
111	65
111	54
111	64
111	109
111	71
111	47
111	136
111	101
111	93
111	156
111	57
111	40
111	39
111	99
111	86
111	87
111	27
111	139
111	145
111	28
111	132
111	20
111	83
111	152
111	16
111	56
111	34
111	33
111	19
111	155
111	130
111	121
111	32
111	55
111	69
111	11
111	6
111	49
111	140
111	150
111	52
111	91
111	4
111	135
111	2
111	3
111	41
111	106
111	104
111	103
111	127
111	105
111	90
111	24
111	44
111	82
111	148
111	15
111	61
111	29
111	137
111	72
111	153
111	18
111	115
111	143
111	67
111	31
111	96
111	75
111	114
111	74
111	58
111	14
111	62
111	8
112	37
112	56
112	139
112	153
112	108
112	93
112	49
112	54
112	34
112	88
112	89
112	32
112	119
112	64
112	91
112	71
112	134
112	55
112	136
112	47
112	142
112	96
112	140
112	90
112	27
112	105
112	103
112	115
112	11
112	2
112	46
112	28
112	19
112	20
112	69
112	25
112	101
112	43
112	83
112	87
112	125
112	109
112	29
112	65
112	35
112	99
112	14
112	52
112	33
112	86
112	150
112	53
112	41
112	77
112	40
112	145
112	42
112	82
112	155
112	44
112	80
112	120
112	12
112	3
112	61
112	124
112	66
112	122
112	16
112	121
112	24
112	8
112	76
112	39
112	130
112	74
112	62
112	156
112	13
112	72
112	128
112	68
112	57
112	85
112	21
112	15
112	148
112	127
112	157
112	7
112	26
113	106
113	139
113	155
113	52
113	128
113	147
113	136
113	25
113	47
113	14
113	145
113	149
113	89
113	54
113	142
113	77
113	122
113	134
113	65
113	33
113	90
113	34
113	17
113	49
113	108
113	132
113	32
113	135
113	103
113	20
113	82
113	137
113	62
113	130
113	110
113	109
113	38
113	40
113	37
113	6
113	88
113	91
113	112
113	87
113	64
113	152
113	35
113	101
113	3
113	2
113	51
113	93
113	41
113	72
113	129
113	83
113	7
113	50
113	156
113	56
113	99
113	28
113	44
113	143
113	21
113	22
113	151
113	24
113	74
113	55
113	86
113	57
113	94
113	97
113	75
113	70
113	111
113	69
113	115
113	124
113	68
113	120
113	29
113	125
113	150
113	148
113	119
113	19
113	26
113	27
113	140
113	118
113	116
113	96
113	18
114	47
114	65
114	7
114	77
114	155
114	40
114	92
114	72
114	115
114	136
114	1
114	88
114	142
114	29
114	130
114	145
114	112
114	56
114	152
114	132
114	76
114	64
114	52
114	54
114	97
114	89
114	34
114	32
114	16
114	120
114	28
114	90
114	75
114	151
114	37
114	99
114	21
114	109
114	122
114	71
114	49
114	60
114	15
114	111
114	11
114	108
114	27
114	148
114	153
114	55
114	137
114	106
114	20
114	103
114	2
114	91
114	128
114	35
114	96
114	50
114	80
114	146
114	33
114	3
114	139
114	101
114	156
114	140
114	25
114	41
114	74
114	69
114	8
114	150
114	141
114	44
114	157
114	134
114	4
114	61
114	118
114	82
114	85
114	121
114	98
114	84
114	18
114	119
114	93
114	124
114	6
114	17
114	100
115	66
115	65
115	9
115	10
115	52
115	34
115	142
115	8
115	50
115	7
115	47
115	140
115	101
115	84
115	156
115	40
115	77
115	72
115	15
115	58
115	88
115	147
115	74
115	145
115	109
115	35
115	121
115	16
115	108
115	93
115	117
115	151
115	33
115	143
115	94
115	55
115	86
115	54
115	152
115	130
115	135
115	137
115	132
115	62
115	64
115	127
116	142
116	65
116	47
116	32
116	97
116	72
116	77
116	35
116	103
116	150
116	88
116	67
116	54
116	41
116	136
116	145
116	40
116	147
116	139
116	122
116	33
116	43
116	6
116	89
116	34
116	50
116	111
116	56
116	135
116	7
116	137
116	8
116	109
116	28
116	151
116	29
116	52
116	74
116	55
116	60
116	48
116	69
116	152
116	127
116	108
116	22
116	129
116	64
116	96
116	14
116	58
116	15
116	106
116	90
116	21
116	46
116	51
116	99
116	157
116	91
116	82
116	130
116	2
116	141
117	69
117	40
117	65
117	54
117	124
117	29
117	89
117	139
117	113
117	38
117	47
117	49
117	34
117	126
117	142
117	50
117	10
117	72
117	7
117	93
117	109
117	96
117	77
117	55
117	115
117	88
117	70
117	121
117	62
117	122
117	146
117	60
117	2
117	128
117	155
117	53
117	58
117	118
117	52
117	9
118	142
118	11
118	77
118	91
118	48
118	93
118	69
118	62
118	16
118	149
118	52
118	130
118	109
118	58
118	34
118	8
118	2
118	122
118	25
118	54
118	139
118	29
118	47
118	65
118	41
118	127
118	40
118	89
118	55
118	88
118	121
118	124
118	7
118	120
118	14
118	146
118	152
118	136
118	13
118	21
118	60
118	22
118	46
118	145
118	49
119	77
119	139
119	145
119	69
119	143
119	65
119	4
119	56
119	156
119	152
119	26
119	93
119	136
119	155
119	22
119	47
119	33
119	52
119	25
119	71
119	15
119	34
119	76
119	2
119	97
119	21
119	24
119	19
119	124
119	108
119	112
119	70
119	7
119	105
119	150
119	114
119	89
119	137
119	91
119	41
119	111
119	115
119	75
119	64
119	54
119	142
119	12
119	88
119	51
119	6
119	109
119	61
119	31
119	85
119	120
119	147
119	40
119	74
119	29
119	16
119	50
119	68
119	82
119	135
119	44
119	104
119	90
119	116
120	65
120	47
120	52
120	8
120	56
120	69
120	55
120	32
120	76
120	129
120	34
120	89
120	40
120	54
120	60
120	87
120	108
120	151
120	57
120	142
120	77
120	109
120	128
120	7
120	139
120	122
120	155
120	62
120	64
120	124
120	106
120	132
120	29
120	37
120	152
120	134
120	74
120	111
120	17
120	14
120	84
120	58
120	50
120	157
120	93
120	145
120	6
120	28
120	117
120	9
120	49
120	130
120	70
121	139
121	88
121	82
121	54
121	2
121	122
121	154
121	55
121	23
121	41
121	120
121	146
121	44
121	115
121	153
121	71
121	49
121	26
121	103
121	29
121	95
121	87
121	86
121	43
121	13
121	20
121	124
121	65
121	128
121	89
121	46
121	144
121	96
121	11
121	3
121	80
121	105
121	59
121	109
121	24
121	150
121	132
121	56
121	145
121	45
121	113
121	138
121	47
121	157
121	1
121	100
121	98
122	47
122	67
122	66
122	116
122	48
122	74
122	34
122	108
122	155
122	10
122	8
122	90
122	7
122	65
122	142
122	32
122	123
122	52
122	89
122	40
122	58
122	115
122	109
122	156
122	16
122	18
122	41
122	39
122	15
122	152
122	88
122	111
122	24
122	145
122	86
122	76
122	72
122	132
122	62
122	77
122	28
122	35
123	139
123	65
123	152
123	109
123	54
123	47
123	121
123	69
123	29
123	49
123	156
123	8
123	137
123	142
123	89
123	34
123	129
123	157
123	88
123	40
123	11
123	62
123	52
123	77
123	16
123	12
123	136
123	92
123	104
123	7
123	64
123	132
123	128
123	31
123	60
123	72
123	32
123	145
123	101
123	134
123	140
123	112
123	155
123	108
123	124
123	87
123	135
123	13
123	82
123	74
123	115
123	75
123	33
123	149
123	41
123	2
123	21
123	14
123	91
123	28
123	90
123	57
123	118
123	86
123	147
123	55
123	51
123	143
123	39
123	151
123	96
123	37
124	65
124	79
124	102
124	134
124	47
124	60
124	45
124	77
124	98
124	40
124	76
124	108
124	32
124	122
124	14
124	106
124	34
124	7
124	52
124	121
124	136
124	137
124	69
124	87
124	123
124	151
124	72
124	54
124	88
124	109
124	50
124	96
124	155
124	35
124	62
124	157
124	142
124	128
124	139
124	145
124	97
124	8
124	135
125	26
125	77
125	145
125	54
125	113
125	131
125	56
125	52
125	69
125	16
125	85
125	65
125	11
125	44
125	143
125	111
125	21
125	152
125	157
125	96
125	88
125	25
125	47
125	24
125	142
125	150
125	89
125	156
125	4
125	34
125	122
125	2
125	13
125	106
125	49
125	76
125	115
125	91
125	50
125	7
125	14
125	112
125	61
125	8
125	109
125	155
125	6
125	87
125	19
125	31
125	104
125	120
125	79
125	48
125	33
126	142
126	54
126	65
126	16
126	34
126	121
126	140
126	82
126	88
126	139
126	8
126	53
126	127
126	136
126	74
126	90
126	77
126	56
126	107
126	47
126	55
126	11
126	110
126	69
126	25
126	130
126	109
126	72
126	132
126	152
126	155
126	145
126	7
126	91
126	15
126	84
126	50
126	64
126	134
126	108
126	75
126	128
126	89
126	156
126	2
126	57
126	97
126	39
126	153
126	96
126	68
126	83
126	117
126	40
126	111
126	92
126	148
126	157
126	35
126	58
126	93
126	21
126	87
126	46
126	49
126	44
127	37
127	65
127	91
127	8
127	108
127	142
127	136
127	152
127	140
127	88
127	71
127	77
127	27
127	19
127	115
127	56
127	139
127	54
127	32
127	101
127	20
127	128
127	29
127	99
127	82
127	74
127	90
127	134
127	49
127	103
127	80
127	3
127	35
127	46
127	89
127	47
127	87
127	64
127	124
127	109
127	95
127	7
127	68
127	145
127	106
127	69
127	144
127	28
127	122
127	83
128	111
128	65
128	139
128	13
128	54
128	2
128	7
128	41
128	55
128	58
128	124
128	11
128	109
128	157
128	40
128	29
128	77
128	34
128	8
128	47
128	69
128	108
128	110
128	121
128	36
128	142
128	152
128	74
128	135
128	137
128	82
128	56
128	62
128	120
128	100
128	93
128	12
128	145
128	91
128	52
128	127
128	132
128	126
128	73
128	53
128	156
128	89
128	63
128	60
128	149
128	59
128	14
128	130
128	50
128	79
128	30
128	113
128	146
128	21
128	92
129	157
129	40
129	52
129	29
129	34
129	121
129	47
129	42
129	65
129	55
129	77
129	69
129	54
129	93
129	50
129	139
129	19
129	14
129	112
129	62
129	7
129	80
129	3
129	122
129	49
129	22
129	58
129	13
129	136
129	130
129	145
129	37
129	12
129	97
129	110
129	68
129	89
129	135
129	51
129	100
130	115
130	34
130	18
130	8
130	32
130	29
130	139
130	2
130	77
130	54
130	33
130	69
130	37
130	155
130	47
130	42
130	83
130	101
130	108
130	142
130	13
130	132
130	52
130	71
130	44
130	7
130	88
130	136
130	15
130	65
130	55
130	40
130	41
130	104
130	122
130	49
130	128
130	91
130	28
130	99
130	156
130	103
130	43
130	87
130	134
130	82
130	140
130	146
130	46
130	66
130	39
130	121
130	64
130	109
130	62
130	56
130	25
130	148
130	90
130	21
130	19
130	96
130	35
130	145
130	14
130	89
130	147
130	75
130	11
130	80
130	3
130	131
130	106
130	50
130	129
130	113
130	153
130	86
130	143
130	38
130	105
130	70
130	68
130	152
130	124
130	67
130	93
130	110
130	100
130	16
130	9
130	141
130	135
130	57
131	142
131	136
131	75
131	64
131	2
131	69
131	76
131	109
131	77
131	41
131	52
131	40
131	22
131	54
131	65
131	156
131	24
131	128
131	124
131	50
131	146
131	139
131	145
131	118
131	130
131	34
131	38
131	47
131	99
131	86
131	91
131	16
131	20
131	25
131	18
131	44
131	29
131	56
131	46
131	55
131	152
131	108
131	150
131	87
131	89
131	62
131	115
131	61
131	7
131	144
131	12
131	103
131	88
131	83
131	132
131	14
131	33
131	134
131	82
131	49
131	6
131	111
131	93
131	141
131	135
131	151
131	13
131	57
131	66
131	155
131	15
131	121
131	143
131	43
131	32
131	148
131	120
131	28
131	21
131	157
131	104
131	90
131	68
131	96
131	58
131	84
132	65
132	36
132	77
132	138
132	56
132	34
132	142
132	40
132	38
132	62
132	47
132	72
132	109
132	41
132	139
132	52
132	88
132	54
132	69
132	122
132	147
132	55
132	7
132	137
132	14
132	151
132	96
132	74
132	155
132	124
133	77
133	47
133	109
133	8
133	142
133	97
133	101
133	104
133	119
133	37
133	132
133	152
133	89
133	52
133	106
133	34
133	16
133	155
133	136
133	55
133	65
133	62
133	148
133	139
133	32
133	108
133	83
133	134
133	153
133	54
133	151
133	7
133	99
133	21
133	24
133	145
133	137
133	40
133	64
133	128
133	112
133	130
133	121
133	118
133	84
133	58
133	129
133	124
133	111
133	90
133	100
133	1
133	93
133	60
133	143
133	156
133	51
133	5
133	4
133	66
133	18
133	69
133	49
133	33
133	28
133	157
133	15
133	72
133	85
133	57
133	150
133	75
133	39
133	122
133	14
133	46
133	135
133	88
133	74
133	86
133	25
133	29
133	91
133	13
133	70
133	127
133	6
133	140
133	53
133	117
133	12
133	9
134	139
134	111
134	100
134	54
134	29
134	152
134	7
134	40
134	122
134	47
134	65
134	92
134	69
134	140
134	109
134	77
134	127
134	89
134	43
134	52
134	149
134	41
134	34
134	105
134	130
134	55
134	118
134	62
134	3
134	36
134	53
134	50
134	124
134	14
134	135
134	97
134	120
134	22
134	114
134	58
134	42
134	157
134	72
134	9
134	76
134	93
134	56
134	121
134	70
134	8
134	16
134	74
134	79
134	68
134	32
134	108
134	133
134	142
134	26
134	49
134	19
134	20
134	4
135	93
135	56
135	65
135	142
135	69
135	47
135	54
135	131
135	157
135	16
135	33
135	109
135	136
135	77
135	38
135	21
135	64
135	104
135	22
135	155
135	76
135	37
135	71
135	43
135	88
135	41
135	156
135	145
135	55
135	91
135	11
135	122
135	99
135	19
135	113
135	148
135	108
135	150
135	49
135	46
135	20
135	4
135	87
135	115
135	139
135	153
135	28
135	90
135	44
135	6
135	24
135	34
135	143
135	15
135	31
135	40
135	103
135	42
135	50
135	149
135	70
135	89
135	82
135	52
135	106
135	124
135	62
135	129
135	2
135	61
135	80
135	3
135	74
135	13
135	32
135	130
135	25
135	152
135	128
135	132
135	66
135	111
135	29
135	51
135	67
135	75
135	7
135	84
135	57
135	85
135	147
135	86
135	141
135	96
135	68
135	137
135	146
135	114
135	116
135	12
135	58
135	14
135	107
135	60
135	1
136	47
136	89
136	137
136	77
136	145
136	139
136	130
136	33
136	32
136	64
136	156
136	42
136	76
136	109
136	106
136	34
136	52
136	91
136	7
136	90
136	6
136	2
136	28
136	152
136	142
136	129
136	97
136	4
136	88
136	104
136	56
136	65
136	115
136	17
136	57
136	54
136	85
136	38
136	146
136	21
136	40
136	124
136	127
136	148
136	99
136	29
136	108
136	25
136	72
136	86
136	135
136	110
136	93
136	143
136	132
136	69
136	41
136	103
136	122
136	62
136	100
136	131
136	121
136	8
136	55
136	24
136	39
136	49
136	5
136	61
136	151
136	112
136	144
136	26
136	118
136	116
136	157
136	111
136	58
136	68
137	148
137	89
137	55
137	14
137	29
137	139
137	33
137	91
137	77
137	136
137	32
137	86
137	25
137	109
137	90
137	41
137	74
137	38
137	34
137	124
137	120
137	28
137	2
137	54
137	65
137	108
137	79
137	40
137	31
137	75
137	18
137	121
137	122
137	52
137	88
137	66
137	19
137	99
137	69
137	22
137	132
137	58
137	152
137	142
137	100
137	64
137	156
137	127
137	115
137	104
137	7
137	76
137	48
137	103
137	62
137	147
137	51
137	47
137	150
137	50
137	135
137	87
137	117
137	15
137	8
137	141
137	155
137	128
137	105
137	63
137	57
137	46
137	44
137	49
137	60
137	83
137	144
137	70
137	73
137	24
137	101
137	16
137	10
137	134
138	75
138	65
138	109
138	152
138	62
138	149
138	72
138	69
138	47
138	52
138	82
138	142
138	89
138	139
138	34
138	54
138	32
138	121
138	145
138	50
138	111
138	88
138	20
138	29
138	7
138	8
138	77
138	35
138	134
138	40
138	151
138	155
138	90
138	147
138	136
138	91
138	6
138	150
138	33
138	64
138	15
138	132
138	103
138	156
138	137
138	122
138	57
138	76
138	42
138	105
138	143
138	129
138	85
138	118
138	124
138	99
138	130
139	45
139	142
139	79
139	124
139	140
139	101
139	102
139	98
139	156
139	153
139	123
139	65
139	47
139	8
139	34
139	106
139	14
139	110
139	148
139	132
139	40
139	152
139	60
139	54
139	111
139	77
139	147
139	121
139	87
139	115
139	128
139	49
139	12
139	57
139	58
139	90
139	52
139	50
139	155
139	89
139	108
139	109
139	134
139	16
139	145
139	149
139	92
139	69
139	41
139	31
139	21
139	7
139	143
139	117
139	84
139	97
139	91
139	122
139	62
139	88
139	39
139	151
139	75
139	18
139	137
139	35
139	64
139	32
139	6
139	129
139	74
139	4
139	157
139	59
139	29
140	135
140	124
140	8
140	109
140	47
140	77
140	87
140	29
140	139
140	34
140	54
140	65
140	52
140	88
140	108
140	55
140	27
140	69
140	130
140	82
140	19
140	96
140	120
140	122
140	43
140	115
140	41
140	7
140	58
140	91
140	40
140	64
140	92
140	79
140	144
140	136
140	32
141	145
141	54
141	106
141	13
141	137
141	88
141	49
141	139
141	103
141	64
141	136
141	155
141	77
141	6
141	3
141	32
141	87
141	41
141	105
141	25
141	125
141	149
141	122
141	16
141	2
141	55
141	89
141	74
141	82
141	29
141	62
141	15
141	108
141	90
141	156
141	56
141	40
141	69
141	34
141	115
141	33
141	84
141	19
141	7
141	99
141	65
141	28
141	67
141	104
141	52
141	46
141	148
141	101
141	68
141	112
141	31
141	44
142	139
142	113
142	121
142	108
142	115
142	90
142	75
142	18
142	148
142	106
142	101
142	93
142	43
142	89
142	54
142	32
142	56
142	129
142	33
142	145
142	64
142	134
142	35
142	91
142	74
142	156
142	88
142	110
142	25
142	77
142	84
142	136
142	69
142	99
142	146
142	147
142	57
142	55
142	2
142	155
142	86
142	41
142	26
142	34
142	132
142	130
142	40
142	152
142	52
142	13
142	82
142	38
142	49
142	6
142	65
142	83
142	44
142	153
142	47
142	104
142	124
142	98
142	21
142	111
142	76
142	71
142	103
142	137
142	127
142	7
142	105
142	120
142	8
142	109
142	27
142	122
142	28
142	5
142	29
142	66
142	16
142	19
142	95
142	46
142	11
142	128
142	12
142	87
142	51
142	20
142	39
142	14
142	37
142	9
142	151
142	117
142	15
142	149
142	140
142	42
142	50
142	48
142	96
142	92
142	62
142	80
142	112
142	141
142	3
142	31
142	131
142	4
142	53
142	59
142	58
142	144
142	157
142	72
142	143
142	135
142	73
142	125
142	60
142	68
142	1
142	118
142	24
142	116
142	70
143	61
143	56
143	105
143	93
143	67
143	22
143	71
143	11
143	21
143	94
143	53
143	41
143	3
143	133
143	46
143	52
143	142
143	45
143	54
143	102
143	98
143	59
143	95
143	48
143	145
143	139
143	40
143	34
143	85
143	25
143	65
143	47
143	30
143	87
143	150
143	114
143	79
144	22
144	47
144	92
144	133
144	89
144	76
144	8
144	7
144	108
144	85
144	40
144	145
144	65
144	109
144	93
144	5
144	72
144	111
144	13
144	34
144	121
144	63
144	126
144	21
144	94
144	139
144	152
144	88
144	73
144	77
144	142
144	69
144	54
144	2
144	127
144	53
144	41
144	75
144	52
144	55
144	151
144	97
144	136
144	81
144	143
144	16
144	78
144	155
144	157
144	110
144	32
144	128
144	66
144	120
144	112
144	30
144	36
144	107
144	33
144	58
144	37
144	132
144	18
144	57
144	138
144	135
144	68
145	148
145	155
145	108
145	6
145	33
145	128
145	89
145	15
145	39
145	64
145	109
145	75
145	132
145	32
145	156
145	139
145	118
145	54
145	147
145	61
145	18
145	65
145	2
145	130
145	77
145	99
145	88
145	106
145	52
145	90
145	5
145	34
145	28
145	114
145	41
145	58
145	35
145	137
145	84
145	69
145	134
145	115
145	14
145	62
145	40
145	122
145	142
145	12
145	55
145	104
145	135
145	146
145	47
145	152
145	149
145	117
145	121
145	7
145	56
145	136
145	50
145	91
145	129
145	140
145	25
145	101
145	16
145	116
145	51
145	67
145	119
145	37
145	22
145	124
145	60
145	31
145	44
145	29
145	143
145	113
145	141
145	8
145	72
145	111
145	157
145	86
145	85
145	125
145	93
145	133
145	144
145	103
145	82
145	87
145	83
145	66
145	57
145	138
145	43
145	151
145	36
146	73
146	17
146	94
146	42
146	47
146	126
146	63
146	133
146	77
146	22
146	36
146	128
146	19
146	130
146	8
146	81
146	65
146	40
146	1
146	142
146	93
146	138
146	70
146	2
146	139
146	34
146	39
146	53
146	148
146	41
146	152
146	68
146	134
147	65
147	86
147	36
147	34
147	77
147	47
147	62
147	69
147	152
147	51
147	14
147	16
147	54
147	115
147	7
147	88
147	138
147	41
147	72
147	21
147	145
147	110
147	113
147	122
147	139
147	121
147	40
147	58
148	36
148	34
148	133
148	65
148	124
148	55
148	43
148	100
148	150
148	29
148	98
148	7
148	135
148	14
148	121
148	62
148	77
148	53
148	42
148	47
148	130
148	74
148	144
148	137
148	13
148	58
148	136
148	66
148	112
148	122
148	40
148	35
148	109
148	48
148	54
148	63
148	139
148	138
148	85
148	50
148	69
148	152
148	82
148	120
149	69
149	124
149	142
149	33
149	41
149	40
149	77
149	13
149	49
149	34
149	9
149	47
149	106
149	139
149	52
149	88
149	89
149	54
149	65
149	109
149	64
149	108
149	25
149	136
149	62
149	148
149	15
149	121
149	66
149	93
149	55
149	29
149	115
149	127
149	133
149	113
149	56
149	122
149	120
149	7
149	73
149	50
149	91
149	75
150	33
150	132
150	64
150	145
150	108
150	99
150	155
150	156
150	135
150	47
150	113
150	90
150	57
150	77
150	139
150	28
150	69
150	111
150	128
150	58
150	32
150	147
150	54
150	93
150	136
150	18
150	89
150	5
150	55
150	52
150	75
150	16
150	84
150	62
150	102
150	83
150	29
150	125
150	46
150	148
150	88
150	34
150	86
150	133
150	25
150	143
150	40
150	2
150	41
150	7
150	22
150	70
150	63
150	146
150	144
150	97
150	21
150	65
150	94
150	107
150	15
150	152
150	10
150	44
150	101
150	130
150	14
150	153
150	73
150	106
150	114
150	53
150	79
150	117
150	81
150	98
150	72
150	142
150	126
151	145
151	77
151	21
151	65
151	47
151	40
151	29
151	69
151	142
151	66
151	54
151	124
151	139
151	108
151	6
151	91
151	79
151	89
151	82
151	34
151	155
151	121
151	52
151	120
151	43
151	55
151	100
151	75
151	72
151	7
151	8
151	76
151	152
151	2
151	84
151	138
151	109
151	101
151	122
151	32
151	62
151	99
151	49
151	5
151	94
151	150
151	86
151	156
151	136
151	93
151	115
151	64
151	24
151	141
151	88
151	25
151	102
151	98
151	116
151	114
151	67
151	130
151	42
151	85
151	149
151	128
151	60
151	33
152	34
152	56
152	54
152	134
152	129
152	153
152	64
152	93
152	43
152	139
152	156
152	127
152	115
152	4
152	77
152	132
152	109
152	136
152	49
152	155
152	65
152	42
152	104
152	148
152	33
152	122
152	41
152	32
152	145
152	76
152	14
152	130
152	88
152	55
152	128
152	106
152	37
152	108
152	113
152	21
152	85
152	89
152	91
152	13
152	147
152	74
152	149
152	7
152	16
152	40
152	19
152	69
152	25
152	9
152	46
152	15
152	2
152	111
152	84
152	103
152	121
152	99
152	39
152	20
152	150
152	24
152	52
152	75
152	110
152	101
152	86
152	31
152	87
152	62
152	28
152	29
152	146
152	44
152	125
152	38
152	80
152	18
152	131
152	120
152	82
152	112
152	50
152	157
152	140
152	3
152	58
152	90
152	35
152	73
152	124
152	47
152	51
152	143
152	137
152	83
152	59
152	8
152	66
152	60
152	107
152	96
152	70
152	11
152	12
152	105
152	1
152	57
152	68
152	6
152	141
152	142
153	47
153	64
153	87
153	37
153	145
153	13
153	7
153	119
153	29
153	128
153	108
153	155
153	130
153	92
153	134
153	139
153	28
153	140
153	32
153	88
153	106
153	101
153	152
153	135
153	89
153	2
153	142
153	137
153	42
153	69
153	55
153	148
153	127
153	40
153	20
153	6
153	124
153	34
153	122
153	82
153	54
153	50
153	90
153	111
153	49
153	109
153	60
153	15
153	39
153	75
153	16
153	118
153	84
153	45
153	18
153	74
153	33
153	77
153	25
153	65
153	112
153	43
153	149
153	132
153	129
153	83
153	91
153	121
153	97
153	52
153	58
153	72
153	141
153	147
153	98
153	4
153	57
153	105
153	100
153	115
153	143
153	62
153	103
153	96
153	41
153	136
153	76
153	157
153	21
153	117
153	94
154	47
154	109
154	124
154	39
154	33
154	43
154	88
154	136
154	52
154	139
154	77
154	82
154	127
154	54
154	58
154	22
154	142
154	135
154	137
154	89
154	28
154	152
154	34
154	112
154	69
154	7
154	121
154	65
154	2
154	42
154	40
154	74
154	145
154	72
154	115
154	17
154	25
154	55
154	41
154	86
154	111
154	143
154	49
154	14
154	108
154	93
154	149
154	91
154	29
154	151
154	147
154	138
154	100
154	6
154	128
154	96
154	16
154	21
154	75
154	153
154	104
154	122
154	97
154	64
154	31
154	144
154	99
154	10
154	118
154	26
154	24
154	156
154	87
154	62
154	132
154	18
154	35
154	57
154	4
154	50
154	76
154	51
154	103
154	56
154	155
154	130
154	150
154	114
154	84
154	107
155	55
155	142
155	41
155	54
155	139
155	124
155	89
155	110
155	29
155	113
155	111
155	2
155	133
155	7
155	146
155	126
155	109
155	38
155	9
155	71
155	13
155	151
155	153
155	120
155	65
155	58
155	56
155	104
155	100
155	43
155	47
155	8
155	52
155	149
155	77
155	79
155	82
155	45
155	20
155	93
155	152
155	40
155	49
155	94
155	59
155	22
155	3
155	145
155	73
155	112
155	34
155	88
155	105
155	135
155	25
155	121
155	53
155	143
155	130
155	74
155	123
155	91
155	72
155	69
155	138
155	36
155	11
155	51
155	61
155	95
155	62
155	157
155	63
155	68
155	127
155	98
155	144
155	31
155	60
155	114
155	76
155	137
155	115
155	26
155	5
155	84
155	75
156	131
156	36
156	65
156	72
156	77
156	42
156	109
156	40
156	138
156	54
156	41
156	50
156	88
156	4
156	34
156	2
156	47
156	151
156	51
156	121
156	8
156	115
156	52
156	137
156	142
156	69
156	139
157	67
157	136
157	31
157	2
157	142
157	152
157	109
157	34
157	52
157	47
157	121
157	77
157	65
157	122
157	55
157	104
157	22
157	5
157	139
157	29
157	54
157	81
157	151
157	48
157	145
157	53
157	120
157	108
157	49
157	138
157	35
157	88
157	50
157	130
157	115
157	89
157	44
157	63
157	93
157	124
157	114
157	135
157	86
