1	71
1	48
1	95
1	6
1	21
1	113
1	97
1	82
1	34
1	51
1	61
1	45
1	53
1	14
1	75
1	10
1	104
1	63
1	83
1	9
1	54
1	3
1	72
1	29
1	7
1	64
1	59
1	87
1	56
1	40
1	93
1	101
1	13
1	11
1	111
1	8
1	57
1	85
1	36
1	32
1	86
1	96
1	50
1	24
1	109
1	90
1	55
1	5
1	37
1	60
1	31
1	33
1	39
1	68
1	92
1	18
1	52
1	89
2	61
2	65
2	102
2	40
2	56
2	33
2	72
2	29
2	108
2	78
2	95
2	54
2	20
2	41
2	4
2	7
2	27
2	55
2	82
2	79
2	34
2	97
2	25
2	49
2	8
2	87
2	11
2	37
2	32
2	60
2	85
2	57
2	9
2	111
2	3
2	80
2	51
2	92
2	31
2	5
2	13
2	76
2	67
2	69
2	86
2	19
2	52
2	1
2	71
2	75
2	23
2	89
2	63
2	104
2	59
2	73
2	26
2	94
2	42
2	30
2	70
3	61
3	56
3	72
3	87
3	65
3	14
3	109
3	29
3	55
3	100
3	53
3	104
3	89
3	84
3	90
3	98
3	86
3	112
3	75
3	17
3	13
3	1
3	101
3	105
3	48
3	43
3	83
3	108
3	22
3	32
3	34
3	93
3	30
3	97
3	92
3	76
3	77
3	78
3	88
3	54
3	42
3	16
3	27
3	79
3	82
3	15
3	60
3	38
3	2
3	36
3	106
3	110
3	50
3	96
3	102
3	63
3	21
3	5
3	95
3	37
3	31
3	70
3	67
3	113
3	33
3	11
3	91
3	74
3	10
3	69
3	45
3	49
3	4
3	57
3	68
3	64
3	25
3	52
3	9
3	44
3	81
3	7
3	111
3	71
3	35
3	41
3	40
3	99
3	24
3	85
3	58
3	8
3	26
3	39
3	62
3	94
3	73
3	80
3	6
3	103
3	59
3	18
3	46
3	12
4	72
4	27
4	39
4	108
4	98
4	101
4	12
4	57
4	92
4	87
4	82
4	47
4	9
4	48
4	109
4	95
4	37
4	56
4	113
4	102
4	81
4	55
4	8
4	50
4	49
4	97
4	44
4	59
4	106
4	54
4	3
4	45
4	69
5	75
5	56
5	78
5	33
5	86
5	14
5	3
5	113
5	55
5	11
5	50
5	63
5	87
5	29
5	7
5	97
5	61
5	112
5	2
5	100
5	34
5	106
5	65
5	102
5	31
5	30
5	35
5	53
5	9
5	72
5	83
5	93
5	58
5	111
5	85
5	79
5	70
5	81
5	101
5	49
5	13
5	27
5	59
5	84
5	25
5	6
5	60
5	95
5	46
5	18
5	37
5	89
5	54
5	108
5	23
5	104
5	107
5	15
5	71
6	55
6	93
6	29
6	63
6	100
6	65
6	9
6	26
6	60
6	72
6	104
6	111
6	15
6	97
6	57
6	61
6	82
6	19
6	22
6	47
6	88
6	91
6	87
6	18
6	37
6	33
6	109
6	79
6	52
6	32
6	14
6	35
6	13
6	16
6	113
6	51
6	103
6	50
6	89
6	76
6	112
7	95
7	14
7	56
7	54
7	108
7	55
7	93
7	86
7	102
7	29
7	71
7	70
7	34
7	21
7	15
7	72
7	37
7	63
7	65
7	69
7	48
7	83
7	91
7	112
7	26
7	97
7	74
7	9
7	25
7	66
7	51
7	11
7	67
7	78
7	33
7	100
7	96
7	101
7	24
7	16
7	92
7	41
7	87
7	13
7	31
7	76
7	105
7	4
7	50
7	18
7	85
7	23
7	42
7	89
7	17
8	23
8	48
8	29
8	13
8	22
8	33
8	106
8	3
8	50
8	14
8	17
8	72
8	51
8	61
8	40
8	64
8	95
8	101
8	31
8	15
8	52
8	112
8	83
8	26
8	86
8	93
8	76
8	104
8	96
8	43
8	20
8	6
8	65
8	108
8	85
8	27
8	9
8	63
8	74
8	89
8	69
8	103
9	105
9	97
9	104
9	29
9	61
9	36
9	87
9	23
9	22
9	53
9	113
9	50
9	112
9	100
9	83
9	13
9	33
9	82
9	57
9	78
9	74
9	55
9	17
9	30
9	44
9	2
9	65
9	15
9	88
9	54
9	7
9	46
9	75
9	28
9	27
9	10
9	89
9	101
9	14
9	79
9	108
9	56
9	106
9	110
9	92
9	24
9	72
9	26
9	31
9	91
9	38
9	81
9	43
9	11
9	8
9	94
9	109
9	67
9	18
9	25
9	63
9	86
9	93
9	5
9	76
9	41
9	111
9	49
9	4
9	16
9	48
9	71
9	99
9	96
9	64
9	32
9	58
9	69
9	80
9	103
9	3
9	68
9	42
10	13
10	9
10	111
10	70
10	71
10	108
10	26
10	3
10	45
10	72
10	63
10	17
10	2
10	56
10	4
10	29
10	58
10	61
10	89
10	78
10	41
10	48
10	33
10	52
10	112
10	101
10	54
10	82
10	77
10	91
10	42
10	50
10	113
10	5
10	14
10	105
10	87
10	75
10	51
10	60
10	12
10	66
10	104
10	103
10	95
10	83
10	53
10	65
11	75
11	88
11	105
11	7
11	79
11	53
11	101
11	109
11	98
11	87
11	91
11	55
11	23
11	97
11	83
11	50
11	24
11	89
11	100
11	74
11	65
11	104
11	99
11	3
11	110
11	13
11	108
11	5
11	17
11	76
11	4
11	113
11	69
11	86
11	82
11	29
11	44
11	16
11	10
11	103
11	68
11	106
11	37
11	46
11	95
11	94
12	20
12	29
12	78
12	14
12	108
12	113
12	60
12	21
12	24
12	111
12	104
12	87
12	42
12	33
12	32
12	72
12	17
12	13
12	41
12	75
12	27
12	97
12	9
12	101
12	19
12	93
12	2
12	16
12	3
12	61
12	65
12	67
12	55
12	79
12	47
12	88
12	48
12	112
12	15
12	83
12	98
12	73
12	58
12	64
12	57
12	69
12	110
12	50
12	85
12	1
12	25
12	94
12	30
12	22
12	35
12	80
12	4
12	36
12	102
12	10
12	89
12	7
12	91
12	74
12	5
12	105
12	18
12	96
12	53
13	76
13	3
13	4
13	101
13	87
13	9
13	32
13	82
13	47
13	111
13	69
13	14
13	102
13	2
13	57
13	43
13	105
13	108
13	75
13	95
13	97
13	27
13	17
13	31
13	72
13	112
13	63
13	104
13	71
13	68
13	55
13	44
13	29
13	78
13	113
13	67
13	22
13	25
13	91
13	37
13	89
13	48
13	34
13	79
13	60
13	70
13	96
13	58
13	84
13	8
13	46
13	73
13	99
13	11
13	80
13	64
13	66
13	50
13	33
13	81
13	19
13	85
13	26
13	53
13	86
13	49
13	56
13	93
13	7
13	6
13	92
13	65
13	35
14	20
14	67
14	49
14	29
14	65
14	72
14	4
14	40
14	108
14	24
14	78
14	87
14	111
14	84
14	96
14	55
14	22
14	95
14	33
14	76
14	93
14	54
14	17
14	42
14	16
14	102
14	104
14	2
14	25
14	92
14	82
14	37
14	3
14	97
14	53
14	57
14	13
14	50
14	113
14	89
14	27
14	86
14	7
14	11
14	63
14	9
14	69
14	26
14	83
14	70
14	75
14	85
14	1
14	34
14	71
14	8
14	99
14	112
14	46
14	60
14	58
14	61
14	5
14	48
14	110
14	21
14	56
14	59
14	101
14	103
14	94
15	83
15	56
15	55
15	65
15	58
15	48
15	96
15	92
15	30
15	97
15	108
15	101
15	2
15	17
15	75
15	89
15	33
15	22
15	100
15	7
15	72
15	29
15	26
15	79
15	8
15	44
15	37
15	104
15	14
15	105
15	21
15	113
15	64
15	51
15	10
15	76
15	86
15	42
15	46
15	93
15	52
15	95
15	53
15	50
15	63
16	65
16	72
16	111
16	40
16	56
16	90
16	9
16	87
16	69
16	20
16	108
16	97
16	86
16	84
16	55
16	15
16	2
16	53
16	61
16	83
16	79
16	32
16	18
16	75
16	11
16	95
16	7
16	37
16	24
16	33
16	29
16	4
16	82
16	49
16	89
16	63
16	3
16	85
16	36
16	58
16	96
16	26
16	22
16	81
16	1
16	25
16	14
16	105
16	99
16	67
16	70
16	46
16	21
16	48
16	34
16	104
16	44
16	5
16	42
16	30
16	113
16	31
16	109
16	19
16	35
17	72
17	57
17	40
17	95
17	108
17	9
17	87
17	27
17	78
17	96
17	81
17	66
17	11
17	37
17	54
17	3
17	97
17	53
17	29
17	55
17	7
17	15
17	14
17	13
17	77
17	101
17	33
17	94
17	104
17	47
17	112
17	111
17	64
17	31
17	59
17	48
17	60
17	5
17	90
17	25
17	65
17	82
17	50
17	63
17	83
17	58
17	100
17	8
17	24
17	10
17	99
17	6
17	92
17	19
17	84
18	95
18	101
18	25
18	56
18	65
18	51
18	17
18	63
18	113
18	46
18	6
18	16
18	21
18	13
18	41
18	29
18	11
18	22
18	104
18	79
18	92
18	53
18	69
18	40
18	88
18	60
18	108
18	87
18	99
18	50
18	34
18	9
18	72
18	31
18	89
18	5
18	3
18	7
18	32
18	58
18	55
19	94
19	105
19	70
19	111
19	24
19	97
19	74
19	29
19	89
19	106
19	84
19	48
19	98
19	55
19	104
19	72
19	16
19	14
19	22
19	17
19	88
19	81
19	28
19	27
19	75
19	79
19	69
19	78
19	44
19	102
19	77
19	61
19	50
19	3
19	26
19	87
19	46
19	112
19	67
19	92
19	7
19	66
19	33
19	54
19	30
19	4
19	18
19	59
19	53
19	13
19	95
19	101
19	91
19	40
19	109
19	10
19	108
19	64
19	110
19	82
19	83
19	71
19	36
19	100
19	65
19	34
19	11
19	56
19	113
19	76
19	103
19	58
19	32
19	90
19	38
19	43
19	1
19	2
19	5
20	105
20	104
20	33
20	9
20	47
20	29
20	75
20	83
20	97
20	95
20	113
20	72
20	8
20	25
20	79
20	31
20	65
20	13
20	14
20	36
20	55
20	61
20	2
20	88
20	19
20	60
20	22
20	93
20	53
20	48
20	91
20	101
20	81
20	108
20	94
20	69
20	11
20	44
20	109
20	4
20	16
20	34
20	50
20	42
20	63
20	7
20	56
20	99
20	76
20	106
20	103
20	74
20	112
20	96
20	30
20	89
20	87
20	51
21	95
21	34
21	79
21	17
21	51
21	112
21	7
21	87
21	48
21	11
21	9
21	65
21	67
21	19
21	83
21	29
21	6
21	97
21	23
21	60
21	89
21	55
21	69
21	101
21	63
21	4
21	3
21	32
21	110
21	59
21	22
21	46
21	85
21	12
21	16
21	102
21	94
21	5
21	2
21	24
21	113
21	75
21	56
21	105
21	76
21	50
21	14
21	99
21	54
21	74
21	72
21	15
21	111
21	64
21	100
21	13
21	18
21	49
21	108
21	33
21	10
21	30
21	103
21	47
21	92
21	71
22	104
22	8
22	24
22	4
22	82
22	29
22	94
22	75
22	95
22	108
22	48
22	56
22	55
22	86
22	19
22	92
22	65
22	67
22	60
22	33
22	6
22	102
22	69
22	78
22	105
22	72
22	14
22	43
22	90
22	5
22	1
22	79
22	109
22	83
22	54
22	71
22	26
22	64
22	9
22	101
22	34
22	11
22	53
22	87
22	113
22	99
22	21
22	63
22	57
22	3
22	61
22	59
22	50
22	111
22	68
22	70
22	97
22	93
22	85
22	16
22	36
22	80
22	35
22	89
22	25
22	13
22	49
23	105
23	111
23	45
23	104
23	63
23	21
23	42
23	3
23	24
23	25
23	53
23	62
23	72
23	17
23	74
23	22
23	9
23	97
23	14
23	65
23	89
23	29
23	69
23	108
23	64
23	112
23	11
23	82
23	33
23	71
23	8
23	27
23	92
23	1
23	59
23	12
23	94
23	76
24	72
24	73
24	108
24	28
24	69
24	97
24	88
24	61
24	66
24	41
24	39
24	95
24	48
24	56
24	89
24	59
24	55
24	92
24	21
24	23
24	82
24	106
24	87
24	90
24	86
24	45
24	70
24	60
24	103
24	36
24	30
24	105
24	38
24	3
25	48
25	101
25	96
25	105
25	72
25	4
25	75
25	71
25	61
25	18
25	30
25	64
25	111
25	79
25	14
25	6
25	16
25	93
25	15
25	112
25	24
25	8
25	102
25	97
25	65
25	33
25	29
25	56
25	22
25	36
25	108
25	104
25	12
25	7
25	53
25	51
25	55
25	50
25	49
25	95
25	63
25	9
25	76
25	3
25	27
25	81
25	5
25	74
25	82
25	87
26	105
26	90
26	9
26	95
26	72
26	96
26	60
26	80
26	102
26	71
26	49
26	87
26	52
26	1
26	108
26	55
26	27
26	3
26	11
26	70
26	34
26	29
26	48
26	85
26	67
26	12
26	30
26	56
26	92
26	65
26	104
26	112
26	69
26	99
26	50
26	32
26	57
27	48
27	37
27	95
27	50
27	108
27	75
27	82
27	8
27	6
27	104
27	47
27	72
27	65
27	83
27	74
27	99
27	107
27	3
27	24
27	112
27	97
27	29
27	57
27	87
27	56
27	25
27	2
27	1
27	12
27	77
27	111
27	89
27	9
28	52
28	54
28	3
28	59
28	95
28	56
28	58
28	14
28	55
28	27
28	29
28	108
28	17
28	12
28	60
28	76
28	42
28	75
28	13
28	62
28	105
28	4
28	73
28	106
28	57
28	92
28	63
28	77
28	98
28	31
28	96
28	65
28	111
28	87
28	69
28	72
28	61
28	24
28	112
28	84
28	97
28	50
28	8
28	100
28	104
28	99
28	74
28	21
28	1
28	36
28	91
28	86
28	89
28	82
28	22
28	48
28	68
28	67
29	86
29	50
29	80
29	19
29	44
29	10
29	4
29	81
29	98
29	75
29	89
29	72
29	45
29	95
29	68
29	78
29	49
29	106
29	31
29	18
29	43
29	39
29	24
29	41
29	111
29	76
29	27
29	17
29	38
29	97
29	99
29	113
29	14
29	46
29	58
29	67
29	110
29	28
29	42
29	88
29	9
29	62
29	87
29	73
29	54
29	55
29	107
29	25
29	21
29	93
29	96
29	79
29	91
29	8
29	56
29	3
29	47
29	105
29	109
29	48
29	84
29	108
29	64
29	22
29	57
29	61
29	83
29	23
29	65
29	30
29	101
29	77
29	92
29	34
29	60
29	6
29	2
29	33
29	1
29	103
29	40
29	94
29	32
29	13
29	69
29	51
29	82
29	20
30	1
30	56
30	69
30	104
30	95
30	32
30	25
30	43
30	76
30	71
30	79
30	108
30	15
30	67
30	4
30	2
30	61
30	55
30	50
30	33
30	54
30	72
30	36
30	37
30	29
30	86
30	14
30	75
30	80
30	111
30	34
30	8
30	85
30	26
30	5
30	102
30	87
30	92
30	7
30	112
30	65
30	70
30	12
30	74
30	42
30	21
30	89
30	99
30	3
30	24
31	48
31	112
31	111
31	101
31	12
31	75
31	87
31	63
31	72
31	93
31	64
31	37
31	97
31	8
31	105
31	41
31	83
31	79
31	91
31	9
31	108
31	69
31	55
31	113
31	11
31	82
31	36
31	99
31	56
31	60
31	94
31	49
31	33
31	46
31	90
31	19
31	86
31	26
31	73
31	25
31	2
31	80
31	3
31	6
31	96
31	32
31	89
31	30
31	14
31	23
31	4
32	95
32	104
32	101
32	56
32	9
32	2
32	72
32	40
32	4
32	82
32	109
32	13
32	14
32	37
32	75
32	7
32	50
32	76
32	36
32	59
32	43
32	63
32	3
32	23
32	79
32	65
32	29
32	69
32	16
32	53
32	78
32	11
32	33
32	61
32	17
32	85
32	30
32	90
32	113
32	112
32	27
32	83
32	48
32	25
32	46
32	94
32	92
33	56
33	48
33	87
33	105
33	29
33	95
33	101
33	113
33	86
33	21
33	13
33	30
33	49
33	108
33	97
33	99
33	17
33	54
33	34
33	88
33	22
33	25
33	2
33	75
33	65
33	73
33	53
33	79
33	8
33	91
33	37
33	94
33	72
33	112
33	31
33	50
33	92
33	84
33	109
33	74
33	71
33	32
33	51
33	19
33	7
33	85
33	61
33	76
33	23
33	111
33	83
33	27
33	89
33	78
33	63
33	55
33	60
33	104
33	67
33	46
33	70
33	40
33	4
33	24
33	5
33	16
33	14
33	9
33	102
33	96
33	26
33	103
34	48
34	95
34	10
34	72
34	6
34	14
34	30
34	29
34	99
34	1
34	71
34	100
34	52
34	75
34	93
34	13
34	104
34	26
34	64
34	49
34	61
34	51
34	11
34	15
34	84
34	31
34	55
34	42
34	67
34	9
34	22
34	90
34	66
34	65
34	83
34	32
34	113
34	21
34	39
34	85
34	87
34	24
34	7
34	60
34	33
34	97
34	63
34	111
34	96
34	70
34	50
34	102
34	8
34	105
35	42
35	101
35	14
35	43
35	24
35	100
35	55
35	110
35	33
35	16
35	78
35	72
35	75
35	17
35	88
35	19
35	29
35	61
35	7
35	86
35	108
35	60
35	71
35	46
35	50
35	87
35	67
35	21
35	112
35	36
35	97
35	104
35	31
35	8
35	57
35	52
35	48
35	96
35	79
35	41
35	82
35	74
35	25
35	11
35	2
35	6
35	49
35	66
35	58
35	23
35	102
35	63
35	64
35	9
35	113
35	22
35	18
35	3
35	76
35	30
35	85
35	56
35	83
35	13
35	89
35	95
35	26
35	34
35	51
36	3
36	104
36	73
36	111
36	67
36	42
36	55
36	86
36	6
36	14
36	71
36	4
36	30
36	110
36	2
36	46
36	105
36	15
36	87
36	57
36	76
36	89
36	113
36	100
36	79
36	92
36	101
36	51
36	48
36	75
36	33
36	40
36	53
36	41
36	9
36	17
36	108
36	97
36	22
36	84
36	62
36	70
36	106
36	60
36	81
36	32
36	63
36	29
36	31
36	65
36	103
36	18
36	13
36	96
36	83
36	1
36	49
36	21
36	50
37	83
37	96
37	93
37	53
37	27
37	99
37	100
37	75
37	29
37	95
37	71
37	5
37	104
37	59
37	31
37	82
37	14
37	102
37	6
37	15
37	3
37	65
37	22
37	13
37	89
37	48
37	67
37	40
37	105
37	11
37	72
37	97
37	90
37	41
37	49
37	55
37	38
37	87
37	43
37	50
37	54
37	25
37	18
37	68
37	108
37	103
37	86
37	9
37	34
37	92
38	42
38	93
38	56
38	72
38	9
38	17
38	27
38	75
38	97
38	3
38	67
38	79
38	13
38	69
38	29
38	52
38	98
38	4
38	71
38	74
38	63
38	21
38	94
38	35
38	31
38	6
38	12
38	78
38	14
38	92
38	22
38	87
38	109
38	59
38	108
38	76
38	101
38	66
38	24
38	25
38	112
38	83
38	111
38	39
38	26
38	73
38	70
38	105
38	2
38	16
38	58
38	53
38	104
38	50
38	48
38	34
38	45
38	30
38	81
38	77
38	32
39	78
39	104
39	9
39	22
39	14
39	51
39	102
39	7
39	60
39	30
39	110
39	65
39	95
39	29
39	75
39	108
39	47
39	112
39	48
39	13
39	17
39	81
39	76
39	88
39	33
39	61
39	57
39	97
39	96
39	6
39	1
39	109
39	11
39	50
39	58
39	69
39	72
39	93
39	86
39	68
39	42
39	31
39	54
39	101
39	5
39	85
39	70
39	90
39	55
39	4
39	40
39	36
39	87
39	73
39	32
39	19
39	79
39	8
39	113
39	26
39	103
39	41
40	4
40	27
40	113
40	105
40	57
40	66
40	104
40	112
40	17
40	29
40	86
40	72
40	108
40	25
40	1
40	97
40	61
40	75
40	68
40	65
40	101
40	96
40	55
40	19
40	69
40	15
40	49
40	30
40	73
40	9
40	3
40	63
40	7
40	92
40	21
40	58
40	67
40	111
40	94
40	11
40	48
40	83
40	50
40	34
40	18
40	81
40	102
40	45
40	71
40	53
40	39
40	22
40	36
40	90
40	54
40	26
40	82
40	87
40	103
40	70
40	78
40	52
40	89
40	60
40	24
41	12
41	16
41	19
41	92
41	97
41	75
41	4
41	73
41	42
41	95
41	107
41	61
41	72
41	108
41	46
41	8
41	17
41	87
41	78
41	28
41	59
41	2
41	81
41	55
41	14
41	53
41	29
41	102
41	47
41	60
41	44
41	79
41	70
41	112
41	63
41	76
41	26
41	13
41	21
41	104
41	3
41	57
41	56
41	9
41	106
41	54
41	36
41	68
41	88
41	89
41	64
41	6
41	66
41	50
41	91
41	83
41	109
41	110
41	105
41	69
41	98
41	35
41	111
41	71
41	67
41	101
41	100
41	94
41	30
41	33
41	96
41	85
41	52
41	22
41	48
41	27
41	39
41	86
41	103
41	93
41	18
42	55
42	24
42	104
42	45
42	98
42	49
42	22
42	95
42	73
42	9
42	34
42	48
42	70
42	19
42	105
42	61
42	18
42	8
42	83
42	17
42	111
42	79
42	30
42	77
42	39
42	78
42	75
42	57
42	31
42	28
42	29
42	108
42	56
42	72
42	112
42	113
42	76
42	88
42	16
42	71
42	13
42	43
42	53
42	60
42	69
42	54
42	67
42	7
42	4
42	110
42	33
42	100
42	14
42	97
42	50
42	89
42	92
42	64
42	3
42	63
42	109
42	87
42	82
42	38
42	86
42	41
42	1
42	2
42	52
42	11
42	58
42	101
42	59
42	65
42	47
42	5
42	36
42	35
42	66
42	23
42	81
42	21
42	85
42	93
42	37
42	26
42	96
42	91
42	46
42	99
42	25
42	10
42	94
42	15
42	103
43	24
43	57
43	34
43	76
43	63
43	3
43	46
43	72
43	67
43	13
43	8
43	95
43	89
43	15
43	90
43	69
43	108
43	66
43	48
43	19
43	29
43	112
43	73
43	97
43	60
43	71
43	102
43	68
43	14
43	55
43	56
43	111
43	79
43	99
43	65
43	2
43	80
43	7
43	5
43	40
43	21
44	39
44	65
44	87
44	3
44	89
44	29
44	72
44	75
44	11
44	101
44	15
44	97
44	111
44	62
44	55
44	14
44	61
44	31
44	12
44	30
44	92
44	17
44	13
44	108
44	100
44	83
44	57
44	50
44	113
44	105
44	76
44	52
44	71
44	69
44	4
44	85
44	104
44	21
44	42
44	51
44	32
44	10
44	22
44	5
44	86
44	112
44	103
44	43
44	16
44	60
45	48
45	72
45	6
45	29
45	55
45	95
45	18
45	22
45	16
45	9
45	87
45	89
45	27
45	28
45	17
45	90
45	82
45	47
45	108
45	73
45	51
45	83
45	101
45	53
45	85
45	13
45	97
45	109
45	63
45	104
45	102
45	79
45	105
45	50
45	32
45	100
45	36
45	11
45	60
45	57
45	75
45	56
45	33
45	103
45	92
45	74
45	76
45	112
45	4
45	113
46	56
46	39
46	47
46	3
46	108
46	97
46	14
46	42
46	33
46	29
46	21
46	71
46	73
46	86
46	59
46	48
46	64
46	63
46	37
46	95
46	72
46	87
46	111
46	49
46	45
46	25
47	23
47	97
47	106
47	55
47	81
47	13
47	24
47	44
47	51
47	88
47	61
47	10
47	79
47	39
47	87
47	54
47	75
47	15
47	30
47	105
47	69
47	18
47	72
47	91
47	104
47	109
47	111
47	84
47	41
47	33
47	76
47	83
47	29
47	89
47	22
47	4
47	59
47	52
47	7
47	16
47	86
47	101
47	14
47	17
47	99
47	2
47	103
47	65
47	78
47	36
47	5
47	92
47	50
47	100
47	32
47	108
47	71
48	86
48	56
48	30
48	104
48	113
48	17
48	9
48	97
48	34
48	55
48	76
48	22
48	112
48	2
48	100
48	15
48	29
48	78
48	51
48	46
48	18
48	53
48	75
48	72
48	91
48	109
48	26
48	61
48	106
48	69
48	14
48	16
48	6
48	8
48	66
48	33
48	79
48	60
48	105
48	93
48	111
48	87
48	21
48	40
48	13
48	83
48	50
48	85
48	4
48	1
48	90
48	101
48	31
48	25
48	82
48	108
48	3
48	19
48	70
48	110
48	68
48	65
48	95
48	28
48	57
48	24
48	96
48	44
48	89
48	27
48	49
48	67
48	54
48	5
48	92
48	59
49	21
49	65
49	72
49	34
49	48
49	64
49	63
49	99
49	9
49	108
49	13
49	6
49	67
49	59
49	97
49	60
49	95
49	53
49	111
49	56
49	24
49	79
49	3
49	42
49	39
49	85
49	82
49	89
49	23
49	30
49	29
49	77
49	43
49	12
50	56
50	3
50	45
50	73
50	25
50	42
50	35
50	77
50	12
50	17
50	39
50	108
50	2
50	79
50	75
50	30
50	65
50	82
50	4
50	111
50	8
50	1
50	64
50	55
50	86
50	72
50	98
50	28
50	24
50	78
50	76
50	110
50	41
50	62
50	37
50	31
50	93
50	107
50	104
50	29
50	48
50	92
50	103
50	97
50	9
50	22
50	14
50	7
50	59
50	52
51	104
51	113
51	38
51	90
51	112
51	29
51	83
51	69
51	33
51	97
51	89
51	48
51	96
51	87
51	30
51	50
51	32
51	108
51	75
51	86
51	65
51	93
51	7
51	14
51	82
51	61
51	81
51	22
51	76
51	27
51	17
51	72
51	88
51	79
51	2
51	8
51	55
51	13
51	105
51	106
51	3
51	46
51	36
51	15
51	53
51	18
51	64
51	100
51	44
51	95
51	109
51	91
51	71
51	49
51	9
51	31
51	11
51	101
51	68
51	16
51	41
51	63
51	74
51	37
51	99
51	4
51	5
51	45
51	54
51	25
51	77
51	85
51	23
51	24
51	102
51	26
51	67
51	107
51	92
51	6
51	111
51	103
51	59
51	94
51	19
51	21
51	42
52	1
52	2
52	48
52	51
52	95
52	104
52	3
52	63
52	6
52	65
52	59
52	54
52	72
52	83
52	57
52	14
52	108
52	29
52	11
52	37
52	10
52	75
52	53
52	58
52	33
52	8
52	45
52	31
52	60
52	67
52	113
52	92
52	9
52	85
52	47
52	39
52	89
52	50
52	82
52	61
52	103
52	5
52	87
52	46
52	105
53	50
53	56
53	108
53	48
53	5
53	83
53	95
53	94
53	86
53	34
53	13
53	14
53	61
53	93
53	29
53	19
53	112
53	75
53	97
53	63
53	21
53	67
53	9
53	6
53	79
53	92
53	37
53	96
53	87
53	104
53	31
53	22
53	11
53	105
53	109
53	51
53	1
53	82
53	17
53	15
53	33
53	24
53	100
53	16
53	113
53	49
53	54
53	72
53	57
53	55
53	89
53	36
53	23
53	74
53	69
53	101
53	8
53	85
53	70
53	68
53	32
53	65
53	98
53	25
53	76
54	55
54	77
54	35
54	111
54	113
54	79
54	62
54	46
54	72
54	9
54	64
54	92
54	70
54	101
54	69
54	29
54	108
54	40
54	39
54	85
54	56
54	71
54	14
54	86
54	3
54	27
54	65
54	99
54	103
54	19
54	89
54	42
54	2
54	87
55	84
55	29
55	71
55	108
55	110
55	77
55	104
55	79
55	44
55	111
55	76
55	61
55	41
55	53
55	23
55	75
55	17
55	97
55	63
55	78
55	88
55	49
55	54
55	64
55	92
55	40
55	65
55	26
55	9
55	43
55	2
55	72
55	101
55	24
55	99
55	14
55	56
55	87
55	58
55	95
55	25
55	3
55	82
55	112
55	68
55	32
56	72
56	71
56	51
56	57
56	83
56	112
56	22
56	101
56	20
56	14
56	52
56	33
56	65
56	93
56	95
56	86
56	19
56	55
56	29
56	54
56	50
56	18
56	111
56	94
56	4
56	34
56	69
56	75
56	97
56	87
56	62
56	8
56	10
56	67
56	76
56	7
56	58
56	13
56	9
56	27
56	60
56	2
56	61
56	81
56	98
56	70
56	92
56	36
56	113
56	48
56	99
56	64
56	16
56	107
56	104
56	31
56	73
56	44
56	84
56	15
56	102
56	88
56	46
56	109
56	30
56	100
56	17
56	108
56	39
56	82
56	90
56	79
56	91
56	40
56	35
56	3
56	63
56	59
56	45
56	78
56	105
56	89
56	96
56	43
56	23
56	49
56	26
56	42
56	32
56	11
56	68
56	85
56	110
56	6
56	53
56	47
56	5
56	24
56	37
56	103
57	49
57	55
57	108
57	72
57	17
57	97
57	101
57	9
57	14
57	71
57	4
57	75
57	81
57	77
57	44
57	111
57	73
57	30
57	46
57	2
57	19
57	113
57	109
57	95
57	42
57	89
57	38
57	13
57	43
57	61
57	86
57	79
57	82
57	65
57	93
57	21
57	83
57	100
57	58
57	87
57	37
57	48
57	90
57	32
57	50
57	39
57	3
57	112
57	29
57	31
57	78
58	9
58	105
58	104
58	95
58	63
58	76
58	36
58	88
58	75
58	112
58	17
58	101
58	92
58	72
58	53
58	22
58	86
58	14
58	79
58	39
58	33
58	110
58	55
58	83
58	113
58	50
58	65
58	97
58	23
58	29
58	27
58	13
58	60
58	25
58	70
58	73
58	82
58	69
58	30
58	16
58	85
58	71
58	54
58	61
58	5
58	11
58	40
58	43
58	18
58	96
58	102
58	31
58	2
58	93
58	89
58	46
59	97
59	62
59	108
59	81
59	29
59	74
59	105
59	98
59	106
59	26
59	38
59	63
59	72
59	87
59	77
59	75
59	55
59	67
59	28
59	78
59	79
59	109
59	110
59	84
59	113
59	88
59	70
59	17
59	65
59	33
59	69
59	111
59	71
59	23
59	104
59	13
59	92
59	9
59	8
59	44
59	56
59	24
59	52
59	73
59	85
59	60
59	3
59	27
59	64
59	11
59	10
59	100
59	53
59	14
59	48
59	107
59	103
59	94
59	95
59	21
59	86
59	112
59	89
59	22
59	91
59	18
59	31
59	76
59	82
59	90
59	19
59	58
59	2
59	12
60	105
60	72
60	97
60	75
60	33
60	104
60	106
60	29
60	53
60	90
60	87
60	16
60	18
60	54
60	50
60	108
60	88
60	7
60	44
60	83
60	67
60	61
60	65
60	76
60	38
60	10
60	9
60	22
60	36
60	94
60	79
60	11
60	17
60	42
60	2
60	107
60	113
60	55
60	70
60	56
60	96
60	15
60	5
60	32
60	31
60	102
60	91
60	100
60	13
60	109
60	86
60	68
60	92
60	112
60	14
60	46
60	89
60	69
60	101
60	71
60	27
60	26
60	19
60	30
60	52
60	24
60	59
60	8
60	78
60	99
60	80
60	84
60	23
60	4
60	49
60	64
60	34
60	63
60	93
60	103
60	25
60	81
60	45
60	3
60	74
61	111
61	108
61	14
61	95
61	81
61	71
61	72
61	76
61	105
61	29
61	17
61	64
61	75
61	33
61	4
61	48
61	67
61	84
61	87
61	2
61	78
61	25
61	90
61	68
61	57
61	70
61	43
61	109
61	53
61	26
61	15
61	113
61	34
61	49
61	73
61	91
61	3
61	60
61	69
61	101
61	63
61	9
61	112
61	82
61	42
61	56
61	36
61	55
61	1
61	65
61	102
61	85
61	99
61	32
61	86
61	79
61	104
61	107
61	103
61	19
61	89
61	31
61	46
61	51
61	18
61	74
62	65
62	92
62	111
62	97
62	101
62	75
62	23
62	63
62	13
62	72
62	76
62	71
62	22
62	99
62	54
62	78
62	60
62	16
62	93
62	3
62	15
62	90
62	95
62	91
62	48
62	52
62	61
62	50
62	82
62	57
62	56
62	113
62	112
62	58
62	70
62	55
62	8
62	1
62	25
62	100
62	83
62	49
62	33
62	87
62	36
62	4
62	39
62	46
62	67
62	37
62	26
62	105
62	29
62	89
62	104
62	108
63	111
63	97
63	69
63	32
63	112
63	14
63	95
63	53
63	108
63	54
63	72
63	79
63	40
63	9
63	73
63	76
63	104
63	7
63	26
63	48
63	18
63	29
63	103
63	25
64	14
64	13
64	104
64	73
64	83
64	67
64	72
64	88
64	56
64	61
64	7
64	98
64	92
64	2
64	3
64	66
64	10
64	108
64	97
64	102
64	93
64	109
64	33
64	53
64	101
64	81
64	75
64	22
64	31
64	79
64	19
64	47
64	16
64	78
64	99
64	29
64	95
64	23
64	60
64	37
64	89
64	46
64	49
64	65
65	80
65	52
65	49
65	99
65	73
65	51
65	48
65	27
65	39
65	95
65	56
65	2
65	5
65	19
65	10
65	66
65	13
65	101
65	7
65	98
65	14
65	33
65	9
65	53
65	93
65	86
65	72
65	17
65	6
65	79
65	4
65	11
65	82
65	8
65	70
65	92
65	111
65	85
65	62
65	3
65	16
65	104
65	63
65	29
65	76
65	112
65	50
65	83
65	89
65	108
65	113
65	60
65	100
66	55
66	101
66	78
66	29
66	63
66	61
66	16
66	113
66	76
66	44
66	14
66	109
66	57
66	30
66	2
66	90
66	17
66	19
66	75
66	72
66	97
66	93
66	79
66	104
66	71
66	33
66	48
66	82
66	89
66	32
66	64
66	8
66	50
66	112
66	34
66	69
66	108
66	21
66	22
66	4
66	65
66	96
66	83
66	25
66	13
66	105
66	53
66	36
66	11
66	56
66	31
66	3
66	86
66	87
66	102
66	70
66	54
66	52
66	60
66	95
66	84
66	59
66	46
66	100
66	6
67	72
67	90
67	87
67	43
67	26
67	76
67	38
67	105
67	65
67	56
67	50
67	42
67	101
67	98
67	8
67	21
67	78
67	109
67	102
67	69
67	82
67	83
67	80
67	71
68	53
68	22
68	14
68	97
68	3
68	72
68	27
68	87
68	29
68	101
68	57
68	10
68	65
68	2
68	13
68	109
68	91
68	7
68	21
68	17
68	113
68	42
68	34
68	56
68	75
68	67
68	16
68	23
68	69
68	93
68	40
68	95
68	108
68	19
68	50
68	30
68	49
68	33
68	104
68	111
68	89
68	5
68	100
68	52
68	85
69	113
69	63
69	77
69	64
69	111
69	110
69	108
69	72
69	84
69	50
69	56
69	87
69	22
69	42
69	76
69	21
69	107
69	99
69	31
69	102
69	67
69	70
69	3
69	35
69	98
69	89
69	12
69	9
70	64
70	108
70	72
70	112
70	56
70	27
70	83
70	75
70	67
70	17
70	14
70	97
70	52
70	20
70	65
70	101
70	91
70	87
70	74
70	93
70	113
70	58
70	39
70	95
70	33
70	92
70	54
70	16
70	11
70	69
70	2
70	4
70	29
70	89
70	104
70	111
70	68
70	51
70	105
70	85
71	68
71	48
71	95
71	6
71	5
71	2
71	45
71	29
71	54
71	32
71	66
71	56
71	63
71	9
71	7
71	43
71	80
71	13
71	39
71	31
71	51
71	37
71	81
71	60
71	65
71	11
71	3
71	94
71	85
71	72
71	86
71	14
71	82
71	21
71	50
71	102
71	33
71	83
71	105
71	26
71	111
71	101
71	46
71	41
71	110
71	55
71	97
71	16
71	61
71	92
71	44
71	59
72	45
72	43
72	41
72	10
72	106
72	98
72	62
72	92
72	75
72	44
72	56
72	95
72	113
72	29
72	51
72	26
72	28
72	108
72	79
72	109
72	58
72	78
72	111
72	39
72	47
72	27
72	23
72	63
72	4
72	3
72	90
72	42
72	6
72	69
72	77
72	52
72	67
72	105
72	71
72	97
72	18
72	59
72	61
72	110
72	65
72	64
72	20
72	34
72	48
72	55
72	60
72	80
72	53
72	88
72	91
72	100
72	12
72	81
72	104
72	73
72	35
72	86
72	85
72	17
72	68
72	38
72	82
72	32
72	76
72	33
72	21
72	1
72	99
72	112
72	37
72	50
72	107
72	103
72	19
72	83
72	30
72	9
72	2
72	87
72	89
72	25
73	82
73	57
73	113
73	55
73	112
73	90
73	87
73	100
73	72
73	39
73	70
73	9
73	76
73	13
73	3
73	60
73	104
73	108
73	95
73	10
73	83
73	16
73	49
73	61
73	68
73	33
73	93
73	51
73	99
73	92
73	101
73	28
73	102
73	59
73	50
73	4
73	81
73	96
73	11
73	37
73	75
73	111
73	79
73	19
73	38
73	52
73	58
73	65
73	86
73	14
73	25
73	22
73	63
73	97
73	80
73	54
73	106
73	85
73	48
73	30
73	1
73	29
73	36
73	20
73	6
73	18
73	46
74	57
74	40
74	53
74	29
74	72
74	95
74	104
74	4
74	108
74	112
74	31
74	17
74	80
74	56
74	83
74	21
74	8
74	1
74	32
74	65
74	97
74	86
74	24
74	55
74	50
74	22
74	13
74	25
74	7
74	6
74	105
74	3
74	51
74	89
74	96
74	92
74	59
74	9
75	29
75	55
75	35
75	101
75	2
75	110
75	100
75	87
75	83
75	14
75	79
75	93
75	71
75	30
75	105
75	22
75	16
75	72
75	33
75	50
75	24
75	84
75	47
75	104
75	67
75	46
75	108
75	69
75	56
75	48
75	13
75	65
75	95
75	54
75	31
75	39
75	113
75	91
75	40
75	61
75	4
75	76
75	8
75	28
75	86
75	98
75	1
75	112
75	19
75	81
75	3
76	72
76	43
76	3
76	47
76	39
76	59
76	108
76	30
76	12
76	55
76	45
76	89
76	29
76	50
76	112
76	105
76	13
76	44
76	33
76	95
76	110
76	25
76	84
76	64
76	48
76	62
76	24
76	65
76	97
76	111
76	102
77	97
77	72
77	79
77	55
77	101
77	56
77	47
77	50
77	87
77	108
77	78
77	61
77	3
77	88
77	14
77	41
77	105
77	44
77	106
77	104
77	38
77	91
77	109
77	10
77	13
77	4
77	60
77	95
77	69
77	75
77	34
77	71
77	5
77	59
77	98
77	42
77	85
77	33
77	36
77	102
77	2
77	16
77	11
77	51
77	29
77	112
77	17
77	9
77	103
77	19
77	99
77	92
77	76
77	84
77	89
77	48
77	81
77	65
78	4
78	98
78	106
78	6
78	38
78	56
78	84
78	41
78	39
78	3
78	28
78	63
78	10
78	92
78	108
78	72
78	111
78	75
78	62
78	109
78	99
78	79
78	67
78	105
78	40
78	16
78	29
78	21
78	52
78	61
79	39
79	70
79	104
79	31
79	3
79	86
79	110
79	65
79	87
79	2
79	15
79	56
79	52
79	29
79	4
79	72
79	108
79	113
79	42
79	55
79	92
79	62
79	98
79	101
79	14
79	17
79	97
79	22
79	37
79	83
79	100
79	102
79	82
79	85
79	9
79	99
79	53
79	5
79	1
80	14
80	97
80	83
80	49
80	29
80	65
80	30
80	17
80	75
80	72
80	101
80	81
80	90
80	102
80	111
80	10
80	88
80	2
80	50
80	16
80	108
80	89
80	58
80	33
80	91
80	78
80	53
80	86
80	37
80	36
80	109
80	57
80	1
80	61
80	79
80	64
80	54
80	47
80	48
80	87
80	74
80	4
80	41
80	24
80	112
80	55
80	106
80	51
80	26
80	85
80	70
80	52
80	13
80	22
80	113
80	99
80	31
80	19
80	11
80	105
80	7
80	44
80	103
80	39
80	38
80	25
80	104
80	68
80	46
80	18
80	95
80	6
80	60
80	76
80	42
80	100
80	21
80	69
80	77
81	56
81	98
81	94
81	79
81	72
81	14
81	112
81	17
81	61
81	3
81	69
81	42
81	75
81	31
81	108
81	50
81	49
81	105
81	4
81	48
81	13
81	36
81	113
81	73
81	35
81	99
81	10
81	102
81	86
81	43
81	22
81	52
81	97
81	8
81	29
81	89
81	68
81	103
81	74
81	19
81	27
81	25
81	65
81	100
82	49
82	4
82	39
82	9
82	52
82	3
82	13
82	95
82	5
82	28
82	76
82	29
82	108
82	37
82	10
82	59
82	72
82	23
82	79
82	92
82	109
82	104
82	48
82	50
82	98
82	17
82	27
82	112
82	60
82	41
82	93
82	63
82	111
82	113
82	70
82	69
82	99
82	24
82	65
82	68
82	102
82	36
82	45
82	110
82	83
82	56
82	34
82	20
82	19
82	89
82	22
82	71
82	55
83	29
83	3
83	108
83	48
83	95
83	56
83	41
83	22
83	55
83	2
83	19
83	25
83	101
83	97
83	96
83	88
83	78
83	54
83	111
83	72
83	14
83	26
83	33
83	53
83	50
83	113
83	40
83	87
83	63
83	102
83	37
83	82
83	34
83	15
83	60
83	70
83	71
83	24
83	38
83	90
83	89
83	76
83	11
83	65
83	9
83	99
83	42
83	44
83	79
83	94
83	62
83	49
83	8
83	61
83	75
83	58
83	69
83	107
83	23
83	51
83	104
83	30
83	85
83	21
83	7
83	12
83	73
83	77
83	57
83	109
83	28
83	92
83	32
83	27
83	86
84	87
84	55
84	72
84	71
84	59
84	73
84	9
84	102
84	105
84	101
84	14
84	83
84	13
84	17
84	35
84	40
84	53
84	39
84	45
84	77
84	108
84	61
84	78
84	93
84	16
84	29
84	19
84	95
84	113
84	75
84	3
84	109
84	86
84	43
84	34
84	69
84	63
84	98
84	21
84	33
84	92
84	48
84	58
84	51
84	57
84	56
84	22
84	76
84	68
84	104
84	38
84	110
84	89
84	2
84	82
84	60
84	74
84	50
84	100
84	111
84	46
84	70
84	12
84	42
84	30
84	49
84	4
85	51
85	79
85	97
85	56
85	11
85	48
85	101
85	47
85	95
85	29
85	105
85	87
85	86
85	14
85	76
85	36
85	50
85	9
85	16
85	2
85	53
85	37
85	109
85	61
85	30
85	33
85	102
85	108
85	13
85	113
85	22
85	69
85	77
85	4
85	55
85	104
85	81
85	72
85	57
85	96
85	6
85	91
85	70
85	65
86	82
86	95
86	101
86	3
86	48
86	42
86	97
86	108
86	67
86	76
86	39
86	56
86	45
86	90
86	55
86	33
86	109
86	85
86	65
86	46
86	60
86	11
86	29
86	104
86	14
86	113
86	69
86	21
86	22
86	12
86	71
86	7
86	50
86	52
86	1
86	8
86	111
86	92
86	83
86	72
86	41
86	59
86	37
86	87
86	2
87	41
87	84
87	10
87	38
87	64
87	28
87	80
87	43
87	78
87	72
87	8
87	79
87	77
87	93
87	25
87	3
87	23
87	33
87	90
87	104
87	16
87	108
87	44
87	13
87	99
87	49
87	65
87	106
87	27
87	24
87	56
87	83
87	75
87	2
87	14
87	74
87	69
87	59
87	76
88	15
88	105
88	92
88	83
88	108
88	61
88	10
88	56
88	75
88	62
88	17
88	104
88	57
88	3
88	76
88	30
88	87
88	86
88	55
88	97
88	13
88	42
88	31
88	27
88	102
88	4
88	16
88	74
88	70
88	69
88	29
88	65
88	54
88	9
88	79
88	53
88	81
88	94
88	107
88	109
88	78
88	72
88	84
88	22
89	35
89	93
89	52
89	3
89	107
89	14
89	33
89	39
89	92
89	16
89	75
89	72
89	106
89	108
89	22
89	112
89	101
89	83
89	42
89	62
89	65
89	87
89	48
89	111
89	76
89	86
89	110
89	30
89	98
89	23
89	2
89	53
89	113
89	4
89	69
89	29
89	13
89	100
89	34
89	64
89	56
89	82
89	104
89	8
89	61
89	49
89	96
89	55
89	1
89	50
89	31
89	46
89	45
89	74
90	71
90	76
90	97
90	17
90	13
90	43
90	2
90	75
90	69
90	101
90	52
90	61
90	100
90	73
90	48
90	72
90	33
90	112
90	91
90	29
90	50
90	16
90	22
90	74
90	83
90	65
90	56
90	57
90	24
90	34
90	6
90	95
90	37
90	113
90	14
90	66
90	40
90	78
90	104
90	31
90	93
90	30
90	60
90	58
90	89
90	86
90	105
90	5
90	103
90	49
90	55
91	31
91	65
91	53
91	111
91	87
91	78
91	16
91	33
91	64
91	14
91	48
91	92
91	50
91	104
91	21
91	54
91	3
91	73
91	113
91	17
91	29
91	101
91	15
91	13
91	40
91	72
91	69
91	60
91	4
91	112
91	83
91	75
91	97
91	55
91	63
91	74
91	98
91	11
91	5
91	46
91	61
91	89
91	110
91	57
91	42
91	108
91	66
91	67
91	18
91	70
91	79
91	105
91	82
91	96
92	19
92	9
92	71
92	55
92	68
92	82
92	24
92	35
92	13
92	4
92	111
92	49
92	26
92	29
92	75
92	104
92	65
92	83
92	43
92	79
92	56
92	73
92	16
92	48
92	99
92	67
92	52
92	109
92	31
92	34
92	108
92	37
92	90
92	61
92	33
92	22
92	2
92	70
92	76
92	64
92	1
92	69
92	96
92	85
92	112
92	25
92	72
92	95
92	84
92	94
93	95
93	29
93	108
93	56
93	72
93	25
93	42
93	40
93	65
93	21
93	99
93	20
93	101
93	37
93	6
93	34
93	63
93	75
93	15
93	48
93	3
93	82
93	92
93	78
93	76
93	49
93	9
93	66
93	96
93	69
93	60
93	55
93	8
93	87
93	70
93	89
93	31
93	102
93	106
93	104
93	38
93	59
94	22
94	72
94	112
94	104
94	29
94	48
94	82
94	69
94	53
94	36
94	86
94	38
94	101
94	108
94	97
94	15
94	3
94	33
94	109
94	13
94	43
94	24
94	68
94	99
94	2
94	18
94	83
94	16
94	113
94	50
94	5
94	58
94	54
94	30
94	75
94	79
94	62
94	12
94	103
94	21
94	76
94	89
94	14
94	52
94	26
94	49
94	31
95	112
95	34
95	32
95	90
95	11
95	9
95	37
95	29
95	86
95	104
95	60
95	97
95	33
95	101
95	31
95	57
95	14
95	73
95	65
95	53
95	83
95	105
95	50
95	19
95	113
95	72
95	87
95	13
95	7
95	94
95	16
95	36
95	88
95	5
95	10
95	22
95	44
95	110
95	55
95	81
95	54
95	75
95	61
95	92
95	48
95	18
95	15
95	63
95	47
95	108
95	30
95	109
95	38
95	106
95	26
95	89
95	58
95	41
95	91
95	79
95	102
95	67
95	51
95	74
95	98
95	25
95	77
95	111
95	8
95	4
95	42
95	82
95	21
95	69
95	2
95	103
95	96
95	76
95	46
95	24
95	40
96	101
96	50
96	72
96	34
96	105
96	74
96	17
96	48
96	2
96	38
96	71
96	86
96	104
96	79
96	69
96	87
96	97
96	21
96	78
96	85
96	13
96	41
96	36
96	39
96	99
96	75
96	90
96	23
96	32
96	76
96	67
96	77
96	89
96	95
96	55
96	56
96	16
96	111
96	19
96	3
97	105
97	89
97	108
97	65
97	22
97	61
97	55
97	72
97	14
97	70
97	31
97	86
97	29
97	112
97	3
97	104
97	95
97	85
97	13
97	113
97	101
97	8
97	83
97	45
97	79
97	88
97	30
97	2
97	100
97	15
97	46
97	36
97	110
97	12
97	94
97	16
97	37
97	56
97	54
97	93
97	51
97	5
97	87
97	4
97	69
97	35
97	7
97	96
97	50
97	21
97	92
97	109
97	33
97	53
97	68
97	6
97	111
97	42
97	91
97	64
97	107
97	25
97	9
97	24
97	82
97	74
97	20
97	19
97	11
97	76
97	49
97	59
97	57
97	52
97	71
97	99
97	43
97	23
97	48
97	62
97	60
97	34
97	10
97	18
97	44
97	67
97	40
97	98
97	102
97	32
97	28
97	63
97	103
97	84
98	59
98	39
98	3
98	19
98	108
98	56
98	76
98	111
98	17
98	75
98	14
98	21
98	65
98	42
98	29
98	37
98	48
98	87
98	83
98	8
98	11
98	52
98	109
98	67
98	91
98	79
98	92
98	71
98	10
98	84
98	61
98	33
98	63
98	50
98	112
98	72
98	16
98	46
98	101
98	93
98	53
98	55
98	57
98	103
98	95
98	6
98	105
98	62
98	12
98	54
99	72
99	53
99	65
99	45
99	48
99	51
99	106
99	108
99	39
99	52
99	95
99	113
99	23
99	38
99	28
99	44
99	21
99	67
99	79
99	54
99	59
99	11
99	49
99	84
100	53
100	3
100	1
100	70
100	97
100	6
100	29
100	69
100	95
100	56
100	37
100	108
100	93
100	8
100	25
100	48
100	58
100	102
100	71
100	26
100	11
100	87
100	54
100	101
100	32
100	34
100	21
100	65
100	104
100	111
100	9
100	99
100	72
100	92
100	67
100	62
100	13
100	5
100	74
100	55
100	4
100	12
100	82
100	89
101	8
101	82
101	108
101	72
101	92
101	65
101	94
101	25
101	33
101	102
101	40
101	9
101	95
101	42
101	13
101	49
101	64
101	11
101	26
101	19
101	48
101	55
101	63
101	16
101	1
101	50
101	29
101	70
101	111
101	22
101	105
101	4
101	53
101	3
101	67
101	69
101	20
101	52
101	75
101	56
101	87
101	99
101	78
101	60
101	113
101	21
101	34
101	76
101	41
101	61
101	39
101	43
101	85
101	37
101	54
101	23
101	104
101	38
101	24
101	14
101	71
102	53
102	20
102	48
102	78
102	25
102	9
102	66
102	28
102	108
102	13
102	29
102	6
102	10
102	19
102	55
102	109
102	89
102	14
102	42
102	3
102	57
102	80
102	97
103	112
103	89
103	92
103	99
103	29
103	37
103	16
103	54
103	95
103	31
103	55
103	57
103	61
103	110
103	33
103	11
103	104
103	14
103	86
103	78
103	7
103	111
103	63
103	13
103	32
103	70
103	8
103	72
103	19
103	105
103	40
103	2
103	26
103	9
103	113
103	50
103	84
103	15
103	108
103	87
103	75
103	76
103	46
103	68
103	44
103	101
103	77
103	3
103	69
103	21
103	83
103	109
103	10
104	41
104	111
104	55
104	80
104	95
104	73
104	72
104	19
104	48
104	2
104	106
104	49
104	101
104	113
104	82
104	28
104	46
104	75
104	102
104	97
104	30
104	4
104	21
104	64
104	45
104	76
104	26
104	92
104	93
104	78
104	22
104	100
104	3
104	65
104	23
104	99
104	43
104	83
104	14
104	1
104	86
104	9
104	32
104	50
104	60
104	5
104	51
104	77
104	105
104	87
104	10
104	39
104	44
104	110
104	17
104	108
104	56
104	96
104	8
104	71
104	25
104	24
104	85
104	11
104	90
104	89
104	61
104	40
104	33
104	69
104	27
104	94
105	4
105	104
105	50
105	42
105	29
105	13
105	108
105	75
105	112
105	83
105	101
105	22
105	33
105	14
105	57
105	65
105	55
105	72
105	61
105	15
105	12
105	111
105	30
105	79
105	99
105	3
105	23
105	71
105	31
105	48
105	110
105	113
105	97
105	67
105	5
105	21
105	63
105	43
105	109
105	16
105	58
105	51
105	9
105	86
105	76
105	56
105	52
105	53
105	93
105	25
105	37
105	73
105	54
105	100
105	60
105	78
105	87
105	85
105	94
105	77
105	98
105	70
105	59
105	95
105	46
105	2
105	36
105	34
105	69
105	82
105	18
105	35
105	103
105	40
105	92
105	27
105	24
105	74
106	39
106	75
106	72
106	95
106	33
106	8
106	41
106	32
106	37
106	13
106	42
106	100
106	69
106	93
106	17
106	111
106	104
106	55
106	108
106	67
106	58
106	102
106	52
106	70
106	53
106	29
106	54
106	57
106	66
106	113
106	89
106	50
106	9
106	79
106	10
106	92
106	109
106	25
106	14
106	112
106	59
106	48
106	74
106	24
106	78
106	101
106	6
106	86
106	21
106	83
106	19
106	51
106	1
106	103
106	87
106	26
106	11
106	16
106	34
106	65
106	3
106	97
106	46
106	40
106	12
106	105
107	94
107	53
107	97
107	112
107	46
107	63
107	16
107	29
107	38
107	56
107	80
107	13
107	34
107	72
107	17
107	75
107	35
107	55
107	48
107	74
107	83
107	101
107	14
107	51
107	19
107	113
107	33
107	102
107	71
107	58
107	25
107	4
107	39
107	85
107	9
107	23
107	82
107	57
107	43
107	61
107	87
107	27
107	93
107	108
107	32
107	76
107	22
107	99
107	15
107	78
107	50
107	59
107	2
107	92
107	111
107	41
107	105
107	3
108	13
108	87
108	101
108	70
108	83
108	92
108	97
108	84
108	55
108	29
108	24
108	61
108	10
108	110
108	112
108	72
108	78
108	77
108	105
108	98
108	95
108	104
108	65
108	82
108	59
108	50
108	67
108	16
108	15
108	63
108	75
108	2
108	22
108	88
108	79
108	76
108	56
108	46
108	44
108	28
108	27
108	17
108	106
108	58
108	57
108	102
108	62
108	30
108	96
108	54
108	71
108	111
108	39
108	60
108	36
108	9
108	31
108	94
108	14
108	107
108	7
108	53
108	35
108	3
108	69
108	42
108	33
108	64
108	81
108	4
108	66
108	86
108	93
108	5
108	19
108	26
108	43
108	113
108	49
108	11
108	109
108	48
108	99
108	73
108	100
108	91
108	90
108	18
108	89
108	74
108	20
108	40
108	12
108	45
108	25
108	52
108	23
108	47
108	85
108	103
108	80
108	8
108	41
108	37
108	21
109	15
109	1
109	12
109	69
109	82
109	72
109	101
109	112
109	45
109	48
109	20
109	56
109	19
109	83
109	13
109	14
109	33
109	53
109	65
109	86
109	91
109	75
109	66
109	98
109	108
109	55
109	29
109	8
109	96
109	111
109	89
109	113
109	87
109	49
109	104
109	100
109	61
109	6
109	39
109	16
109	77
109	50
109	40
109	38
109	4
109	110
109	105
109	95
109	3
109	37
109	30
109	97
109	62
109	85
109	76
109	57
109	51
109	84
109	64
109	24
109	70
109	102
109	42
109	17
109	52
109	59
109	106
109	22
109	21
109	35
109	2
109	54
109	88
109	11
109	92
109	73
109	67
110	82
110	102
110	59
110	83
110	111
110	7
110	97
110	79
110	53
110	95
110	101
110	75
110	13
110	31
110	62
110	3
110	72
110	25
110	57
110	50
110	71
110	70
110	108
110	12
110	35
110	78
110	93
110	17
110	9
110	14
110	112
110	33
110	113
110	40
110	45
110	15
110	91
110	84
110	29
110	109
110	27
110	55
110	104
110	65
110	32
110	96
110	85
110	22
110	86
110	99
110	69
110	46
110	77
110	88
110	74
110	5
110	39
110	87
110	103
110	19
110	43
110	76
111	23
111	62
111	55
111	1
111	72
111	113
111	101
111	53
111	29
111	83
111	84
111	95
111	104
111	112
111	106
111	67
111	108
111	65
111	33
111	61
111	15
111	48
111	100
111	75
111	81
111	10
111	90
111	17
111	76
111	97
111	77
111	78
111	82
111	87
111	27
111	59
111	92
111	64
111	99
111	36
111	63
111	9
111	71
111	93
111	69
111	50
111	31
111	39
111	58
111	13
111	8
111	107
111	52
111	22
111	56
111	2
111	88
111	30
111	20
111	7
111	96
111	91
111	89
111	57
111	3
111	42
111	14
111	43
111	35
111	49
111	86
111	74
111	6
111	46
111	102
111	105
111	12
111	16
111	68
111	11
111	60
111	70
111	79
111	85
111	21
111	40
111	4
111	26
111	109
111	54
111	38
111	5
111	44
111	45
111	28
111	73
111	103
111	32
111	110
111	24
111	18
111	94
111	34
111	25
112	10
112	40
112	32
112	31
112	72
112	6
112	14
112	20
112	70
112	24
112	111
112	93
112	55
112	18
112	33
112	29
112	56
112	104
112	23
112	69
112	42
112	76
112	108
112	65
112	63
112	96
112	13
112	102
112	99
112	94
112	19
112	101
112	22
112	98
112	47
112	87
112	67
112	60
112	91
112	48
112	25
112	113
112	26
112	4
112	11
112	97
112	84
112	82
112	64
112	81
112	34
112	9
112	83
112	50
112	62
112	85
112	49
112	45
112	3
112	92
112	7
112	53
112	95
112	103
112	89
112	37
112	110
112	78
112	21
113	3
113	35
113	86
113	64
113	83
113	101
113	45
113	69
113	42
113	72
113	108
113	39
113	6
113	77
113	109
113	29
113	25
113	92
113	48
113	85
113	105
113	78
113	79
113	87
113	65
113	59
113	76
113	34
113	1
113	55
113	33
113	63
113	11
113	94
113	49
113	112
113	13
113	104
113	73
113	56
113	107
113	84
113	4
113	8
113	37
113	24
113	14
113	21
113	52
